generation,fitness_run_1,diversity_run_1,fitness_run_2,diversity_run_2,fitness_run_3,diversity_run_3,fitness_run_4,diversity_run_4,fitness_run_5,diversity_run_5,fitness_average,diversity_average
1,4055.0828752031853,92.42784810126582,4144.751815789607,92.60348101265822,4136.770221965853,92.3386075949367,4215.767439773564,93.51202531645569,4118.351409085216,90.35379746835443,4134.144752363484,92.24715189873416
2,4022.215106129261,85.81518987341772,4139.973737078696,89.01107594936708,4018.8614417489616,79.83987341772152,4039.4187309202725,89.95221518987341,4065.5273553804723,84.10791139240506,4057.199274251533,85.74525316455697
3,4004.7767761532145,71.21645569620253,4043.6486073441406,86.85379746835443,3799.1853263262356,76.198417721519,4039.4187309202725,80.94873417721519,3953.0685574864524,79.65189873417721,3968.019599646063,78.97386075949368
4,3995.6922501347804,49.7376582278481,3990.4197326840963,83.32056962025317,3694.61423662676,66.76012658227847,3949.658059972726,64.56898734177216,3900.216296421764,66.3626582278481,3906.120115168025,66.15
5,3930.734395785354,47.84905063291139,3969.6717415706516,75.4246835443038,3635.4684549667163,56.01107594936709,3914.078215237416,62.9126582278481,3715.9507811049843,58.7746835443038,3833.1807177330243,60.194430379746834
6,3905.803359462105,37.71392405063291,3917.9050628907044,69.17943037974683,3635.4684549667163,44.6126582278481,3822.486823043875,62.901898734177216,3541.286398668064,48.56867088607595,3764.5900198062927,52.59531645569621
7,3862.669776185669,34.69430379746836,3917.9050628907044,67.29082278481013,3635.4684549667163,42.370253164556964,3793.416865968119,57.53101265822785,3531.8925935584866,43.99778481012658,3748.2705507139385,49.17683544303797
8,3746.434981027072,40.78607594936709,3917.9050628907044,51.13132911392405,3595.8325430184173,35.61360759493671,3674.6615519656953,48.960759493670885,3531.8925935584866,40.925632911392405,3693.345346492075,43.48348101265823
9,3727.662395529274,31.55632911392405,3907.0816724090646,40.08227848101266,3519.7655237080344,38.12563291139241,3670.1500134485686,39.05601265822785,3509.1677286754325,34.302215189873415,3666.7654667540746,36.624493670886075
10,3677.7642336288595,34.13575949367089,3907.0816724090646,48.73006329113924,3512.535597784596,39.88860759493671,3638.2998133441124,43.120253164556964,3394.8972831668248,30.000316455696204,3626.1157200666917,39.175
11,3676.400301233342,40.88386075949367,3831.075726714266,46.00759493670886,3462.7508794262253,48.6746835443038,3595.1834362759855,47.02594936708861,3324.9523925014555,28.26645569620253,3578.0725472302547,42.171708860759495
12,3565.1843100956044,42.16645569620253,3808.980754589564,43.60443037974684,3460.5059605228225,38.279113924050634,3522.927267566786,44.60221518987342,3322.511381522593,31.269303797468353,3536.0219348594737,39.98430379746835
13,3564.497719726632,51.24240506329114,3753.798915961442,47.11139240506329,3404.0002330481707,40.125,3522.927267566786,42.857278481012656,3314.298330196514,35.17120253164557,3511.9044932999086,43.30145569620253
14,3549.127243847863,41.5873417721519,3719.98214700456,39.425,3356.7941063804556,37.32689873417721,3509.4960035789054,39.73639240506329,3298.792082855466,35.60348101265823,3486.8383167334505,38.735822784810125
15,3479.4297034196484,42.53227848101266,3691.600010730925,40.95126582278481,3325.9659339202494,38.71993670886076,3507.5697237955146,41.55253164556962,3288.430486765338,29.404430379746834,3458.599171726335,38.63208860759494
16,3364.405672934956,51.68037974683544,3660.8708449169985,42.44430379746836,3304.119168003382,38.65253164556962,3507.5697237955146,39.69746835443038,3244.288930812803,32.243987341772154,3416.2508680927313,40.943734177215184
17,3364.405672934956,50.05443037974683,3637.352069002688,40.19556962025317,3283.363699031213,39.277848101265825,3507.5697237955146,32.91613924050633,3220.8421207424526,31.546835443037974,3402.706657101365,38.79816455696202
18,3351.7915068498114,39.78639240506329,3617.1092798868017,43.35,3282.1752019357414,32.812658227848104,3496.196580274478,28.12594936708861,3212.7302452451895,31.876898734177214,3392.0005628384038,35.19037974683544
19,3345.893555774766,39.53164556962025,3592.8941943195205,38.332911392405066,3252.6040661050524,35.790506329113924,3482.9018057089133,36.52025316455696,3202.267889924099,29.66898734177215,3375.3123023664702,35.968860759493666
20,3345.893555774766,31.264556962025317,3553.591930277724,38.426898734177215,3252.6040661050524,37.61455696202532,3482.9018057089133,39.83227848101266,3202.267889924099,33.16740506329114,3367.4518495581115,36.06113924050633
21,3276.7211521709814,34.84493670886076,3533.551607592661,28.37594936708861,3252.6040661050524,31.115506329113924,3417.254386485258,39.90917721518987,3200.7492927521125,34.56962025316456,3336.1761010212126,33.76303797468354
22,3247.275660739181,32.144620253164554,3517.8692534539528,32.9623417721519,3245.437772861615,31.600949367088607,3414.161689397837,31.441139240506327,3163.1649277898327,37.5753164556962,3317.5818608484833,33.14487341772151
23,3204.2537853576773,39.619620253164555,3492.7561905172433,38.11740506329114,3236.824558254828,33.55284810126582,3412.4838899864826,32.63892405063291,3150.766011936023,35.108544303797466,3299.4168872104506,35.80746835443038
24,3167.2655607540896,37.83259493670886,3450.4041192202826,33.73892405063291,3236.824558254828,35.68322784810127,3366.9533245152425,24.77151898734177,3150.0328607012593,29.521835443037975,3274.29608468914,32.30962025316456
25,3167.2655607540896,37.63132911392405,3426.128889063477,33.015506329113926,3233.14534583218,36.44240506329114,3343.1858291351355,30.574367088607595,3150.0328607012593,33.32879746835443,3263.951697097228,34.198481012658235
26,3167.2655607540896,29.221835443037975,3414.9896653294236,30.305696202531646,3208.162735016694,28.98892405063291,3317.7828763453244,36.00632911392405,3150.0328607012593,28.166772151898734,3251.6467396293583,30.537911392405068
27,3167.2655607540896,37.502848101265826,3394.7613489908945,41.14620253164557,3183.5564394779285,28.076582278481013,3317.000722997859,39.30822784810127,3148.4298414260957,27.63607594936709,3242.2027827293737,34.733987341772156
28,3154.469286546164,35.109177215189874,3359.4877376576355,40.74810126582278,3115.9027825539883,32.01455696202532,3311.9500025944435,37.85,3147.696690191332,29.563291139240505,3217.9012999087126,35.05702531645569
29,3146.7625309242217,31.15506329113924,3304.2879635119284,46.19145569620253,3107.2895679472017,35.537974683544306,3296.627262996786,33.94177215189873,3114.099374286965,23.495253164556964,3193.8133399334206,34.064303797468355
30,3146.66694117327,27.58386075949367,3268.1340940355876,46.41898734177215,3103.2022895546747,32.735759493670884,3289.899932201427,29.409177215189874,3105.9181516211806,31.305696202531646,3182.764281717228,33.490696202531645
31,3129.2651113427087,28.575949367088608,3251.821034872394,43.72943037974684,3077.4467804436995,35.607594936708864,3278.7701356272373,27.56772151898734,3105.9181516211806,25.54873417721519,3168.644242781444,32.205886075949365
32,3112.481977694754,31.005379746835445,3239.4128956930476,38.539240506329115,3058.348734640217,31.388924050632912,3277.795901293589,26.957911392405062,3105.9181516211806,26.822151898734177,3158.7915321885575,30.942721518987344
33,3096.025649322361,25.275949367088607,3239.4128956930476,34.53544303797468,3053.2153170828665,34.17246835443038,3258.7827510803863,33.892405063291136,3079.6134429711938,24.074367088607595,3145.410011229971,30.39012658227848
34,3096.025649322361,22.145886075949367,3231.4572807062286,30.574367088607595,3028.4722987026234,34.892088607594935,3258.7827510803863,26.169303797468356,3054.554356191093,36.60221518987342,3133.858467200538,30.076772151898734
35,3085.6260896921467,24.063924050632913,3231.4572807062286,24.46708860759494,3014.287352768665,27.13860759493671,3254.956465481773,27.562974683544304,3047.065403369312,33.52151898734177,3126.6785184036253,27.350822784810127
36,3085.6260896921467,36.484493670886074,3231.4572807062286,27.406645569620252,3014.287352768665,30.078481012658226,3191.7990156265123,30.518987341772153,3047.065403369312,33.314240506329114,3114.047028432573,31.56056962025316
37,3085.6260896921467,23.895253164556962,3226.143967014191,31.825316455696203,3013.6090178545433,30.14873417721519,3176.130231407439,33.66139240506329,3047.065403369312,30.296835443037974,3109.7149418675262,29.965506329113918
38,3066.169392227941,27.200632911392404,3225.265543260022,32.53575949367089,3003.1684456262797,33.55379746835443,3176.130231407439,32.2003164556962,3043.598194562679,32.575632911392404,3102.866361416872,31.613227848101264
39,3040.689928736908,21.335443037974684,3225.112654820488,36.14841772151899,2990.5561847620597,26.64651898734177,3175.535731833519,29.545886075949365,3043.598194562679,33.34208860759494,3095.0985389431307,29.40367088607595
40,3002.017690345612,33.17056962025316,3212.6140646771723,31.84525316455696,2989.22360530559,32.620886075949365,3175.535731833519,32.52594936708861,3043.598194562679,33.51139240506329,3084.5978573449147,32.734810126582275
41,3001.8787478817076,40.391455696202534,3199.1256560033858,20.727848101265824,2976.61134444137,28.293354430379747,3175.535731833519,33.73101265822785,3036.823944914055,26.29367088607595,3077.9950850148075,29.887468354430382
42,3001.8787478817076,37.29240506329114,3192.2280637281124,21.828481012658226,2974.354757087371,26.11487341772152,3175.535731833519,28.23386075949367,3035.56149758072,32.36518987341772,3075.911759622286,29.166962025316458
43,3001.8787478817076,25.968987341772152,3189.9882951879076,33.56392405063291,2938.636996365944,27.76107594936709,3172.733575088695,29.626898734177214,3031.438592738446,37.71360759493671,3066.9352414525397,30.926898734177218
44,3001.8787478817076,26.31740506329114,3189.0893475122825,33.87848101265823,2938.636996365944,22.457594936708862,3113.333564012356,31.98892405063291,3031.438592738446,38.33006329113924,3054.8754497021473,30.594493670886074
45,3001.8787478817076,23.513291139240508,3189.0893475122825,41.25981012658228,2938.636996365944,22.958227848101266,3112.954615515385,32.28164556962025,3031.438592738446,36.87879746835443,3054.799660002753,31.37835443037975
46,2985.491150347392,33.87626582278481,3174.905234169588,31.032278481012657,2938.636996365944,20.309810126582278,3112.8630198063256,35.44462025316456,3031.438592738446,24.687025316455696,3048.666998685539,29.07
47,2973.27398946041,36.63607594936709,3174.905234169588,33.563607594936705,2938.636996365944,21.19493670886076,3111.6597638971443,31.448417721518986,3014.515900759242,21.81360759493671,3042.5983769304657,28.93132911392405
48,2961.5848675001876,36.7246835443038,3174.905234169588,32.59905063291139,2938.636996365944,20.183860759493673,3100.4370965795742,35.62594936708861,3014.515900759242,28.948101265822785,3038.016019074907,30.816329113924052
49,2961.5848675001876,37.550316455696205,3171.305855524361,32.800316455696205,2938.026971667127,26.166772151898734,3098.3891464871913,31.148101265822785,3003.6354920826575,27.89240506329114,3034.5884666523048,31.111582278481013
50,2942.8518492278167,33.10474683544304,3087.8257014054707,34.88639240506329,2938.026971667127,16.54493670886076,3089.1410268341588,26.047151898734178,2978.7257479762466,32.105379746835446,3007.3142594221636,28.537721518987343
51,2942.8518492278167,28.26867088607595,3087.8257014054707,41.19715189873418,2938.026971667127,19.310443037974682,3089.0494311250995,32.687658227848104,2978.7257479762466,30.149050632911393,3007.2959402803517,30.32259493670886
52,2942.8518492278167,29.835759493670885,3059.9569669901366,32.303481012658224,2938.026971667127,23.639240506329113,3073.3768977641257,33.507278481012655,2978.7257479762466,29.860759493670887,2998.587686725091,29.82930379746835
53,2935.46536267956,27.323417721518986,3035.8963103156684,30.24905063291139,2938.026971667127,30.328481012658226,3069.452310789022,27.967721518987343,2978.7257479762466,26.55221518987342,2991.513340685525,28.484177215189874
54,2932.4904697013762,30.835443037974684,3035.8963103156684,38.34018987341772,2897.1671661435626,26.01360759493671,3069.452310789022,31.60886075949367,2978.7257479762466,34.57721518987342,2982.746400985175,32.27506329113923
55,2932.4904697013762,27.474050632911393,3035.8963103156684,35.29493670886076,2896.153456046996,32.709177215189875,3048.151149081578,28.770569620253166,2971.311512163864,30.258860759493672,2976.800579461896,30.901518987341774
56,2932.4904697013762,28.154430379746834,3035.8963103156684,36.68037974683544,2862.475332572293,34.17151898734177,3028.5540287455,28.605063291139242,2965.8518861301955,32.733544303797466,2965.0536054930067,32.06898734177215
57,2911.8730764539705,22.38259493670886,3025.0063378277546,37.11329113924051,2862.475332572293,39.810443037974686,3028.5540287455,27.420886075949365,2948.1010709793127,32.016772151898735,2955.2019693157663,31.74879746835443
58,2882.633346811886,27.22373417721519,3025.0063378277546,32.84050632911392,2841.310421792802,28.2,3028.5540287455,29.46392405063291,2944.610522289511,34.35316455696203,2944.422931493491,30.416265822784812
59,2881.2312048888884,28.444620253164558,3025.0063378277546,36.425,2841.2900156169326,31.47721518987342,3026.9060458305826,27.350316455696202,2944.610522289511,23.629113924050632,2943.8088252907337,29.465253164556962
60,2881.2312048888884,27.637974683544304,3025.0063378277546,31.72879746835443,2841.2900156169326,31.372151898734177,3024.926876113215,21.794303797468356,2943.1530027069766,29.482911392405065,2943.1214874307534,28.403227848101267
61,2881.2312048888884,33.48132911392405,3025.0063378277546,35.8996835443038,2841.2900156169326,30.881962025316454,3018.020199761296,26.595886075949366,2943.1530027069766,35.80443037974683,2941.7401521603697,32.5326582278481
62,2881.2312048888884,24.08386075949367,3025.0063378277546,30.840822784810126,2841.2900156169326,34.86455696202532,3016.3722168463796,29.635443037974685,2943.1530027069766,35.38955696202532,2941.4105555773863,30.962848101265827
63,2876.5338253463474,28.46518987341772,3025.0063378277546,28.193354430379745,2841.2900156169326,38.654113924050634,3012.738802280454,30.425949367088606,2943.1530027069766,27.658227848101266,2939.744396755693,30.6793670886076
64,2876.5338253463474,33.49208860759494,3025.0063378277546,29.075632911392404,2824.566808514338,37.2996835443038,3004.1841430136187,34.82689873417721,2943.1530027069766,30.744620253164555,2934.6888234818075,33.08778481012658
65,2876.5338253463474,35.92310126582279,3015.047204100005,20.243354430379746,2771.760960709572,41.81582278481012,3004.1841430136187,42.29810126582279,2943.1530027069766,24.872151898734177,2922.1358271753043,33.030506329113926
66,2876.5338253463474,27.83607594936709,3015.047204100005,26.20632911392405,2771.760960709572,38.085126582278484,3004.1841430136187,36.325632911392404,2939.62593862403,25.35379746835443,2921.430414358715,30.761392405063294
67,2876.5338253463474,31.92753164556962,3015.047204100005,19.63607594936709,2771.760960709572,31.14746835443038,3004.1841430136187,25.065506329113923,2939.62593862403,30.279430379746834,2921.430414358715,27.611202531645567
68,2876.5338253463474,32.03481012658228,3015.047204100005,32.05569620253164,2771.760960709572,28.734177215189874,3004.1841430136187,34.359177215189874,2931.021903073205,30.95632911392405,2919.7096072485497,31.628037974683544
69,2876.5338253463474,26.818987341772154,3015.047204100005,20.55126582278481,2739.525649273785,27.220886075949366,3004.1841430136187,28.814556962025318,2930.2839998998907,26.568354430379745,2913.1149643267295,25.99481012658228
70,2876.5338253463474,25.551582278481014,3015.047204100005,22.49493670886076,2736.6326700954555,29.650632911392407,3004.1841430136187,28.59493670886076,2930.2839998998907,30.897151898734176,2912.5363684910635,27.43784810126582
71,2876.5338253463474,17.376898734177214,3015.047204100005,23.83512658227848,2736.6326700954555,33.28639240506329,3004.1841430136187,30.744303797468355,2930.2839998998907,40.529430379746834,2912.5363684910635,29.154430379746834
72,2868.077240129705,26.35981012658228,3015.047204100005,25.900949367088607,2736.6326700954555,31.87753164556962,3004.1841430136187,26.846835443037975,2930.2839998998907,34.49651898734177,2910.845051447735,29.09632911392405
73,2868.077240129705,28.022151898734176,3015.047204100005,27.656962025316457,2736.6326700954555,31.025,3002.5720213047985,37.83386075949367,2930.2839998998907,30.168354430379747,2910.5226271059714,30.941265822784807
74,2864.587372289826,24.705696202531644,3015.047204100005,24.676582278481014,2736.6326700954555,28.90981012658228,3002.5720213047985,33.15822784810127,2930.2839998998907,30.73259493670886,2909.824653537995,28.436582278481012
75,2831.2076668704717,30.545886075949365,3015.047204100005,33.01075949367089,2717.104753831881,31.390506329113926,3002.5720213047985,36.301898734177215,2930.2839998998907,29.395886075949367,2899.2431292014094,32.12898734177215
76,2831.2076668704717,35.23829113924051,3015.047204100005,25.43860759493671,2717.104753831881,32.299367088607596,3001.910295443718,37.006962025316454,2930.2839998998907,24.718354430379748,2899.110784029194,30.9403164556962
77,2817.7873612218887,22.29113924050633,3002.4045394670793,22.120569620253164,2717.104753831881,34.51329113924051,2981.7705957661005,41.300632911392405,2930.2839998998907,24.997151898734177,2889.870250037368,29.044556962025318
78,2817.7873612218887,22.497151898734177,3002.4045394670793,25.017088607594935,2647.8259354605493,26.819303797468354,2953.0544938258313,32.585759493670885,2930.2839998998907,27.839240506329112,2870.2712659750478,26.951708860759492
79,2812.7592990592734,21.824367088607595,3002.4045394670793,33.86202531645569,2647.8259354605493,28.00632911392405,2949.869398879881,36.72911392405063,2930.2839998998907,30.179113924050633,2868.6286345533345,30.12018987341772
80,2812.7592990592734,25.668354430379747,3002.4045394670793,24.28386075949367,2647.8259354605493,34.856645569620255,2949.3108803496566,34.00506329113924,2930.2839998998907,27.09746835443038,2868.5169308472896,29.182278481012656
81,2811.7722565328045,26.054113924050633,3002.4045394670793,23.66898734177215,2647.8259354605493,31.324050632911394,2949.3108803496566,34.24905063291139,2930.2839998998907,25.769620253164558,2868.3195223419957,28.21316455696202
82,2778.5761962285487,34.13955696202532,3002.4045394670793,21.154113924050634,2646.268368596319,25.297151898734178,2949.3108803496566,31.926898734177215,2930.2839998998907,34.40379746835443,2861.368796908299,29.384303797468355
83,2778.5761962285487,35.53639240506329,3002.4045394670793,39.858227848101265,2646.268368596319,31.476898734177215,2948.8318990173298,30.92721518987342,2930.2839998998907,27.325632911392404,2861.2730006418337,33.024873417721516
84,2778.5761962285487,35.40949367088608,2990.9433875811674,34.72405063291139,2646.268368596319,31.350316455696202,2939.047044709298,30.684810126582278,2930.2839998998907,25.253481012658227,2857.0237994030444,31.484430379746833
85,2771.5930536068463,30.399367088607594,2978.9285443014023,36.03259493670886,2646.268368596319,28.237974683544305,2906.3307566278495,26.08386075949367,2926.7007487370042,26.281329113924052,2845.9642943738845,29.407025316455695
86,2771.5930536068463,26.556012658227846,2966.186155535268,34.27341772151899,2646.268368596319,30.34208860759494,2864.160769322198,32.29778481012658,2920.2313472652754,25.029430379746834,2833.687938865181,29.69974683544304
87,2771.5930536068463,31.47246835443038,2941.859281702229,36.73101265822785,2646.268368596319,23.064240506329114,2864.160769322198,26.505696202531645,2920.2313472652754,28.975316455696202,2828.8225640985734,29.34974683544304
88,2771.5930536068463,31.579113924050635,2941.859281702229,38.06962025316456,2646.268368596319,29.680696202531646,2861.3253979124634,34.45664556962026,2920.2313472652754,34.84303797468355,2828.2554898166263,33.72582278481013
89,2764.254495673369,22.234177215189874,2941.859281702229,31.47151898734177,2646.268368596319,30.6373417721519,2857.104981024407,31.07974683544304,2920.2313472652754,29.735443037974683,2825.94369485232,29.031645569620252
90,2760.426501815665,22.519620253164558,2932.747136422772,32.69082278481012,2646.268368596319,24.459493670886076,2857.104981024407,36.564556962025314,2920.2313472652754,18.904113924050634,2823.3556670248877,27.027721518987345
91,2755.5486293508366,33.962025316455694,2932.747136422772,41.02594936708861,2646.268368596319,33.99620253164557,2857.104981024407,40.983544303797466,2908.001354630902,24.97151898734177,2819.9340940050474,34.98784810126582
92,2755.5486293508366,27.794303797468356,2932.747136422772,43.275,2646.268368596319,32.962025316455694,2857.104981024407,33.35379746835443,2908.001354630902,24.73386075949367,2819.9340940050474,32.42379746835443
93,2755.5486293508366,31.04018987341772,2932.747136422772,29.170569620253165,2646.268368596319,26.730379746835442,2857.104981024407,33.94303797468354,2908.001354630902,33.654113924050634,2819.9340940050474,30.907658227848106
94,2755.5486293508366,29.81772151898734,2931.06192669753,32.78449367088608,2646.268368596319,25.018037974683544,2857.104981024407,38.97689873417721,2908.001354630902,34.234493670886074,2819.597052059999,32.16632911392405
95,2755.5486293508366,30.92120253164557,2926.4749844937824,33.380696202531645,2646.268368596319,21.12120253164557,2857.104981024407,28.03481012658228,2908.001354630902,31.940189873417722,2818.6796636192494,29.079620253164556
96,2746.1259014782054,22.256645569620254,2880.2614660378313,40.17753164556962,2646.2185118709826,29.661392405063292,2857.104981024407,31.514873417721518,2908.001354630902,35.70253164556962,2807.542443008466,31.862594936708867
97,2746.1259014782054,27.667088607594938,2868.3478520292956,35.07879746835443,2646.2185118709826,29.694303797468354,2857.104981024407,38.25253164556962,2908.001354630902,35.927215189873415,2805.1597202067587,33.32398734177215
98,2739.029935251904,33.26075949367089,2866.613506166151,31.823417721518986,2645.968834867717,24.998101265822786,2857.104981024407,28.127848101265823,2893.3472597471496,29.773101265822785,2800.412903411466,29.59664556962025
99,2733.6958668385,35.35284810126582,2866.613506166151,34.72373417721519,2645.968834867717,26.42721518987342,2857.104981024407,28.90348101265823,2893.3472597471496,28.654113924050634,2799.346089728785,30.81227848101266
100,2726.7127242167976,26.044620253164556,2866.613506166151,28.681645569620255,2645.968834867717,25.77753164556962,2857.104981024407,32.24208860759494,2893.3472597471496,29.981012658227847,2797.9494612044446,28.545379746835444
101,2726.7127242167976,39.84367088607595,2866.613506166151,29.292721518987342,2645.968834867717,26.83512658227848,2857.104981024407,25.489240506329114,2893.3472597471496,29.629746835443036,2797.9494612044446,30.21810126582278
102,2726.7127242167976,30.824367088607595,2866.613506166151,29.440506329113923,2645.968834867717,27.88607594936709,2852.400621061812,28.98132911392405,2893.3472597471496,23.899367088607594,2797.0085892119255,28.20632911392405
103,2726.7127242167976,39.3753164556962,2866.613506166151,34.50221518987342,2645.968834867717,25.856012658227847,2833.325062512315,28.648101265822785,2893.3472597471496,30.67721518987342,2793.1934775020263,31.81177215189873
104,2726.0606554964556,35.15759493670886,2866.613506166151,30.94873417721519,2645.968834867717,32.585443037974684,2824.766158991379,25.428797468354432,2893.3472597471496,27.16392405063291,2791.35128305377,30.256898734177213
105,2726.0606554964556,45.05506329113924,2854.7669951678877,27.981012658227847,2645.968834867717,29.650316455696203,2824.766158991379,23.768987341772153,2893.3472597471496,26.042405063291138,2788.981980854118,30.499556962025316
106,2726.0606554964556,36.59936708860759,2854.7669951678877,34.05284810126582,2645.968834867717,15.318037974683545,2824.766158991379,25.130696202531645,2893.3472597471496,21.162341772151898,2788.981980854118,26.452658227848104
107,2726.0606554964556,40.79145569620253,2854.7669951678877,29.620886075949368,2637.1366110032122,27.135443037974685,2824.766158991379,31.730063291139242,2893.3472597471496,24.96613924050633,2787.2155360812167,30.848797468354427
108,2726.0606554964556,38.05727848101266,2854.7669951678877,28.150949367088607,2637.1366110032122,22.554430379746837,2817.133719942421,24.990822784810128,2893.3472597471496,21.8003164556962,2785.6890482714252,27.110759493670884
109,2726.0606554964556,34.43417721518988,2834.83166257538,21.753481012658227,2637.1366110032122,33.129113924050635,2807.142661147516,28.93639240506329,2893.3472597471496,21.967721518987343,2779.703769993943,28.04417721518987
110,2726.0606554964556,32.13860759493671,2822.9851515771156,27.355063291139242,2630.43048650701,24.442088607594936,2799.5102220985577,30.16360759493671,2893.3472597471496,24.243037974683546,2774.466755085258,27.66848101265823
111,2726.0606554964556,33.2373417721519,2822.9851515771156,31.344303797468353,2630.43048650701,31.627215189873418,2799.5102220985577,27.024367088607594,2866.8874152938165,25.872784810126582,2769.174786194591,29.821202531645564
112,2726.0606554964556,31.98386075949367,2822.9851515771156,28.617088607594937,2630.43048650701,30.72373417721519,2799.5102220985577,32.209493670886076,2866.8874152938165,32.61170886075949,2769.174786194591,31.22917721518987
113,2713.9238836759355,40.155696202531644,2822.9851515771156,25.80632911392405,2630.43048650701,20.856962025316456,2799.5102220985577,26.85632911392405,2866.411147963385,28.629113924050632,2766.6521783644007,28.460886075949368
114,2711.53726443176,27.606012658227847,2822.9851515771156,26.394620253164558,2630.43048650701,24.98481012658228,2799.5102220985577,25.41487341772152,2866.411147963385,26.11392405063291,2766.1748545155656,26.102848101265824
115,2708.6340939285533,34.59398734177215,2822.9851515771156,24.8123417721519,2630.43048650701,23.67373417721519,2799.5102220985577,22.452848101265822,2858.284102393313,32.225,2763.9688113009097,27.55158227848101
116,2706.176584329065,29.013291139240508,2818.7721977640417,31.26835443037975,2630.43048650701,35.767721518987344,2799.5102220985577,35.801898734177215,2844.087770665916,40.812658227848104,2759.795452272918,34.53278481012658
117,2683.4235721792206,28.896835443037975,2818.7721977640417,31.820886075949367,2630.43048650701,35.219303797468356,2799.5102220985577,33.337025316455694,2834.98873343408,37.28639240506329,2753.425042396582,33.31208860759493
118,2680.820465421026,31.3126582278481,2818.7721977640417,32.19240506329114,2629.6964837837077,25.96139240506329,2799.5102220985577,29.503164556962027,2834.98873343408,35.446518987341776,2752.7576205002824,30.883227848101264
119,2676.9521201400494,34.573417721518986,2809.7488081437073,27.56867088607595,2628.1288983113427,28.15474683544304,2799.5102220985577,26.03987341772152,2834.98873343408,30.81139240506329,2749.8657564255473,29.429620253164558
120,2676.9521201400494,36.65632911392405,2804.5269731164844,36.3996835443038,2625.3283001878235,22.16012658227848,2799.5102220985577,27.791772151898734,2834.98873343408,28.53481012658228,2748.261269795399,30.308544303797465
121,2671.4388568548725,31.914556962025316,2787.671195263854,31.635443037974685,2625.3283001878235,27.13860759493671,2799.5102220985577,25.991772151898733,2821.235652485328,24.934493670886077,2741.036845378087,28.322974683544306
122,2671.4388568548725,37.627848101265826,2779.771470076575,37.33101265822785,2625.3283001878235,31.416772151898734,2798.8620170993295,28.99240506329114,2821.235652485328,27.35253164556962,2739.3272593407855,32.544113924050635
123,2671.4388568548725,36.676898734177215,2776.09055018515,33.052215189873415,2625.3283001878235,24.864240506329114,2740.7102513002287,31.487974683544305,2821.235652485328,30.912974683544302,2726.9607222026802,31.39886075949367
124,2671.4388568548725,37.45,2761.533117938726,35.30854430379747,2625.3283001878235,21.57626582278481,2740.7102513002287,30.237974683544305,2821.235652485328,28.51740506329114,2724.049235753396,30.618037974683546
125,2671.4388568548725,36.43101265822785,2761.533117938726,26.18259493670886,2609.3414060533373,23.851898734177215,2740.7102513002287,31.365189873417723,2821.235652485328,24.549683544303797,2720.8518569264984,28.47607594936709
126,2671.4388568548725,37.484493670886074,2761.533117938726,21.850316455696202,2588.0459859147013,35.60253164556962,2740.7102513002287,27.69493670886076,2821.235652485328,22.486075949367088,2716.592772898771,29.02367088607595
127,2671.4388568548725,35.006012658227846,2761.533117938726,29.09873417721519,2584.227778199486,34.61424050632911,2698.3543214601314,28.556962025316455,2821.235652485328,30.59113924050633,2707.3579453877087,31.573417721518986
128,2671.4388568548725,28.481012658227847,2761.533117938726,31.75379746835443,2584.227778199486,32.802215189873415,2689.4409565038254,36.314240506329114,2821.235652485328,22.620569620253164,2705.5752723964474,30.394367088607588
129,2671.4388568548725,27.03354430379747,2754.0748645724384,31.113291139240506,2584.136619993907,30.32246835443038,2638.3270739377535,27.615189873417723,2821.235652485328,33.45886075949367,2693.8426135688596,29.908670886075946
130,2671.4388568548725,25.35664556962025,2748.594557665677,37.96455696202532,2584.136619993907,26.374683544303796,2638.3270739377535,28.1376582278481,2821.235652485328,22.503481012658227,2692.7465521875074,28.067405063291137
131,2671.4388568548725,29.06645569620253,2736.386422141207,30.973417721518988,2584.136619993907,18.614556962025315,2621.8675137190207,25.674683544303797,2821.235652485328,31.72120253164557,2687.013013038867,27.21006329113924
132,2656.8911648964668,24.734177215189874,2736.386422141207,28.156329113924052,2584.136619993907,27.124367088607595,2621.8675137190207,28.95,2821.235652485328,27.349683544303797,2684.103474647186,27.262911392405062
133,2656.8911648964668,31.745886075949368,2736.386422141207,32.720253164556965,2579.2595087803916,22.295886075949365,2621.8675137190207,27.564556962025318,2808.5581136842743,24.092721518987343,2680.5925446442716,27.683860759493673
134,2653.702685406395,28.02151898734177,2729.9091149937685,29.46139240506329,2579.2595087803916,26.60727848101266,2621.8675137190207,29.700949367088608,2808.5581136842743,23.3246835443038,2678.65938731677,27.423164556962025
135,2653.702685406395,28.45506329113924,2729.7738899571254,33.42784810126582,2579.2595087803916,23.92120253164557,2616.4449200976255,28.185443037974682,2806.9411448098504,22.628481012658227,2677.2244298102773,27.32360759493671
136,2653.702685406395,32.33259493670886,2722.786087199879,38.18354430379747,2579.2595087803916,25.356012658227847,2616.4449200976255,29.78892405063291,2806.9411448098504,31.722784810126583,2675.8268692588285,31.47677215189874
137,2653.702685406395,37.743987341772154,2705.133832637195,34.799050632911396,2579.2595087803916,37.45664556962026,2589.1147087046043,30.340506329113925,2806.9411448098504,31.519303797468353,2666.830376067687,34.37189873417722
138,2653.702685406395,33.667088607594934,2705.133832637195,41.71708860759494,2579.2595087803916,28.260443037974685,2589.1147087046043,25.832278481012658,2806.9411448098504,34.891455696202534,2666.830376067687,32.87367088607595
139,2653.702685406395,25.331962025316457,2691.0938297992025,27.97626582278481,2579.2595087803916,22.729746835443038,2589.1147087046043,33.606645569620255,2806.9411448098504,29.097784810126583,2664.022375500089,27.748481012658225
140,2653.702685406395,26.115189873417723,2691.0938297992025,34.981645569620255,2579.2595087803916,21.35727848101266,2589.1147087046043,26.83607594936709,2806.9411448098504,28.411708860759493,2664.022375500089,27.54037974683544
141,2653.702685406395,33.33322784810127,2691.0938297992025,40.65981012658228,2579.2595087803916,22.191139240506327,2589.1147087046043,29.439240506329114,2806.9411448098504,25.4373417721519,2664.022375500089,30.21215189873418
142,2653.702685406395,27.635759493670886,2691.0938297992025,32.36044303797468,2579.2595087803916,25.77341772151899,2586.9475461799934,25.47626582278481,2806.9411448098504,27.72879746835443,2663.5889429951667,27.794936708860757
143,2653.702685406395,21.181962025316455,2691.0938297992025,28.575,2574.5180680574745,26.870253164556964,2586.9475461799934,29.589556962025316,2802.7145807009742,27.546518987341774,2661.795342028808,26.752658227848105
144,2653.702685406395,27.623101265822786,2691.0938297992025,29.955379746835444,2567.1667909322073,33.812341772151896,2586.9475461799934,38.631645569620254,2774.890739764806,29.470886075949366,2654.760318416521,31.898670886075944
145,2653.702685406395,29.07974683544304,2691.0938297992025,37.072784810126585,2567.1667909322073,36.189556962025314,2586.9475461799934,30.33481012658228,2770.6641756559297,33.49841772151899,2653.9150055947457,33.23506329113924
146,2653.702685406395,28.030696202531647,2691.0938297992025,30.014240506329113,2567.1667909322073,35.767088607594935,2586.9475461799934,25.803481012658228,2770.6641756559297,30.066139240506327,2653.9150055947457,29.936329113924053
147,2638.4830966899754,31.926582278481014,2691.0938297992025,33.413291139240506,2567.1667909322073,28.875,2586.9475461799934,28.102848101265824,2770.6641756559297,28.013291139240508,2650.8710878514617,30.06620253164557
148,2616.0957276212644,28.18006329113924,2691.0938297992025,30.4496835443038,2567.1667909322073,30.753481012658227,2586.9475461799934,25.20981012658228,2770.6641756559297,30.715822784810126,2646.3936140377195,29.061772151898737
149,2601.245773062589,19.436708860759495,2691.0938297992025,20.088607594936708,2567.1667909322073,31.197151898734177,2586.9475461799934,26.773101265822785,2770.6641756559297,24.172784810126583,2643.4236231259847,24.33367088607595
150,2601.245773062589,33.824050632911394,2685.6093262467975,21.64367088607595,2567.1667909322073,32.10601265822785,2586.9475461799934,23.59113924050633,2745.630147722413,28.26835443037975,2637.3199168288,27.886645569620253
151,2601.245773062589,29.795886075949365,2674.0236690497727,29.948101265822785,2567.1667909322073,30.439556962025318,2582.6926477395705,31.025,2745.630147722413,25.997151898734177,2634.1518057013104,29.441139240506335
152,2601.245773062589,28.91392405063291,2669.674517853165,36.71962025316456,2566.9016469697217,28.464240506329112,2582.6926477395705,33.33037974683544,2745.630147722413,29.78259493670886,2633.228946669492,31.442151898734174
153,2601.245773062589,29.26613924050633,2666.143260397988,33.96487341772152,2564.861209728189,22.186708860759495,2582.6926477395705,30.875,2745.630147722413,32.414873417721516,2632.11460773015,29.74151898734177
154,2601.245773062589,26.779430379746834,2664.511958582042,31.45253164556962,2564.861209728189,26.43006329113924,2582.6926477395705,32.07879746835443,2745.630147722413,32.15632911392405,2631.788347366961,29.779430379746834
155,2601.245773062589,28.94145569620253,2664.511958582042,32.45632911392405,2564.861209728189,27.768987341772153,2582.6926477395705,32.62405063291139,2745.630147722413,28.410759493670888,2631.788347366961,30.0403164556962
156,2601.245773062589,30.894620253164558,2664.511958582042,28.200316455696203,2564.228042556313,24.185443037974682,2582.6926477395705,36.8506329113924,2745.630147722413,28.131645569620254,2631.6617139325854,29.652531645569617
157,2601.245773062589,29.7626582278481,2664.511958582042,27.714240506329112,2564.228042556313,27.97246835443038,2582.6926477395705,29.64145569620253,2745.630147722413,31.23987341772152,2631.6617139325854,29.266139240506327
158,2601.245773062589,24.135759493670886,2664.089973202498,29.704430379746835,2564.228042556313,27.380696202531645,2582.6926477395705,30.28860759493671,2745.630147722413,23.205379746835444,2631.5773168566766,26.942974683544303
159,2601.245773062589,32.050316455696205,2664.089973202498,29.230696202531647,2564.228042556313,27.239556962025315,2582.6926477395705,34.663291139240506,2745.630147722413,29.245886075949368,2631.5773168566766,30.485949367088608
160,2601.245773062589,26.785759493670888,2664.089973202498,27.644936708860758,2564.228042556313,28.003164556962027,2582.6926477395705,33.6496835443038,2686.979916595986,29.70886075949367,2619.8472706313914,29.15848101265823
161,2601.245773062589,29.643987341772153,2664.089973202498,23.693037974683545,2564.228042556313,25.67753164556962,2582.6926477395705,27.89145569620253,2669.4188950046087,38.619303797468355,2616.335066313116,29.10506329113924
162,2601.245773062589,26.35727848101266,2664.089973202498,23.115506329113924,2564.228042556313,22.578481012658226,2582.6926477395705,22.84493670886076,2660.0188496395394,29.673101265822783,2614.455057240102,24.91386075949367
163,2600.3017617288388,21.81993670886076,2664.089973202498,23.797784810126583,2562.5935350226446,20.806962025316455,2582.6926477395705,29.199050632911394,2660.0188496395394,33.525,2613.9393534666183,25.829746835443036
164,2598.744907430847,29.57626582278481,2664.089973202498,28.37753164556962,2562.5935350226446,28.649683544303798,2582.6926477395705,23.175632911392405,2655.2146236899616,34.31645569620253,2612.667137417104,28.81911392405063
165,2598.744907430847,27.143987341772153,2657.717540894927,31.631962025316454,2562.5935350226446,32.335759493670885,2582.6926477395705,23.171518987341774,2655.2146236899616,30.00759493670886,2611.3926509555904,28.858164556962027
166,2590.0795987115416,32.28639240506329,2657.717540894927,36.96613924050633,2562.5935350226446,19.79398734177215,2582.6926477395705,28.769620253164558,2655.2146236899616,39.80664556962025,2609.6595892117293,31.524556962025315
167,2588.746001059541,29.854430379746834,2657.717540894927,36.359493670886074,2555.9104253685227,31.395886075949367,2582.6926477395705,36.234493670886074,2649.5770223065397,40.61550632911393,2606.9287274738203,34.89196202531646
168,2580.0485630084318,21.51518987341772,2657.717540894927,31.331962025316457,2553.9162714225895,34.05537974683544,2582.6926477395705,25.806645569620255,2649.5770223065397,33.517405063291136,2604.7904090744114,29.245316455696205
169,2580.0485630084318,23.369620253164555,2657.717540894927,33.44082278481012,2553.9162714225895,31.184177215189873,2582.6926477395705,25.49905063291139,2649.5770223065397,32.493037974683546,2604.7904090744114,29.1973417721519
170,2580.0485630084318,32.142405063291136,2657.717540894927,32.68227848101266,2553.9162714225895,37.61518987341772,2582.6926477395705,25.87120253164557,2638.953302425543,34.26613924050633,2602.6656650982122,32.515443037974684
171,2580.0485630084318,26.900949367088607,2657.717540894927,35.414556962025316,2553.9162714225895,36.616772151898736,2582.6926477395705,29.655379746835443,2638.953302425543,26.176582278481014,2602.6656650982122,30.952848101265822
172,2580.0485630084318,28.514873417721518,2657.717540894927,27.020569620253166,2553.9162714225895,23.34651898734177,2571.320054834448,27.852848101265824,2629.285620877346,27.668037974683543,2598.457610207549,26.880569620253162
173,2580.0485630084318,26.969620253164557,2657.717540894927,30.568987341772154,2553.9162714225895,20.96993670886076,2569.418509090056,36.866772151898736,2629.285620877346,35.55506329113924,2598.07730105867,30.18607594936709
174,2580.0485630084318,31.38132911392405,2657.717540894927,24.689873417721518,2553.9162714225895,29.60759493670886,2569.418509090056,41.9503164556962,2623.6075715825204,30.87373417721519,2596.941691199705,31.70056962025317
175,2580.0485630084318,30.60854430379747,2657.717540894927,27.969620253164557,2553.9162714225895,24.58639240506329,2569.418509090056,36.92943037974683,2611.645908748343,31.279430379746834,2594.5493586328694,30.274683544303798
176,2580.0485630084318,31.652215189873417,2657.717540894927,26.020886075949367,2553.9162714225895,27.622784810126582,2569.418509090056,28.205696202531644,2589.992017178748,31.918354430379747,2590.2185803189504,29.08398734177215
177,2580.0485630084318,28.11392405063291,2657.717540894927,17.990822784810128,2553.9162714225895,27.380696202531645,2569.418509090056,33.437025316455696,2589.992017178748,29.24367088607595,2590.2185803189504,27.23322784810127
178,2580.0485630084318,30.402215189873417,2657.717540894927,26.338291139240507,2553.9162714225895,27.9873417721519,2569.418509090056,26.928481012658228,2589.992017178748,29.829113924050635,2590.2185803189504,28.29708860759494
179,2580.0485630084318,34.03101265822785,2657.717540894927,31.525,2553.9162714225895,27.778164556962025,2569.418509090056,27.848417721518988,2589.992017178748,33.428481012658224,2590.2185803189504,30.92221518987342
180,2580.0485630084318,35.46613924050633,2657.717540894927,27.259810126582277,2553.9162714225895,32.72848101265823,2569.418509090056,25.90379746835443,2589.992017178748,28.07246835443038,2590.2185803189504,29.886139240506328
181,2580.0485630084318,41.790506329113924,2657.717540894927,23.865822784810128,2553.9162714225895,30.741455696202532,2569.418509090056,30.51613924050633,2589.992017178748,24.854430379746834,2590.2185803189504,30.353670886075953
182,2580.0485630084318,37.69398734177215,2657.717540894927,31.56772151898734,2553.9162714225895,27.77246835443038,2569.418509090056,25.078481012658226,2583.2617582792955,21.823101265822785,2588.87252853906,28.787151898734173
183,2580.0485630084318,30.093037974683543,2657.717540894927,34.619620253164555,2553.9162714225895,28.651898734177216,2569.418509090056,28.606962025316456,2583.2617582792955,30.423101265822783,2588.87252853906,30.478924050632912
184,2580.0485630084318,23.40759493670886,2657.717540894927,36.450632911392404,2553.9162714225895,32.928164556962024,2569.418509090056,29.818037974683545,2583.2617582792955,27.616772151898733,2588.87252853906,30.04424050632911
185,2580.0485630084318,21.78291139240506,2657.717540894927,36.3376582278481,2553.9162714225895,31.340822784810126,2569.418509090056,34.41677215189873,2583.2617582792955,24.325316455696203,2588.87252853906,29.640696202531643
186,2580.0485630084318,26.01518987341772,2657.717540894927,33.43196202531646,2553.9162714225895,30.933860759493673,2569.418509090056,33.596518987341774,2583.2617582792955,34.17879746835443,2588.87252853906,31.631265822784815
187,2580.0485630084318,27.17753164556962,2657.717540894927,32.484493670886074,2553.9162714225895,28.77246835443038,2569.418509090056,31.525,2583.2617582792955,37.414873417721516,2588.87252853906,31.47487341772152
188,2580.0485630084318,23.443037974683545,2657.717540894927,37.824367088607595,2553.9162714225895,29.85379746835443,2569.418509090056,31.48386075949367,2583.2617582792955,35.394620253164554,2588.87252853906,31.59993670886076
189,2580.0485630084318,20.757911392405063,2657.717540894927,30.740822784810128,2553.9162714225895,25.414240506329115,2569.418509090056,29.79873417721519,2583.2617582792955,22.047784810126583,2588.87252853906,25.751898734177217
190,2580.0485630084318,25.829430379746835,2657.717540894927,27.241139240506328,2553.9162714225895,32.446835443037976,2569.418509090056,24.895569620253166,2583.2617582792955,23.025632911392407,2588.87252853906,26.687721518987342
191,2580.0485630084318,27.197151898734177,2657.717540894927,29.01772151898734,2551.664230011068,38.51170886075949,2569.418509090056,26.23987341772152,2583.2617582792955,29.539556962025316,2588.422120256756,30.101202531645573
192,2580.0485630084318,28.258227848101267,2657.717540894927,31.899683544303798,2548.839654477196,31.070886075949367,2569.418509090056,19.951898734177217,2583.2617582792955,19.21139240506329,2587.8572051499814,26.078417721518985
193,2580.0485630084318,28.733227848101265,2657.717540894927,30.124367088607595,2548.839654477196,32.436392405063295,2569.418509090056,25.98987341772152,2583.2617582792955,20.560443037974682,2587.8572051499814,27.568860759493674
194,2580.0485630084318,30.85379746835443,2657.717540894927,29.86867088607595,2548.839654477196,26.262974683544304,2569.418509090056,30.685759493670886,2574.0800860326885,26.460443037974684,2586.02087070066,28.82632911392405
195,2580.0485630084318,31.753481012658227,2650.17280175517,24.42753164556962,2548.839654477196,32.040506329113924,2569.418509090056,23.390822784810126,2555.499657933299,25.475632911392406,2580.795837252831,27.41759493670886
196,2576.860349817982,32.46613924050633,2650.17280175517,29.27753164556962,2548.839654477196,33.8382911392405,2567.975383406864,28.880696202531645,2555.499657933299,28.016772151898735,2579.8695694781027,30.495886075949365
197,2561.825741672902,36.52215189873418,2649.574824884842,29.136708860759494,2548.839654477196,26.521835443037975,2567.975383406864,29.343354430379748,2555.499657933299,31.464556962025316,2576.7430524750207,30.597721518987345
198,2544.705670100005,41.6617088607595,2649.574824884842,31.123417721518987,2548.839654477196,29.916455696202533,2567.975383406864,31.30221518987342,2555.499657933299,33.07373417721519,2573.3190381604413,33.415506329113924
199,2544.705670100005,34.09746835443038,2649.574824884842,26.260759493670886,2548.839654477196,25.283227848101266,2567.975383406864,25.75094936708861,2555.499657933299,25.84493670886076,2573.3190381604413,27.447468354430377
200,2542.7422312821964,31.894936708860758,2649.574824884842,23.94778481012658,2548.839654477196,25.98259493670886,2567.975383406864,31.65506329113924,2555.499657933299,23.7376582278481,2572.9263503968796,27.443607594936708
201,2542.7422312821964,34.75,2649.574824884842,25.414240506329115,2548.839654477196,33.018037974683544,2567.975383406864,28.499683544303796,2555.499657933299,26.869303797468355,2572.9263503968796,29.710253164556963
202,2542.7422312821964,26.325316455696203,2649.574824884842,28.98987341772152,2548.839654477196,39.220886075949366,2567.975383406864,29.08006329113924,2555.499657933299,28.659493670886075,2572.9263503968796,30.455126582278478
203,2542.7422312821964,26.529113924050634,2649.574824884842,28.068987341772154,2548.839654477196,31.842721518987343,2567.975383406864,24.69493670886076,2555.499657933299,39.09873417721519,2572.9263503968796,30.046898734177216
204,2542.7422312821964,22.474367088607593,2641.8022606468226,24.452215189873417,2548.839654477196,33.75981012658228,2567.975383406864,29.824050632911394,2555.499657933299,31.329113924050635,2571.3718375492754,28.367911392405063
205,2542.7422312821964,27.235126582278482,2641.8022606468226,35.20411392405063,2548.839654477196,26.08132911392405,2561.296167713868,26.375,2555.499657933299,31.77278481012658,2570.0359944106763,29.333670886075947
206,2542.7422312821964,30.900316455696203,2641.8022606468226,27.871835443037973,2548.839654477196,28.464556962025316,2561.296167713868,28.106012658227847,2555.499657933299,32.5123417721519,2570.0359944106763,29.571012658227847
207,2542.7422312821964,27.270886075949367,2641.8022606468226,26.207278481012658,2548.839654477196,25.911392405063292,2561.296167713868,26.665506329113924,2555.499657933299,30.656645569620252,2570.0359944106763,27.3423417721519
208,2542.7422312821964,26.736708860759492,2641.8022606468226,25.627848101265823,2548.839654477196,28.9623417721519,2538.173839439471,28.327215189873417,2554.9139473027058,30.917721518987342,2565.2943866296782,28.114367088607594
209,2542.7422312821964,36.95727848101266,2641.8022606468226,31.191139240506327,2548.839654477196,29.259493670886076,2538.173839439471,27.806012658227846,2554.370877404877,40.414873417721516,2565.1857726501125,33.125759493670884
210,2542.7422312821964,32.51107594936709,2641.8022606468226,21.52151898734177,2548.839654477196,29.54746835443038,2538.173839439471,25.48386075949367,2554.370877404877,35.59240506329114,2565.1857726501125,28.93126582278481
211,2542.7422312821964,25.355379746835442,2641.8022606468226,33.539240506329115,2548.839654477196,30.816139240506327,2534.27887454456,17.591772151898734,2554.370877404877,33.393037974683544,2564.4067796711306,28.139113924050633
212,2542.7422312821964,28.527215189873417,2641.8022606468226,29.769303797468353,2548.839654477196,27.19367088607595,2534.27887454456,30.58639240506329,2554.370877404877,22.70506329113924,2564.4067796711306,27.75632911392405
213,2502.568026669214,30.17120253164557,2641.8022606468226,34.562658227848104,2548.839654477196,29.68132911392405,2534.27887454456,27.30506329113924,2548.276262925882,22.001582278481013,2555.153015852735,28.744367088607596
214,2502.568026669214,29.269303797468353,2641.8022606468226,38.49367088607595,2548.839654477196,31.900949367088607,2534.27887454456,34.858227848101265,2546.351916105664,29.050949367088606,2554.768146488691,32.71462025316456
215,2502.568026669214,27.73386075949367,2641.8022606468226,26.94873417721519,2548.839654477196,27.85632911392405,2534.27887454456,25.964556962025316,2546.351916105664,27.17373417721519,2554.768146488691,27.13544303797468
216,2502.568026669214,31.84715189873418,2641.8022606468226,30.161392405063292,2548.839654477196,27.590506329113925,2534.27887454456,24.166772151898734,2546.351916105664,28.648101265822785,2554.768146488691,28.48278481012658
217,2497.487383222248,27.33481012658228,2641.8022606468226,24.434810126582278,2548.839654477196,28.384177215189872,2534.27887454456,29.625632911392405,2546.351916105664,31.198417721518986,2553.752017799298,28.195569620253167
218,2496.9512479847526,26.680379746835442,2641.8022606468226,23.548417721518987,2548.839654477196,26.25601265822785,2534.27887454456,26.7,2546.351916105664,29.55221518987342,2553.644790751799,26.547405063291137
219,2496.9512479847526,27.68227848101266,2641.4497388351824,23.256645569620254,2548.839654477196,30.235443037974683,2534.27887454456,29.56993670886076,2546.351916105664,29.090822784810126,2553.574286389471,27.967025316455693
220,2496.9512479847526,27.718037974683543,2641.4497388351824,24.602848101265824,2548.839654477196,29.87879746835443,2534.27887454456,29.03860759493671,2546.351916105664,30.72753164556962,2553.574286389471,28.393164556962024
221,2496.9512479847526,31.11740506329114,2641.4497388351824,26.87120253164557,2548.839654477196,31.995886075949368,2534.27887454456,25.13259493670886,2546.351916105664,29.71139240506329,2553.574286389471,28.965696202531642
222,2496.9512479847526,28.805696202531646,2641.4497388351824,31.928481012658228,2548.839654477196,34.60411392405063,2534.27887454456,29.342721518987343,2546.351916105664,35.94746835443038,2553.574286389471,32.12569620253164
223,2496.9512479847526,28.240822784810128,2641.4497388351824,26.364240506329114,2548.839654477196,34.11012658227848,2534.27887454456,38.30601265822785,2546.351916105664,29.152215189873417,2553.574286389471,31.2346835443038
224,2496.9512479847526,30.365189873417723,2637.843038451052,26.939873417721518,2548.839654477196,32.83101265822785,2534.27887454456,29.719620253164557,2546.351916105664,31.286392405063292,2552.8529463126447,30.228417721518987
225,2496.9512479847526,30.446202531645568,2637.3870887560756,32.94588607594937,2548.839654477196,27.798417721518987,2534.27887454456,21.522151898734176,2546.351916105664,31.47025316455696,2552.7617563736494,28.83658227848101
226,2496.9512479847526,29.383544303797468,2637.3870887560756,36.16930379746835,2548.839654477196,30.041455696202533,2534.27887454456,25.551582278481014,2546.351916105664,31.325316455696203,2552.7617563736494,30.494240506329113
227,2496.9512479847526,30.30126582278481,2637.3870887560756,33.47943037974684,2548.839654477196,24.36898734177215,2534.27887454456,24.225316455696202,2546.351916105664,35.2132911392405,2552.7617563736494,29.517658227848102
228,2496.9512479847526,33.962025316455694,2634.1129196198567,35.60348101265823,2548.839654477196,18.484177215189874,2534.27887454456,21.535443037974684,2544.995163204965,30.38259493670886,2551.835571966266,27.99354430379747
229,2496.9512479847526,34.86392405063291,2634.1129196198567,30.973417721518988,2548.839654477196,31.744620253164555,2532.3905173875205,17.838291139240507,2538.388608678775,27.804113924050633,2550.13658962962,28.64487341772152
230,2496.9512479847526,34.38955696202532,2634.1129196198567,33.0373417721519,2547.600829165427,28.033227848101266,2532.3905173875205,20.300632911392405,2538.388608678775,19.020253164556962,2549.8888245672665,26.956202531645566
231,2496.9512479847526,36.06993670886076,2634.1129196198567,28.58101265822785,2544.541609479298,36.71613924050633,2532.3905173875205,24.79746835443038,2485.191301186568,25.72120253164557,2538.637519131599,30.377151898734173
232,2496.724376228056,29.56645569620253,2634.1129196198567,28.883227848101267,2544.541609479298,34.4,2532.3905173875205,23.365506329113924,2485.191301186568,37.563607594936705,2538.59214478026,30.755759493670883
233,2496.724376228056,26.284493670886075,2632.8184499092954,24.464556962025316,2544.541609479298,35.95316455696202,2532.3905173875205,27.883544303797468,2485.191301186568,37.55917721518988,2538.3332508381477,30.428987341772153
234,2496.724376228056,32.98924050632911,2632.2204730389676,26.295569620253165,2544.541609479298,28.284177215189874,2532.3905173875205,30.224367088607593,2478.167878689812,34.90126582278481,2536.808970964731,30.538924050632907
235,2496.724376228056,39.08196202531646,2624.780166530057,29.50094936708861,2544.541609479298,21.357911392405065,2532.3905173875205,24.425632911392405,2478.167878689812,21.83132911392405,2535.320909662949,27.23955696202532
236,2496.724376228056,27.951582278481013,2624.780166530057,32.5126582278481,2544.541609479298,22.632911392405063,2532.3905173875205,28.64746835443038,2473.2757047211353,19.620569620253164,2534.3424748692137,26.27303797468354
237,2496.724376228056,24.110126582278482,2624.780166530057,33.56645569620253,2544.541609479298,31.643987341772153,2532.3905173875205,26.61392405063291,2473.2757047211353,30.496835443037973,2534.3424748692137,29.28626582278481
238,2496.724376228056,28.48481012658228,2603.2360968580083,30.222784810126583,2544.541609479298,29.173417721518987,2531.981824427158,27.35854430379747,2473.2757047211353,28.113291139240506,2529.9519223427315,28.67056962025317
239,2496.724376228056,33.16107594936709,2591.546987625569,35.57120253164557,2544.541609479298,32.4117088607595,2531.981824427158,30.025316455696203,2435.7208527369544,27.230063291139242,2520.103130099407,31.679873417721517
240,2496.724376228056,29.489556962025315,2591.546987625569,32.63481012658228,2544.541609479298,29.020569620253166,2531.981824427158,27.34746835443038,2434.5323937509706,43.72816455696203,2519.8654383022104,32.44411392405063
241,2476.028238133168,27.31740506329114,2591.546987625569,29.735443037974683,2544.541609479298,25.13101265822785,2531.981824427158,26.58417721518987,2434.5323937509706,41.472151898734175,2515.7262106832327,30.04803797468354
242,2450.436755714982,30.181012658227846,2591.546987625569,31.58132911392405,2544.541609479298,27.90253164556962,2531.981824427158,29.05632911392405,2434.5323937509706,41.62689873417722,2510.6079141995956,32.06962025316456
243,2410.522111633473,25.199367088607595,2591.546987625569,36.21898734177215,2544.541609479298,20.11772151898734,2531.981824427158,23.686708860759495,2434.5323937509706,26.83006329113924,2502.6249853832937,26.410569620253163
244,2398.5982167246398,36.87246835443038,2591.546987625569,35.38607594936709,2544.541609479298,22.85221518987342,2531.981824427158,27.869620253164555,2434.5323937509706,35.59113924050633,2500.240206401527,31.714303797468354
245,2395.225519575097,20.803164556962024,2582.621271876007,32.44240506329114,2544.541609479298,19.26867088607595,2531.981824427158,27.957594936708862,2434.5323937509706,41.821835443037976,2497.780523821706,28.458734177215188
246,2395.225519575097,23.406645569620252,2567.8338169227877,37.89113924050633,2540.2943807199604,29.289240506329115,2531.981824427158,33.1123417721519,2434.5323937509706,38.26930379746835,2493.9735870791947,32.393734177215194
247,2395.225519575097,22.26867088607595,2565.6615805382567,32.585759493670885,2506.616664289246,31.224367088607593,2531.981824427158,28.656645569620252,2423.86152755182,38.663924050632914,2484.6694232763157,30.679873417721517
248,2395.225519575097,30.521835443037975,2565.6615805382567,34.86455696202532,2506.616664289246,33.095253164556965,2531.981824427158,22.788291139240506,2421.8667599912083,37.66107594936709,2484.270469764193,31.786202531645575
249,2395.225519575097,28.16518987341772,2565.6615805382567,31.881645569620254,2506.616664289246,30.39018987341772,2531.981824427158,20.31740506329114,2420.6877011499396,32.01392405063291,2484.0346579959396,28.553670886075952
250,2395.225519575097,21.013291139240508,2565.4839791270074,31.138291139240508,2506.616664289246,23.269303797468353,2531.981824427158,29.58892405063291,2420.6877011499396,39.131645569620254,2483.9991377136894,28.82829113924051
251,2395.225519575097,29.376898734177214,2565.4839791270074,33.177215189873415,2506.616664289246,30.199367088607595,2531.981824427158,30.193987341772154,2420.6877011499396,37.80253164556962,2483.9991377136894,32.15
252,2395.225519575097,25.684810126582278,2564.5342786252963,27.954430379746835,2506.616664289246,22.33639240506329,2531.981824427158,38.24018987341772,2414.413945230424,38.610759493670884,2482.5544464294444,30.5653164556962
253,2395.225519575097,20.538291139240506,2564.5342786252963,39.197784810126585,2506.616664289246,21.30727848101266,2531.981824427158,30.438291139240505,2414.3507814044815,39.23892405063291,2482.5418136642556,30.144113924050636
254,2395.225519575097,29.16582278481013,2564.5342786252963,36.26170886075949,2506.616664289246,24.2626582278481,2529.2171568559747,24.1873417721519,2414.3507814044815,33.314240506329114,2481.988880150019,29.438354430379746
255,2395.225519575097,27.816139240506327,2564.5342786252963,30.316772151898736,2506.616664289246,28.80506329113924,2527.8400913435985,27.681962025316455,2414.3507814044815,26.431012658227846,2481.713467047544,28.210189873417722
256,2395.225519575097,32.00316455696203,2557.679522401489,24.78860759493671,2506.616664289246,39.05474683544304,2527.8400913435985,32.42246835443038,2414.3507814044815,28.21993670886076,2480.342515802782,31.297784810126586
257,2395.225519575097,30.566772151898736,2557.679522401489,26.743354430379746,2506.616664289246,38.78037974683544,2526.337005452782,27.740506329113924,2411.564535179435,26.42721518987342,2479.48464937961,30.051645569620256
258,2395.225519575097,23.940506329113923,2557.4435113810277,28.394936708860758,2506.616664289246,32.960443037974684,2526.337005452782,31.114240506329114,2411.564535179435,37.39525316455696,2479.4374471755177,30.76107594936709
259,2395.225519575097,26.1123417721519,2557.4435113810277,29.657278481012657,2506.616664289246,37.86993670886076,2525.381222830994,29.999683544303796,2411.564535179435,43.391772151898735,2479.24629065116,33.40620253164557
260,2395.225519575097,25.359177215189874,2557.4435113810277,27.355379746835442,2506.616664289246,29.093987341772152,2523.8781369401772,37.42943037974683,2411.564535179435,40.38987341772152,2478.9456734729965,31.925569620253164
261,2395.225519575097,31.249683544303796,2557.4435113810277,28.934493670886077,2506.616664289246,26.74873417721519,2523.8781369401772,37.00063291139241,2411.564535179435,36.06962025316456,2478.9456734729965,32.0006329113924
262,2395.225519575097,30.46107594936709,2557.4435113810277,21.613291139240506,2506.616664289246,37.05253164556962,2523.8781369401772,25.953481012658226,2411.564535179435,35.50632911392405,2478.9456734729965,30.1173417721519
263,2395.225519575097,32.33227848101266,2557.4435113810277,24.49398734177215,2506.616664289246,30.959493670886076,2523.8781369401772,21.092721518987343,2411.564535179435,34.49841772151899,2478.9456734729965,28.675379746835443
264,2395.225519575097,29.27753164556962,2557.4435113810277,30.868037974683546,2506.616664289246,28.03987341772152,2523.8781369401772,16.894303797468353,2411.564535179435,28.559493670886077,2478.9456734729965,26.727848101265824
265,2395.225519575097,28.13101265822785,2557.4435113810277,30.025949367088607,2506.616664289246,24.036392405063292,2523.8781369401772,27.45126582278481,2411.564535179435,33.47405063291139,2478.9456734729965,28.62373417721519
266,2395.225519575097,27.92246835443038,2557.4435113810277,31.099367088607593,2506.616664289246,25.575,2523.8781369401772,26.436708860759495,2411.564535179435,31.060126582278482,2478.9456734729965,28.418734177215192
267,2395.225519575097,32.540189873417724,2557.4435113810277,28.151898734177216,2506.616664289246,28.759177215189872,2523.8781369401772,28.556962025316455,2411.564535179435,28.790506329113924,2478.9456734729965,29.359746835443037
268,2395.225519575097,30.96518987341772,2557.4435113810277,21.28291139240506,2506.616664289246,34.08227848101266,2523.8781369401772,33.539240506329115,2411.564535179435,24.175949367088606,2478.9456734729965,28.80911392405063
269,2395.225519575097,31.818037974683545,2550.5521080788776,22.736708860759492,2506.616664289246,32.495886075949365,2523.8781369401772,25.928797468354432,2411.564535179435,27.614240506329114,2477.5673928125666,28.11873417721519
270,2395.225519575097,26.396835443037975,2511.3820317484638,29.888924050632912,2506.616664289246,25.138291139240508,2523.8781369401772,20.805379746835442,2411.564535179435,30.985759493670887,2469.733377546484,26.643037974683544
271,2392.9902437468418,30.95253164556962,2511.3820317484638,24.481962025316456,2506.616664289246,24.946835443037976,2523.8781369401772,27.837025316455698,2408.7467852633076,30.742088607594937,2468.722772397607,27.79208860759494
272,2392.9902437468418,31.4253164556962,2511.3820317484638,35.879746835443036,2506.616664289246,22.990822784810128,2523.8781369401772,33.99208860759494,2408.7467852633076,30.919620253164556,2468.722772397607,31.04151898734177
273,2392.9902437468418,30.70981012658228,2511.3820317484638,32.50189873417722,2506.616664289246,22.912025316455697,2523.8781369401772,31.22373417721519,2408.7467852633076,38.09367088607595,2468.722772397607,31.08822784810127
274,2392.9902437468418,25.93354430379747,2511.3820317484638,20.031012658227848,2506.616664289246,22.037341772151898,2523.8781369401772,32.697784810126585,2408.7467852633076,30.295886075949365,2468.722772397607,26.199113924050636
275,2392.9902437468418,33.00917721518987,2511.3820317484638,24.997151898734177,2506.616664289246,27.707911392405062,2523.8781369401772,32.58955696202532,2408.7467852633076,26.94873417721519,2468.722772397607,29.050506329113926
276,2392.9902437468418,32.96487341772152,2511.3820317484638,26.40791139240506,2506.616664289246,35.31803797468354,2523.8781369401772,28.685759493670886,2408.7467852633076,31.144620253164558,2468.722772397607,30.904240506329113
277,2392.9902437468418,32.31867088607595,2511.3820317484638,34.62816455696203,2506.616664289246,37.625,2523.8781369401772,30.91012658227848,2408.7467852633076,28.921518987341774,2468.722772397607,32.880696202531645
278,2392.9902437468418,31.27753164556962,2511.3820317484638,28.558860759493673,2506.616664289246,27.46012658227848,2523.8781369401772,28.616772151898733,2408.7467852633076,31.30221518987342,2468.722772397607,29.443101265822783
279,2392.9902437468418,30.86772151898734,2511.3820317484638,34.6006329113924,2497.9083683329964,27.59525316455696,2523.8781369401772,33.55253164556962,2408.7467852633076,28.431645569620255,2466.9811132063573,31.009556962025318
280,2392.9902437468418,29.369620253164555,2500.212978255725,33.50126582278481,2497.9083683329964,28.47215189873418,2523.8781369401772,34.870886075949365,2408.7467852633076,30.095569620253166,2464.7473025078098,31.261898734177215
281,2392.9902437468418,40.971518987341774,2500.212978255725,35.97879746835443,2457.6844966563012,27.880696202531645,2523.8781369401772,34.869303797468355,2408.7467852633076,30.27373417721519,2456.7025281724705,33.99481012658227
282,2392.9902437468418,34.0882911392405,2500.212978255725,40.6493670886076,2457.6844966563012,39.10569620253165,2523.8781369401772,31.082594936708862,2406.0560149823436,30.03354430379747,2456.164374116278,34.99189873417721
283,2392.9902437468418,29.26613924050633,2495.9351616093804,40.063607594936705,2457.6844966563012,32.17056962025316,2523.8781369401772,25.09525316455696,2404.876956141075,29.407278481012657,2455.072999018755,31.200569620253162
284,2392.9902437468418,25.877215189873418,2495.9351616093804,36.91898734177215,2456.185514911369,26.849050632911393,2523.8781369401772,28.465506329113925,2404.876956141075,28.123417721518987,2454.7732026697686,29.246835443037973
285,2392.9902437468418,21.869620253164555,2482.0096470695667,37.83164556962026,2456.185514911369,30.062025316455696,2523.8781369401772,30.066139240506327,2404.876956141075,22.187025316455696,2451.988099761806,28.40329113924051
286,2392.9902437468418,31.189240506329114,2482.0096470695667,38.051582278481014,2453.8945248394975,27.824050632911394,2523.8781369401772,29.452848101265822,2404.876956141075,25.002215189873418,2451.5299017474317,30.303987341772153
287,2392.9902437468418,29.390506329113926,2482.0096470695667,36.924050632911396,2453.8945248394975,27.25632911392405,2515.4921547255476,36.69493670886076,2404.876956141075,25.400949367088607,2449.852705304506,31.133354430379747
288,2392.9902437468418,29.22151898734177,2482.0096470695667,33.01993670886076,2453.8945248394975,29.743354430379746,2503.1263209292197,38.50759493670886,2404.876956141075,29.887974683544304,2447.3795385452404,32.076075949367095
289,2392.9902437468418,27.971835443037975,2482.0096470695667,29.411708860759493,2453.8945248394975,26.777215189873417,2503.1263209292197,36.812025316455696,2402.7453352693424,30.324367088607595,2446.953214370894,30.259430379746835
290,2392.752849554265,25.920886075949365,2482.0096470695667,28.215506329113925,2447.424916149388,22.486708860759492,2453.6561864282016,31.739556962025315,2402.7453352693424,34.93354430379747,2435.717786894153,28.659240506329116
291,2392.752849554265,27.61740506329114,2482.0096470695667,30.09113924050633,2447.424916149388,19.799050632911392,2453.6561864282016,27.373101265822786,2402.7453352693424,30.92373417721519,2435.717786894153,27.160886075949367
292,2392.752849554265,26.889556962025317,2482.0096470695667,23.5503164556962,2447.424916149388,23.87753164556962,2453.6561864282016,22.86487341772152,2402.7453352693424,35.825,2435.717786894153,26.601455696202528
293,2392.752849554265,23.559177215189873,2482.0096470695667,30.53892405063291,2447.424916149388,31.85,2453.6561864282016,26.896835443037975,2402.7453352693424,32.94525316455696,2435.717786894153,29.158037974683545
294,2392.752849554265,23.963291139240507,2482.0096470695667,28.174367088607596,2447.424916149388,27.105063291139242,2453.6561864282016,31.030696202531647,2402.7453352693424,41.80411392405063,2435.717786894153,30.415506329113924
295,2392.752849554265,20.865506329113924,2466.2893184550826,35.88481012658228,2447.424916149388,24.96708860759494,2453.6561864282016,32.73481012658228,2402.7453352693424,33.60253164556962,2432.573721171256,29.610949367088615
296,2392.752849554265,24.303164556962024,2466.2893184550826,31.755696202531645,2447.424916149388,27.065506329113923,2453.6561864282016,23.429113924050633,2402.7453352693424,23.86993670886076,2432.573721171256,26.084683544303793
297,2392.752849554265,22.849367088607593,2466.2893184550826,25.082278481012658,2439.691126318776,37.67088607594937,2453.6561864282016,28.002848101265823,2402.7453352693424,26.929746835443037,2431.0269632051336,28.107025316455697
298,2392.752849554265,28.80221518987342,2466.2893184550826,30.562974683544304,2439.691126318776,30.817088607594936,2453.6561864282016,30.287341772151898,2402.7453352693424,29.28291139240506,2431.0269632051336,29.95050632911392
299,2392.752849554265,31.321518987341772,2466.2893184550826,27.923417721518987,2439.691126318776,26.73164556962025,2453.6561864282016,28.964556962025316,2402.7453352693424,26.661392405063292,2431.0269632051336,28.320506329113925
300,2340.603744044998,32.96550632911392,2466.2893184550826,27.63259493670886,2439.691126318776,32.029746835443035,2453.6561864282016,27.59873417721519,2392.6214505891,25.594620253164557,2418.5723651672315,29.16424050632911
301,2324.02762728921,38.972151898734175,2466.2893184550826,30.96645569620253,2439.691126318776,27.582594936708862,2453.6561864282016,34.008227848101264,2388.633645788515,29.041772151898734,2414.459580855957,32.11424050632911
302,2324.02762728921,32.05854430379747,2466.2893184550826,27.50379746835443,2439.691126318776,31.337025316455698,2453.6561864282016,29.598101265822784,2388.633645788515,31.895886075949367,2414.459580855957,30.478670886075946
303,2324.02762728921,31.72120253164557,2466.2893184550826,30.94240506329114,2436.509859797224,29.97848101265823,2453.6561864282016,29.249367088607595,2388.633645788515,25.03892405063291,2413.823327551647,29.386075949367086
304,2324.02762728921,28.675,2466.2893184550826,31.093354430379748,2428.832888930576,21.45601265822785,2453.6561864282016,30.848101265822784,2388.633645788515,33.45316455696202,2412.287933378317,29.10512658227848
305,2324.02762728921,20.960759493670885,2466.2893184550826,27.73132911392405,2423.088799836468,30.581645569620253,2453.6561864282016,30.88860759493671,2388.633645788515,27.031012658227848,2411.1391155594956,27.438670886075947
306,2319.092017879914,26.55221518987342,2466.2893184550826,27.963291139240507,2423.088799836468,30.609177215189874,2453.6561864282016,28.303797468354432,2388.633645788515,19.524367088607594,2410.1519936776363,26.590569620253167
307,2319.092017879914,25.39113924050633,2466.2893184550826,28.451582278481013,2423.088799836468,31.881645569620254,2453.6561864282016,26.77373417721519,2388.633645788515,31.631962025316454,2410.1519936776363,28.826012658227853
308,2319.092017879914,28.362025316455696,2466.2893184550826,28.365189873417723,2423.088799836468,24.73164556962025,2453.6561864282016,31.626898734177214,2388.633645788515,32.991772151898736,2410.1519936776363,29.215506329113925
309,2319.092017879914,34.30949367088608,2466.2893184550826,23.03259493670886,2423.088799836468,30.57373417721519,2453.6561864282016,31.482911392405065,2388.633645788515,32.598101265822784,2410.1519936776363,30.399367088607598
310,2319.092017879914,30.11487341772152,2466.2893184550826,26.12594936708861,2423.088799836468,24.01772151898734,2453.6561864282016,28.460443037974684,2388.633645788515,31.04018987341772,2410.1519936776363,27.951835443037975
311,2319.092017879914,32.83037974683544,2466.2893184550826,20.654113924050634,2423.088799836468,24.749367088607595,2453.6561864282016,25.041455696202533,2387.336192005138,34.234177215189874,2409.892502920961,27.50189873417721
312,2319.092017879914,34.075949367088604,2466.2893184550826,32.06012658227848,2423.088799836468,26.404430379746834,2453.6561864282016,28.85854430379747,2385.9000692537625,38.0753164556962,2409.605278370686,31.89487341772152
313,2319.092017879914,34.654746835443035,2466.2893184550826,33.92056962025316,2423.088799836468,29.22246835443038,2453.6561864282016,33.56107594936709,2385.9000692537625,41.07025316455696,2409.605278370686,34.485822784810125
314,2319.092017879914,30.352848101265824,2466.2893184550826,31.610443037974683,2423.088799836468,33.31898734177215,2453.6561864282016,33.677215189873415,2385.9000692537625,32.413291139240506,2409.605278370686,32.274556962025315
315,2319.092017879914,33.92120253164557,2466.2893184550826,27.42120253164557,2423.088799836468,28.362974683544305,2453.6561864282016,30.198417721518986,2385.9000692537625,33.665822784810125,2409.605278370686,30.713924050632915
316,2319.092017879914,27.635443037974685,2466.2893184550826,28.724683544303797,2423.088799836468,26.247151898734177,2453.6561864282016,28.479113924050633,2385.9000692537625,25.854746835443038,2409.605278370686,27.38822784810127
317,2293.6356290568833,26.85886075949367,2466.2893184550826,33.02025316455696,2423.088799836468,31.192088607594936,2453.6561864282016,37.28417721518987,2385.9000692537625,24.703164556962026,2404.5140006060797,30.611708860759496
318,2293.6356290568833,32.63291139240506,2466.2893184550826,38.575949367088604,2423.088799836468,23.23987341772152,2453.6561864282016,28.801582278481014,2385.9000692537625,21.950316455696203,2404.5140006060797,29.040126582278482
319,2293.6356290568833,29.689873417721518,2466.2893184550826,39.30411392405063,2423.088799836468,28.763291139240508,2453.6561864282016,28.944303797468354,2385.9000692537625,28.019303797468353,2404.5140006060797,30.94417721518987
320,2293.6356290568833,29.355696202531647,2466.2893184550826,24.42753164556962,2423.088799836468,29.803164556962024,2453.6561864282016,35.811392405063295,2385.9000692537625,30.003481012658227,2404.5140006060797,29.88025316455696
321,2293.6356290568833,26.287341772151898,2466.2893184550826,23.01518987341772,2423.088799836468,25.621835443037973,2453.6561864282016,33.473101265822784,2385.9000692537625,31.174367088607596,2404.5140006060797,27.914367088607595
322,2293.6356290568833,27.506645569620254,2466.2893184550826,27.4126582278481,2423.088799836468,26.01835443037975,2453.6561864282016,35.50379746835443,2385.9000692537625,24.5623417721519,2404.5140006060797,28.200759493670887
323,2293.6356290568833,25.208544303797467,2466.2893184550826,33.04778481012658,2423.088799836468,24.15348101265823,2453.6561864282016,39.45348101265823,2385.9000692537625,31.070569620253163,2404.5140006060797,30.58677215189873
324,2293.6356290568833,26.555379746835442,2466.2893184550826,34.949367088607595,2423.088799836468,29.485759493670887,2453.6561864282016,38.47943037974684,2385.9000692537625,33.79683544303798,2404.5140006060797,32.65335443037975
325,2293.6356290568833,31.258227848101267,2466.2893184550826,30.75601265822785,2423.088799836468,31.41993670886076,2453.6561864282016,34.47120253164557,2385.9000692537625,31.289556962025316,2404.5140006060797,31.838987341772157
326,2293.6356290568833,25.92626582278481,2466.2893184550826,26.35886075949367,2423.088799836468,32.04240506329114,2453.6561864282016,30.66487341772152,2385.9000692537625,24.886708860759494,2404.5140006060797,27.975822784810127
327,2293.6356290568833,14.909810126582279,2466.2893184550826,28.865189873417723,2423.088799836468,34.70569620253165,2453.6561864282016,26.729746835443038,2385.9000692537625,28.688924050632913,2404.5140006060797,26.779873417721518
328,2293.6356290568833,37.05886075949367,2466.2893184550826,32.38449367088607,2423.088799836468,33.678481012658224,2453.6561864282016,23.206645569620253,2385.9000692537625,33.73670886075949,2404.5140006060797,32.01303797468354
329,2293.6356290568833,27.201898734177217,2466.2893184550826,24.409493670886075,2423.088799836468,33.935759493670886,2453.6561864282016,26.381645569620254,2385.9000692537625,29.753481012658227,2404.5140006060797,28.336455696202528
330,2293.6356290568833,24.504430379746836,2466.2893184550826,20.48354430379747,2423.088799836468,37.38607594936709,2453.6561864282016,31.963291139240507,2385.9000692537625,28.432911392405064,2404.5140006060797,28.554050632911395
331,2293.6356290568833,25.718354430379748,2455.0982391818034,27.097784810126583,2423.088799836468,32.981962025316456,2443.897726705391,23.56645569620253,2385.9000692537625,25.64240506329114,2400.3240928068617,27.001392405063292
332,2293.6356290568833,29.183227848101264,2455.0982391818034,29.321518987341772,2423.088799836468,32.16803797468354,2443.897726705391,22.730379746835442,2385.9000692537625,15.84113924050633,2400.3240928068617,25.848860759493668
333,2293.6356290568833,33.30506329113924,2455.0982391818034,33.61424050632911,2423.088799836468,35.904113924050634,2443.897726705391,31.83892405063291,2385.9000692537625,28.350316455696202,2400.3240928068617,32.60253164556962
334,2293.6356290568833,25.14145569620253,2455.0982391818034,23.705696202531644,2423.088799836468,28.451582278481013,2443.897726705391,25.562974683544304,2385.9000692537625,30.669303797468356,2400.3240928068617,26.706202531645566
335,2293.6356290568833,32.0246835443038,2455.0982391818034,31.291772151898734,2423.088799836468,30.865189873417723,2443.897726705391,19.945886075949367,2385.9000692537625,24.649050632911393,2400.3240928068617,27.755316455696203
336,2293.6356290568833,33.370886075949365,2455.0982391818034,23.498101265822786,2414.8985697434127,31.194620253164558,2443.897726705391,26.570253164556963,2385.9000692537625,18.325316455696203,2398.6860467882507,26.591835443037972
337,2293.6356290568833,23.073101265822785,2442.3316730374763,33.154430379746834,2414.8985697434127,30.923417721518987,2443.897726705391,27.634493670886076,2385.9000692537625,22.858227848101265,2396.132733559385,27.52873417721519
338,2293.6356290568833,30.52848101265823,2440.0229123044364,27.76613924050633,2414.8985697434127,33.242721518987345,2443.897726705391,33.10126582278481,2384.493756177652,21.860759493670887,2395.389718797555,29.29987341772152
339,2293.6356290568833,27.432911392405064,2440.0229123044364,23.4623417721519,2412.098430780431,28.429746835443037,2443.897726705391,27.001582278481013,2376.6323998688936,31.864240506329114,2393.257419743207,27.63816455696203
340,2293.6356290568833,27.199367088607595,2440.0229123044364,21.43227848101266,2412.098430780431,25.281329113924052,2443.897726705391,27.276582278481012,2376.6323998688936,30.389240506329113,2393.257419743207,26.315759493670885
341,2293.6356290568833,31.240822784810128,2440.0229123044364,18.775632911392407,2412.098430780431,26.36139240506329,2443.897726705391,31.97879746835443,2376.6323998688936,29.95253164556962,2393.257419743207,27.66183544303798
342,2293.6356290568833,34.24651898734177,2440.0229123044364,28.133544303797468,2412.098430780431,31.823101265822785,2443.897726705391,21.84208860759494,2376.6323998688936,23.537025316455697,2393.257419743207,27.91645569620253
343,2293.6356290568833,31.74367088607595,2440.0229123044364,27.957278481012658,2412.098430780431,27.69145569620253,2443.897726705391,24.68860759493671,2376.6323998688936,33.56613924050633,2393.257419743207,29.12943037974684
344,2293.6356290568833,34.46993670886076,2440.0229123044364,31.297151898734178,2412.098430780431,31.537974683544302,2443.897726705391,28.418354430379747,2376.6323998688936,33.472151898734175,2393.257419743207,31.839113924050633
345,2293.6356290568833,29.968037974683543,2440.0229123044364,27.17626582278481,2412.098430780431,32.66139240506329,2441.4237813504215,24.102848101265824,2376.6323998688936,35.197784810126585,2392.762630672213,29.821265822784806
346,2293.6356290568833,26.22246835443038,2440.0229123044364,29.021835443037975,2412.098430780431,30.490506329113924,2441.4237813504215,34.81518987341772,2376.6323998688936,33.98702531645569,2392.762630672213,30.90740506329114
347,2293.6356290568833,33.10316455696203,2440.0229123044364,30.475316455696202,2412.098430780431,31.63132911392405,2441.4237813504215,31.520569620253166,2376.6323998688936,22.37594936708861,2392.762630672213,29.821265822784813
348,2293.6356290568833,31.317088607594936,2438.960184547388,30.31139240506329,2412.098430780431,26.062974683544304,2441.4237813504215,31.004430379746836,2365.5952272097497,27.1123417721519,2390.3426505889747,29.161645569620255
349,2293.6356290568833,25.475632911392406,2438.960184547388,21.673101265822783,2412.098430780431,27.196202531645568,2441.4237813504215,32.71455696202532,2365.5952272097497,28.48227848101266,2390.3426505889747,27.108354430379745
350,2293.6356290568833,20.178797468354432,2438.960184547388,24.94240506329114,2412.098430780431,34.71962025316456,2441.4237813504215,27.15379746835443,2365.5952272097497,34.8870253164557,2390.3426505889747,28.37632911392405
351,2293.6356290568833,24.472784810126583,2438.960184547388,16.53860759493671,2412.098430780431,31.501582278481013,2441.4237813504215,20.39240506329114,2365.5952272097497,28.96645569620253,2390.3426505889747,24.374367088607592
352,2293.6356290568833,32.50221518987342,2438.960184547388,25.051582278481014,2412.098430780431,32.938291139240505,2441.4237813504215,29.757911392405063,2365.5952272097497,26.327848101265822,2390.3426505889747,29.315569620253164
353,2293.6356290568833,32.20474683544304,2438.960184547388,26.312025316455696,2412.098430780431,32.913924050632914,2441.4237813504215,32.59303797468355,2349.0227535427325,28.792721518987342,2387.0281558555716,30.563291139240512
354,2293.5354819879103,26.756645569620254,2438.960184547388,31.083227848101266,2412.098430780431,27.240506329113924,2441.4237813504215,32.13575949367089,2349.0227535427325,32.27563291139241,2387.0081264417768,29.898354430379747
355,2293.5354819879103,26.639240506329113,2438.960184547388,28.059493670886077,2412.098430780431,31.535443037974684,2441.4237813504215,33.60379746835443,2349.0227535427325,42.41360759493671,2387.0081264417768,32.4503164556962
356,2293.5354819879103,34.894620253164554,2438.960184547388,31.884177215189872,2412.098430780431,29.664556962025316,2441.4237813504215,32.73069620253165,2349.0227535427325,34.758227848101264,2387.0081264417768,32.78645569620253
357,2293.5354819879103,23.445569620253163,2438.960184547388,25.311708860759495,2412.098430780431,35.14905063291139,2441.4237813504215,33.085443037974684,2349.0227535427325,27.531012658227848,2387.0081264417768,28.904556962025318
358,2293.5354819879103,31.631962025316454,2438.960184547388,25.175,2412.098430780431,30.666455696202533,2441.4237813504215,32.73829113924051,2349.0227535427325,27.33006329113924,2387.0081264417768,29.508354430379747
359,2293.5354819879103,33.437341772151896,2438.960184547388,22.957594936708862,2405.0015708411706,33.699367088607595,2423.004800644474,28.292405063291138,2349.0227535427325,26.91898734177215,2381.9049583127353,29.06113924050633
360,2293.5354819879103,28.625632911392405,2438.960184547388,22.854746835443038,2405.0015708411706,31.489240506329114,2423.004800644474,28.549050632911392,2349.0227535427325,29.753164556962027,2381.9049583127353,28.25436708860759
361,2293.5354819879103,27.74272151898734,2438.960184547388,21.28860759493671,2405.0015708411706,25.14651898734177,2404.046013469725,28.693987341772154,2349.0227535427325,25.857911392405065,2378.113200877785,25.74594936708861
362,2293.5354819879103,34.95854430379747,2438.960184547388,25.976898734177215,2405.0015708411706,30.532278481012657,2404.046013469725,24.87405063291139,2349.0227535427325,23.724050632911393,2378.113200877785,28.01316455696202
363,2293.5354819879103,37.04746835443038,2438.960184547388,32.54398734177215,2400.340688500136,27.024683544303798,2404.046013469725,36.14398734177215,2349.0227535427325,33.45632911392405,2377.1810244095786,33.243291139240505
364,2293.5354819879103,32.56898734177215,2438.960184547388,31.991139240506328,2400.340688500136,31.319303797468354,2404.046013469725,33.54335443037974,2349.0227535427325,27.060126582278482,2377.1810244095786,31.296582278481015
365,2293.5354819879103,34.24240506329114,2438.960184547388,27.421518987341774,2399.311996951813,25.584493670886076,2404.046013469725,28.500632911392405,2349.0227535427325,27.13101265822785,2376.975286099914,28.576012658227846
366,2293.5354819879103,32.665189873417724,2438.960184547388,30.348417721518988,2396.9466457091653,26.20601265822785,2404.046013469725,26.324367088607595,2349.0227535427325,20.73892405063291,2376.5022158513843,27.256582278481012
367,2293.5354819879103,25.329430379746835,2438.960184547388,28.46613924050633,2396.9466457091653,29.179430379746837,2404.046013469725,25.35854430379747,2349.0227535427325,19.84240506329114,2376.5022158513843,25.635189873417723
368,2293.5354819879103,21.79493670886076,2438.960184547388,27.300949367088606,2396.9466457091653,29.843354430379748,2404.046013469725,22.277215189873417,2330.730410509242,29.303164556962024,2372.8437472446863,26.103924050632912
369,2293.5354819879103,25.741455696202532,2438.960184547388,29.35,2396.9466457091653,29.200632911392404,2404.046013469725,22.997784810126582,2315.873650155258,27.214556962025316,2369.8723951738893,26.900886075949366
370,2293.5354819879103,24.43227848101266,2438.960184547388,19.964240506329112,2396.9466457091653,24.918037974683543,2404.046013469725,21.50727848101266,2314.463024321775,32.552215189873415,2369.5902700071924,24.674810126582276
371,2293.5354819879103,26.006962025316454,2438.960184547388,26.008544303797468,2396.9466457091653,23.776582278481012,2404.046013469725,26.194620253164558,2313.0158532579276,30.683227848101264,2369.300835794423,26.53398734177215
372,2293.5354819879103,26.39873417721519,2438.960184547388,28.898101265822785,2396.754894194326,30.96645569620253,2404.046013469725,29.457594936708862,2313.0158532579276,32.14398734177215,2369.2624854914557,29.572974683544306
373,2293.5354819879103,27.373417721518987,2438.960184547388,21.736075949367088,2396.754894194326,33.80759493670886,2404.046013469725,33.31962025316456,2293.167886293361,32.707911392405066,2365.2928920985423,29.788924050632907
374,2293.5354819879103,25.920569620253165,2438.960184547388,20.207911392405062,2396.754894194326,28.35759493670886,2404.046013469725,27.09208860759494,2293.167886293361,29.970569620253166,2365.2928920985423,26.309746835443043
375,2293.5354819879103,27.389873417721518,2438.960184547388,17.981012658227847,2396.754894194326,28.66518987341772,2404.046013469725,31.09113924050633,2293.167886293361,30.872784810126582,2365.2928920985423,27.2
376,2293.5354819879103,27.111708860759492,2438.960184547388,17.432911392405064,2396.754894194326,34.69525316455696,2404.046013469725,26.116455696202532,2293.167886293361,26.20253164556962,2365.2928920985423,26.31177215189873
377,2293.5354819879103,30.56772151898734,2438.960184547388,17.6996835443038,2396.754894194326,29.30854430379747,2404.046013469725,27.14272151898734,2293.167886293361,29.007911392405063,2365.2928920985423,26.745316455696205
378,2293.5354819879103,28.925632911392405,2438.960184547388,21.275,2396.754894194326,32.51012658227848,2404.046013469725,33.72246835443038,2293.167886293361,30.588607594936708,2365.2928920985423,29.404367088607597
379,2293.5354819879103,26.165506329113924,2438.960184547388,15.275,2396.754894194326,29.78354430379747,2404.046013469725,40.27405063291139,2293.167886293361,24.920886075949365,2365.2928920985423,27.28379746835443
380,2293.5354819879103,27.587025316455698,2438.960184547388,31.971835443037975,2396.754894194326,24.54620253164557,2404.046013469725,38.65632911392405,2293.167886293361,16.64873417721519,2365.2928920985423,27.88202531645569
381,2293.5354819879103,26.025,2438.960184547388,37.37689873417722,2396.754894194326,29.60253164556962,2404.046013469725,37.6,2293.167886293361,25.085759493670885,2365.2928920985423,31.138037974683545
382,2293.5354819879103,24.818037974683545,2438.960184547388,29.30221518987342,2396.754894194326,21.116455696202532,2404.046013469725,35.79430379746835,2293.167886293361,32.74050632911393,2365.2928920985423,28.754303797468356
383,2293.5354819879103,32.62626582278481,2438.960184547388,24.970569620253166,2396.754894194326,24.129746835443036,2404.046013469725,35.37689873417722,2290.1056384299186,22.4376582278481,2364.680442525854,27.908227848101262
384,2293.5354819879103,33.99493670886076,2438.960184547388,29.826582278481013,2376.9496602914046,32.107911392405065,2404.046013469725,32.59746835443038,2286.0284748010013,30.2376582278481,2359.9039630194857,31.752911392405064
385,2293.5354819879103,24.299683544303797,2438.960184547388,26.09873417721519,2376.9496602914046,40.19588607594937,2404.046013469725,32.31930379746836,2286.0284748010013,33.23512658227848,2359.9039630194857,31.22974683544304
386,2293.5354819879103,25.254113924050632,2438.960184547388,28.155379746835443,2376.9496602914046,43.471835443037975,2404.046013469725,25.289240506329115,2283.210724884874,35.49208860759494,2359.34041303626,31.532531645569623
387,2293.5354819879103,38.83037974683544,2438.960184547388,19.11898734177215,2376.9496602914046,37.24240506329114,2404.046013469725,26.96518987341772,2283.210724884874,33.14018987341772,2359.34041303626,31.059430379746836
388,2293.5354819879103,31.92753164556962,2438.960184547388,25.303164556962024,2376.9496602914046,34.19272151898734,2404.046013469725,26.60221518987342,2283.210724884874,29.71708860759494,2359.34041303626,29.548544303797467
389,2293.5354819879103,24.684493670886077,2438.960184547388,23.584493670886076,2376.9496602914046,30.394303797468353,2404.046013469725,18.922151898734178,2283.210724884874,21.059177215189873,2359.34041303626,23.72892405063291
390,2293.5354819879103,28.987025316455696,2438.960184547388,27.690506329113923,2376.9496602914046,32.10316455696203,2404.046013469725,22.612025316455696,2283.210724884874,27.649683544303798,2359.34041303626,27.808481012658227
391,2293.5354819879103,30.582911392405062,2438.960184547388,26.99240506329114,2376.9496602914046,26.73481012658228,2404.046013469725,23.252848101265823,2283.210724884874,26.693354430379745,2359.34041303626,26.851265822784814
392,2293.5354819879103,31.29746835443038,2438.960184547388,29.843670886075948,2376.9496602914046,27.236708860759492,2404.046013469725,23.697151898734177,2283.210724884874,29.068354430379745,2359.34041303626,28.228670886075946
393,2293.5354819879103,29.65253164556962,2438.960184547388,30.31740506329114,2376.9496602914046,25.311708860759495,2404.046013469725,20.005379746835445,2283.210724884874,27.89240506329114,2359.34041303626,26.635886075949365
394,2293.5354819879103,28.4876582278481,2438.960184547388,34.93101265822785,2376.9496602914046,28.630379746835445,2404.046013469725,25.930696202531646,2283.210724884874,26.524367088607594,2359.34041303626,28.900822784810128
395,2293.5354819879103,31.370253164556964,2438.960184547388,30.491455696202532,2376.9496602914046,24.776898734177216,2404.046013469725,26.076898734177217,2283.210724884874,25.417405063291138,2359.34041303626,27.62658227848101
396,2291.6221048570014,31.611708860759492,2438.960184547388,26.454430379746835,2376.9496602914046,25.820569620253163,2404.046013469725,30.38227848101266,2283.210724884874,30.97120253164557,2358.9577376100788,29.048037974683545
397,2291.6221048570014,31.79746835443038,2438.960184547388,24.62246835443038,2376.9496602914046,22.800949367088606,2404.046013469725,37.78639240506329,2283.210724884874,32.234493670886074,2358.9577376100788,29.84835443037975
398,2291.6221048570014,36.233544303797466,2438.960184547388,31.337658227848102,2376.9496602914046,34.63449367088607,2404.046013469725,37.258227848101264,2283.210724884874,29.883544303797468,2358.9577376100788,33.86949367088607
399,2291.6221048570014,34.68987341772152,2438.960184547388,23.110443037974683,2376.9496602914046,25.61867088607595,2404.046013469725,39.5246835443038,2283.210724884874,34.258227848101264,2358.9577376100788,31.44037974683544
400,2291.6221048570014,33.79746835443038,2438.960184547388,25.462974683544303,2376.9496602914046,25.89018987341772,2396.592933645129,30.386708860759494,2283.210724884874,30.390506329113926,2357.4671216451593,29.185569620253165
401,2291.6221048570014,24.577215189873417,2438.960184547388,20.944620253164558,2376.9496602914046,29.618037974683546,2396.5035983966272,36.92753164556962,2283.210724884874,26.299050632911392,2357.449254595459,27.673291139240508
402,2291.6221048570014,25.816139240506327,2438.960184547388,22.048417721518987,2376.9496602914046,29.792721518987342,2396.5035983966272,38.11392405063291,2283.210724884874,31.984493670886074,2357.449254595459,29.55113924050633
403,2291.6221048570014,27.22879746835443,2438.960184547388,27.654430379746834,2376.9496602914046,31.94493670886076,2396.5035983966272,38.506012658227846,2283.210724884874,22.94272151898734,2357.449254595459,29.655379746835443
404,2291.6221048570014,24.95474683544304,2438.960184547388,21.055696202531646,2376.9496602914046,39.470886075949366,2396.5035983966272,36.54746835443038,2283.210724884874,24.96740506329114,2357.449254595459,29.399240506329114
405,2291.6221048570014,28.25,2438.960184547388,23.232911392405065,2376.9496602914046,31.72246835443038,2396.5035983966272,26.00506329113924,2283.210724884874,21.985759493670887,2357.449254595459,26.239240506329118
406,2291.6221048570014,27.34525316455696,2438.960184547388,20.166455696202533,2376.9496602914046,36.69208860759494,2396.5035983966272,25.12879746835443,2283.210724884874,24.00253164556962,2357.449254595459,26.6670253164557
407,2291.6221048570014,26.1626582278481,2438.960184547388,26.40126582278481,2376.9496602914046,30.08132911392405,2396.5035983966272,24.354746835443038,2283.210724884874,23.970569620253166,2357.449254595459,26.194113924050633
408,2291.6221048570014,31.919303797468356,2438.960184547388,33.77879746835443,2376.9496602914046,32.14556962025316,2396.5035983966272,31.120253164556964,2283.210724884874,27.827848101265822,2357.449254595459,31.35835443037975
409,2291.6221048570014,36.66139240506329,2438.960184547388,29.99367088607595,2376.9496602914046,32.301582278481014,2396.5035983966272,31.809177215189873,2283.210724884874,29.13639240506329,2357.449254595459,31.98044303797468
410,2291.6221048570014,33.34018987341772,2438.960184547388,28.969303797468353,2376.9496602914046,29.99367088607595,2396.5035983966272,30.770569620253166,2283.210724884874,22.903164556962025,2357.449254595459,29.195379746835442
411,2291.6221048570014,33.5243670886076,2438.960184547388,24.655379746835443,2376.9496602914046,35.234177215189874,2396.5035983966272,27.140506329113926,2270.7478225934888,25.785443037974684,2354.9566741371823,29.267974683544303
412,2291.6221048570014,31.02848101265823,2438.960184547388,22.18006329113924,2376.9496602914046,34.085126582278484,2396.5035983966272,23.01613924050633,2270.7478225934888,16.752215189873418,2354.9566741371823,25.41240506329114
413,2291.6221048570014,33.21740506329114,2438.960184547388,32.64588607594937,2376.9496602914046,25.468037974683543,2396.5035983966272,25.638924050632912,2270.7478225934888,23.85632911392405,2354.9566741371823,28.165316455696207
414,2291.6221048570014,26.573417721518986,2438.960184547388,20.252215189873418,2376.9496602914046,20.581962025316457,2396.5035983966272,27.35379746835443,2270.7478225934888,25.164556962025316,2354.9566741371823,23.98518987341772
415,2291.6221048570014,28.725949367088607,2438.960184547388,26.64113924050633,2376.9496602914046,23.61392405063291,2396.5035983966272,32.46613924050633,2270.7478225934888,29.90981012658228,2354.9566741371823,28.27139240506329
416,2291.6221048570014,25.428797468354432,2438.960184547388,34.47784810126582,2376.9496602914046,23.376898734177214,2396.5035983966272,39.83006329113924,2270.7478225934888,34.79525316455696,2354.9566741371823,31.581772151898736
417,2283.9365986324397,35.6246835443038,2438.960184547388,32.81582278481012,2376.9496602914046,27.974683544303797,2396.5035983966272,36.66075949367089,2270.7478225934888,35.23892405063291,2353.4195728922696,33.662974683544306
418,2283.9365986324397,32.76487341772152,2433.851577296269,29.40348101265823,2376.9496602914046,25.015506329113926,2396.5035983966272,30.528164556962025,2270.7478225934888,34.11613924050633,2352.3978514420455,30.365632911392407
419,2283.9365986324397,34.983227848101265,2433.851577296269,33.414556962025316,2376.9496602914046,31.216772151898734,2396.5035983966272,39.09240506329114,2270.7478225934888,25.23860759493671,2352.3978514420455,32.789113924050625
420,2283.9365986324397,28.21139240506329,2433.851577296269,33.22784810126582,2376.9496602914046,21.8246835443038,2396.5035983966272,35.26012658227848,2270.7478225934888,34.33354430379747,2352.3978514420455,30.57151898734177
421,2283.9365986324397,27.502848101265823,2433.851577296269,22.162341772151898,2376.9496602914046,34.78006329113924,2396.5035983966272,24.037025316455697,2270.7478225934888,30.593037974683543,2352.3978514420455,27.81506329113924
422,2283.9365986324397,27.685759493670886,2433.851577296269,24.97025316455696,2376.9496602914046,24.070253164556963,2396.5035983966272,30.986708860759492,2270.7478225934888,34.09303797468355,2352.3978514420455,28.361202531645567
423,2283.9365986324397,24.911708860759493,2433.851577296269,33.19430379746836,2376.9496602914046,29.509177215189872,2396.5035983966272,20.945886075949367,2270.7478225934888,24.98259493670886,2352.3978514420455,26.708734177215195
424,2283.9365986324397,25.728164556962025,2433.851577296269,20.51645569620253,2376.9496602914046,30.441772151898736,2396.5035983966272,16.5626582278481,2270.7478225934888,25.463607594936708,2352.3978514420455,23.74253164556962
425,2283.9365986324397,34.75348101265823,2433.851577296269,15.504430379746836,2376.9496602914046,28.01139240506329,2396.5035983966272,26.399050632911393,2270.7478225934888,31.14240506329114,2352.3978514420455,27.16215189873418
426,2283.9365986324397,26.520253164556962,2433.851577296269,27.821835443037976,2376.9496602914046,28.254430379746836,2396.5035983966272,26.70474683544304,2263.2864472930432,26.963607594936708,2350.9055763819565,27.252974683544306
427,2283.9365986324397,23.978164556962025,2433.851577296269,20.04746835443038,2376.9496602914046,32.47816455696203,2396.5035983966272,28.654113924050634,2255.0865311732955,29.21487341772152,2349.265593158007,26.874556962025316
428,2283.9365986324397,19.884493670886076,2433.851577296269,28.456962025316457,2376.9496602914046,25.21012658227848,2396.5035983966272,25.128164556962027,2255.0865311732955,37.78227848101266,2349.265593158007,27.29240506329114
429,2283.9365986324397,32.05569620253164,2433.851577296269,28.537025316455697,2376.9496602914046,26.997151898734177,2396.5035983966272,34.67215189873418,2255.0865311732955,29.599367088607593,2349.265593158007,30.372278481012653
430,2283.9365986324397,24.27974683544304,2433.851577296269,27.028164556962025,2376.9496602914046,26.86867088607595,2386.707218456476,24.435759493670886,2243.4634254511398,24.88860759493671,2344.9816960255457,25.500189873417717
431,2283.9365986324397,37.34493670886076,2433.851577296269,27.664240506329115,2376.9496602914046,30.581962025316457,2386.707218456476,36.38512658227848,2243.4634254511398,26.04082278481013,2344.9816960255457,31.60341772151899
432,2283.9365986324397,32.620569620253164,2433.851577296269,29.572151898734177,2376.9496602914046,22.56360759493671,2386.707218456476,36.31930379746836,2236.265806668903,29.136708860759494,2343.542172269098,30.042468354430376
433,2283.9365986324397,23.210759493670885,2433.851577296269,32.42626582278481,2376.9496602914046,31.074050632911394,2386.707218456476,36.57689873417721,2230.7815210408703,29.934810126582278,2342.4453151434914,30.644556962025312
434,2283.9365986324397,25.369303797468355,2433.851577296269,43.993354430379746,2376.9496602914046,34.93481012658228,2386.707218456476,27.876582278481013,2230.7815210408703,26.274050632911393,2342.4453151434914,31.689620253164556
435,2281.2243999809452,18.770569620253166,2433.851577296269,27.609493670886074,2376.9496602914046,31.8876582278481,2386.707218456476,32.46392405063291,2230.7815210408703,32.859177215189874,2341.9028754131928,28.71816455696203
436,2281.2243999809452,22.830379746835444,2433.851577296269,25.822151898734177,2368.569216504916,29.725316455696202,2386.707218456476,34.74746835443038,2230.7815210408703,31.07753164556962,2340.226786655895,28.840569620253167
437,2281.2243999809452,19.46993670886076,2433.851577296269,33.82816455696202,2365.9452065763635,37.473417721518985,2386.707218456476,34.109177215189874,2230.7815210408703,33.985759493670884,2339.701984670185,31.773291139240506
438,2281.2243999809452,21.295569620253165,2433.851577296269,23.268987341772153,2365.9452065763635,22.47658227848101,2386.707218456476,31.22848101265823,2230.7815210408703,30.045886075949365,2339.701984670185,25.663101265822785
439,2281.2243999809452,17.449050632911394,2433.851577296269,29.20917721518987,2365.9452065763635,29.88101265822785,2386.707218456476,32.17784810126582,2230.7815210408703,28.72246835443038,2339.701984670185,27.48791139240506
440,2281.2243999809452,24.440822784810127,2433.851577296269,27.595569620253166,2365.9452065763635,23.293354430379747,2386.707218456476,35.93386075949367,2230.7815210408703,30.590822784810126,2339.701984670185,28.370886075949368
441,2281.2243999809452,30.806645569620255,2433.851577296269,25.599050632911393,2365.9452065763635,23.19367088607595,2386.707218456476,33.16898734177215,2230.7815210408703,26.766772151898735,2339.701984670185,27.907025316455695
442,2281.2243999809452,33.17120253164557,2433.851577296269,21.54525316455696,2365.9452065763635,24.740189873417723,2386.707218456476,24.585759493670885,2230.7815210408703,24.8246835443038,2339.701984670185,25.77341772151899
443,2281.2243999809452,25.414240506329115,2433.851577296269,20.094303797468353,2365.9452065763635,25.296518987341774,2386.707218456476,30.93259493670886,2230.7815210408703,29.759810126582277,2339.701984670185,26.299493670886072
444,2281.2243999809452,26.889556962025317,2433.851577296269,29.58417721518987,2365.9452065763635,36.120886075949365,2386.707218456476,22.556012658227846,2230.7815210408703,38.45443037974684,2339.701984670185,30.721012658227846
445,2281.2243999809452,30.21487341772152,2433.851577296269,27.15379746835443,2365.9452065763635,27.89746835443038,2386.707218456476,22.206962025316457,2230.7815210408703,26.970886075949366,2339.701984670185,26.888797468354433
446,2281.2243999809452,32.312025316455696,2433.851577296269,21.32879746835443,2365.9452065763635,32.09905063291139,2386.707218456476,27.092721518987343,2205.273170253057,33.303164556962024,2334.6003145126224,29.227151898734178
447,2281.2243999809452,28.240822784810128,2433.851577296269,28.150632911392407,2365.9452065763635,30.75759493670886,2386.707218456476,22.52848101265823,2205.273170253057,35.34398734177215,2334.6003145126224,29.004303797468356
448,2273.0861008053785,30.49493670886076,2433.851577296269,28.754113924050632,2365.9452065763635,29.945886075949367,2386.707218456476,26.619303797468355,2205.273170253057,29.7,2332.9726546775087,29.102848101265817
449,2265.18277866131,38.890506329113926,2433.851577296269,27.90981012658228,2365.9452065763635,32.1126582278481,2386.707218456476,28.039240506329115,2205.273170253057,27.894303797468353,2331.391990248695,30.969303797468353
450,2265.18277866131,32.42310126582279,2433.851577296269,24.259177215189872,2365.9452065763635,32.847151898734175,2386.707218456476,33.631962025316454,2205.273170253057,32.82753164556962,2331.391990248695,31.19778481012658
451,2265.18277866131,38.80759493670886,2433.851577296269,23.796518987341774,2365.9452065763635,20.26613924050633,2386.707218456476,35.26613924050633,2205.273170253057,34.098417721518985,2331.391990248695,30.44696202531646
452,2265.18277866131,30.117088607594937,2433.851577296269,26.52341772151899,2365.9452065763635,22.053481012658228,2386.707218456476,28.33987341772152,2205.273170253057,29.764240506329113,2331.391990248695,27.359620253164557
453,2265.18277866131,32.50854430379747,2433.851577296269,23.14873417721519,2365.9452065763635,23.36867088607595,2386.707218456476,29.525949367088607,2205.273170253057,25.241455696202532,2331.391990248695,26.758670886075954
454,2265.18277866131,29.517088607594935,2433.851577296269,24.753481012658227,2365.9452065763635,22.0503164556962,2386.707218456476,22.34493670886076,2205.273170253057,19.420569620253165,2331.391990248695,23.617278481012654
455,2265.18277866131,28.505696202531645,2433.851577296269,29.25094936708861,2365.9452065763635,27.4,2386.707218456476,25.121518987341773,2176.697514421065,24.814873417721518,2325.6768590822967,27.018607594936707
456,2243.1892341381567,18.61898734177215,2433.851577296269,28.225316455696202,2365.9452065763635,26.620253164556964,2386.707218456476,26.210443037974684,2176.697514421065,31.015822784810126,2321.278150177666,26.13816455696202
457,2243.1892341381567,21.066139240506327,2433.851577296269,28.34620253164557,2365.9452065763635,21.9,2386.707218456476,28.87626582278481,2176.697514421065,24.277215189873417,2321.278150177666,24.893164556962027
458,2243.1892341381567,22.555696202531646,2433.851577296269,28.99493670886076,2365.9452065763635,25.56740506329114,2386.707218456476,28.3003164556962,2176.697514421065,32.29810126582279,2321.278150177666,27.543291139240505
459,2243.1892341381567,28.02151898734177,2433.851577296269,31.514240506329113,2365.9452065763635,14.160759493670886,2386.707218456476,35.303481012658224,2176.697514421065,37.03196202531645,2321.278150177666,29.206392405063287
460,2243.1892341381567,24.465822784810126,2433.851577296269,37.470253164556965,2365.9452065763635,24.59525316455696,2386.707218456476,14.234177215189874,2176.697514421065,40.91867088607595,2321.278150177666,28.336835443037977
461,2243.1892341381567,22.568354430379745,2433.851577296269,33.34240506329114,2365.9452065763635,39.098101265822784,2386.707218456476,20.321518987341772,2176.697514421065,33.120569620253164,2321.278150177666,29.690189873417722
462,2243.1892341381567,28.481012658227847,2433.851577296269,31.792405063291138,2365.9452065763635,30.569303797468354,2386.707218456476,26.479430379746834,2176.697514421065,21.235126582278482,2321.278150177666,27.711455696202528
463,2243.1892341381567,33.17341772151899,2433.851577296269,29.105696202531647,2365.9452065763635,28.89746835443038,2386.707218456476,30.74240506329114,2176.697514421065,20.125316455696204,2321.278150177666,28.40886075949367
464,2243.1892341381567,35.46455696202532,2433.851577296269,32.49145569620253,2365.9452065763635,24.28860759493671,2386.707218456476,31.160443037974684,2176.697514421065,23.37879746835443,2321.278150177666,29.356772151898735
465,2243.1892341381567,27.647151898734176,2433.851577296269,25.900632911392407,2365.9452065763635,24.062025316455696,2386.707218456476,32.43322784810127,2176.697514421065,25.098101265822784,2321.278150177666,27.028227848101267
466,2243.1892341381567,27.975316455696202,2433.851577296269,29.163291139240506,2365.9452065763635,24.228164556962025,2386.707218456476,28.589240506329112,2176.697514421065,19.223417721518988,2321.278150177666,25.835886075949368
467,2243.1892341381567,32.52025316455696,2433.851577296269,27.566772151898736,2365.9452065763635,30.917405063291138,2386.707218456476,31.73386075949367,2176.697514421065,27.71487341772152,2321.278150177666,30.0906329113924
468,2243.1892341381567,29.355379746835442,2433.851577296269,32.752848101265826,2365.9452065763635,35.800316455696205,2386.707218456476,35.62120253164557,2176.697514421065,24.694303797468354,2321.278150177666,31.64481012658228
469,2243.1892341381567,30.11772151898734,2433.851577296269,29.436075949367087,2365.9452065763635,35.7129746835443,2386.707218456476,31.995569620253164,2157.76345858694,23.676898734177215,2317.491339010841,30.18784810126582
470,2243.1892341381567,33.34018987341772,2433.851577296269,36.14873417721519,2365.9452065763635,32.45221518987342,2386.707218456476,31.510443037974685,2157.76345858694,28.81772151898734,2317.491339010841,32.45386075949367
471,2243.1892341381567,35.404113924050634,2433.851577296269,37.73386075949367,2365.9452065763635,32.92120253164557,2386.707218456476,33.70601265822785,2157.76345858694,27.10759493670886,2317.491339010841,33.37455696202532
472,2243.1892341381567,25.098417721518988,2433.851577296269,33.859177215189874,2365.9452065763635,31.409177215189874,2386.707218456476,20.890822784810126,2157.76345858694,32.15727848101266,2317.491339010841,28.682974683544302
473,2243.1892341381567,29.917088607594938,2433.851577296269,32.21139240506329,2365.9452065763635,31.91582278481013,2386.707218456476,29.624367088607595,2157.76345858694,36.83639240506329,2317.491339010841,32.10101265822785
474,2243.1892341381567,25.629746835443036,2433.851577296269,34.426582278481014,2365.9452065763635,29.9253164556962,2386.707218456476,33.80822784810127,2157.76345858694,38.80253164556962,2317.491339010841,32.51848101265823
475,2243.1892341381567,29.555696202531646,2433.851577296269,34.74367088607595,2365.9452065763635,33.27120253164557,2386.707218456476,33.018037974683544,2157.76345858694,35.53639240506329,2317.491339010841,33.225
476,2243.1892341381567,25.83101265822785,2433.851577296269,26.526582278481012,2365.9452065763635,29.26107594936709,2386.707218456476,32.47879746835443,2152.26207510541,34.20411392405063,2316.391062314535,29.660316455696204
477,2243.1892341381567,29.455696202531644,2433.851577296269,26.55854430379747,2365.9452065763635,28.574050632911394,2386.707218456476,28.625,2151.935944821951,25.700632911392404,2316.325836257843,27.782784810126582
478,2243.1892341381567,34.96518987341772,2433.851577296269,31.206645569620253,2365.9452065763635,25.662974683544302,2386.707218456476,30.853164556962025,2151.935944821951,28.80253164556962,2316.325836257843,30.298101265822787
479,2243.1892341381567,37.68259493670886,2433.851577296269,23.820569620253163,2365.9452065763635,28.019936708860758,2386.707218456476,28.2,2151.935944821951,21.929430379746837,2316.325836257843,27.93050632911392
480,2243.1892341381567,35.86550632911393,2433.851577296269,21.582278481012658,2365.9452065763635,24.637974683544304,2386.707218456476,33.789240506329115,2151.935944821951,27.64778481012658,2316.325836257843,28.704556962025315
481,2243.1892341381567,39.31993670886076,2433.851577296269,25.690822784810127,2365.9452065763635,27.2,2386.707218456476,22.334493670886076,2151.935944821951,28.575949367088608,2316.325836257843,28.624240506329112
482,2243.1892341381567,36.10379746835443,2433.851577296269,28.821202531645568,2365.9452065763635,22.625,2386.707218456476,24.04018987341772,2151.935944821951,24.287974683544302,2316.325836257843,27.175632911392405
483,2243.1892341381567,30.479113924050633,2433.851577296269,28.72848101265823,2365.9452065763635,23.429746835443037,2386.707218456476,21.671518987341774,2151.935944821951,26.24746835443038,2316.325836257843,26.11126582278481
484,2243.1892341381567,23.53259493670886,2433.851577296269,31.419620253164556,2365.9452065763635,30.35253164556962,2386.707218456476,23.120253164556964,2151.935944821951,27.046835443037974,2316.325836257843,27.094367088607594
485,2243.1892341381567,25.19367088607595,2433.851577296269,28.053797468354432,2365.9452065763635,27.530379746835443,2386.707218456476,23.994620253164555,2151.532072136005,24.110126582278482,2316.2450617206537,25.776518987341774
486,2243.1892341381567,35.93132911392405,2433.851577296269,37.02246835443038,2365.9452065763635,27.640822784810126,2386.707218456476,21.372151898734177,2151.0144713092345,19.281012658227848,2316.1415415552997,28.249556962025316
487,2243.1892341381567,26.34715189873418,2433.851577296269,37.553481012658224,2365.9452065763635,26.136708860759494,2386.707218456476,25.327848101265822,2151.0144713092345,28.25601265822785,2316.1415415552997,28.724240506329117
488,2243.1892341381567,29.065822784810127,2433.851577296269,32.92753164556962,2365.9452065763635,29.856962025316456,2386.707218456476,30.960759493670885,2151.0144713092345,21.245253164556964,2316.1415415552997,28.81126582278481
489,2243.1892341381567,17.372784810126582,2433.851577296269,33.719303797468356,2365.9452065763635,27.218987341772152,2386.707218456476,24.384177215189872,2151.0144713092345,29.31993670886076,2316.1415415552997,26.403037974683542
490,2243.1892341381567,26.85664556962025,2433.851577296269,36.32911392405063,2365.9452065763635,26.047784810126583,2386.707218456476,24.54398734177215,2151.0144713092345,33.47120253164557,2316.1415415552997,29.44974683544304
491,2243.1892341381567,28.61898734177215,2433.851577296269,31.64145569620253,2365.9452065763635,29.884493670886076,2386.707218456476,29.703481012658226,2151.0144713092345,26.716772151898734,2316.1415415552997,29.313037974683546
492,2243.1892341381567,28.22246835443038,2433.851577296269,29.66392405063291,2365.9452065763635,25.498101265822786,2386.707218456476,29.121518987341773,2151.0144713092345,20.949050632911394,2316.1415415552997,26.69101265822785
493,2237.229921756872,27.33512658227848,2433.851577296269,34.582911392405066,2365.9452065763635,32.88607594936709,2386.707218456476,25.729113924050633,2151.0144713092345,31.665506329113924,2314.9496790790427,30.43974683544304
494,2224.0196130438167,31.025,2433.851577296269,34.924050632911396,2365.9452065763635,17.216772151898734,2386.707218456476,28.31993670886076,2151.0144713092345,31.699367088607595,2312.3076173364316,28.6370253164557
495,2222.2306682252874,27.58607594936709,2433.851577296269,35.457911392405066,2365.9452065763635,22.34620253164557,2386.707218456476,34.08259493670886,2151.0144713092345,23.105379746835442,2311.949828372726,28.51563291139241
496,2222.2306682252874,27.980063291139242,2433.851577296269,36.77563291139241,2365.9452065763635,28.060443037974682,2386.707218456476,36.34018987341772,2151.0144713092345,31.15791139240506,2311.949828372726,32.06284810126582
497,2222.2306682252874,26.765822784810126,2433.851577296269,31.198417721518986,2365.9452065763635,31.412974683544302,2386.707218456476,34.61392405063291,2151.0144713092345,29.684493670886077,2311.949828372726,30.73512658227848
498,2220.99379889206,30.734177215189874,2433.851577296269,20.425949367088606,2365.9452065763635,21.620886075949368,2386.707218456476,34.73860759493671,2151.0144713092345,31.42373417721519,2311.7024545060804,27.78867088607595
499,2215.784423195942,26.830696202531644,2433.851577296269,18.700949367088608,2365.9452065763635,28.91582278481013,2386.707218456476,34.79620253164557,2151.0144713092345,23.77151898734177,2310.660579366857,26.60303797468355
500,2215.784423195942,28.453164556962026,2433.851577296269,28.904113924050634,2365.9452065763635,25.060759493670886,2386.707218456476,30.60886075949367,2151.0144713092345,35.84208860759494,2310.660579366857,29.773797468354427
