generation,fitness_run_1,diversity_run_1,fitness_run_2,diversity_run_2,fitness_run_3,diversity_run_3,fitness_run_4,diversity_run_4,fitness_run_5,diversity_run_5,fitness_average,diversity_average
1,3710.9864148865763,98.56772151898734,3787.472682628581,98.70411392405063,3559.8694819410634,98.76139240506329,3668.2584678303383,98.73291139240506,3755.290746589631,98.75854430379746,3696.3755587752376,98.70493670886076
2,3710.9864148865763,98.575,3756.5309796179718,98.51740506329114,3559.8694819410634,98.74208860759494,3668.2584678303383,98.43987341772151,3618.0854267772784,98.60949367088608,3662.7461542106453,98.57677215189874
3,3710.9864148865763,98.39430379746835,3736.177093910981,98.5620253164557,3559.8694819410634,98.60791139240506,3577.784598811172,98.29208860759493,3618.0854267772784,98.57879746835442,3640.5806032654136,98.4870253164557
4,3710.9864148865763,98.07879746835442,3736.177093910981,98.56139240506329,3559.8694819410634,98.41962025316455,3577.784598811172,98.10727848101266,3618.0854267772784,98.50917721518988,3640.5806032654136,98.33525316455696
5,3710.9864148865763,98.13037974683544,3736.177093910981,98.42974683544304,3559.8694819410634,98.45316455696202,3577.784598811172,98.31455696202532,3618.0854267772784,98.43386075949367,3640.5806032654136,98.3523417721519
6,3675.6747269280245,98.07056962025317,3736.177093910981,98.27689873417721,3559.8694819410634,98.29810126582278,3577.784598811172,98.36645569620254,3618.0854267772784,98.24430379746835,3633.518265673704,98.2512658227848
7,3614.744554171975,98.11993670886076,3736.177093910981,98.19145569620254,3559.8694819410634,98.27721518987342,3577.784598811172,98.38386075949367,3618.0854267772784,98.09715189873418,3621.332231122494,98.21392405063291
8,3614.744554171975,97.99367088607595,3733.3172827092553,98.07753164556962,3559.8694819410634,98.30664556962026,3577.784598811172,98.27721518987342,3618.0854267772784,98.02215189873418,3620.7602688821485,98.13544303797468
9,3614.744554171975,97.88544303797468,3637.639085520942,98.08481012658228,3559.8694819410634,98.3246835443038,3577.784598811172,98.20917721518987,3618.0854267772784,98.11075949367088,3601.6246294444854,98.1229746835443
10,3614.744554171975,97.89303797468355,3637.639085520942,98.04810126582278,3559.8694819410634,98.10411392405064,3577.784598811172,98.19272151898734,3608.466140106521,98.0386075949367,3599.700772110334,98.05531645569621
11,3614.744554171975,98.01835443037974,3637.639085520942,98.01645569620253,3559.8694819410634,98.25379746835443,3577.784598811172,98.08132911392406,3608.466140106521,97.81772151898734,3599.700772110334,98.03753164556963
12,3614.744554171975,97.78069620253164,3637.639085520942,98.04620253164558,3559.8694819410634,98.10506329113925,3577.784598811172,98.1620253164557,3580.5249573998003,98.08829113924051,3594.11253556899,98.03645569620252
13,3614.744554171975,97.72563291139241,3637.639085520942,97.9376582278481,3559.8694819410634,98.09873417721519,3577.784598811172,98.14177215189873,3499.2064474559943,97.95443037974684,3577.8488335802294,97.97164556962026
14,3614.744554171975,97.66582278481013,3637.639085520942,97.99113924050633,3559.8694819410634,98.05759493670887,3577.784598811172,98.02246835443037,3499.2064474559943,98.08322784810126,3577.8488335802294,97.9640506329114
15,3517.5925551287837,97.59525316455696,3637.639085520942,97.85601265822785,3559.8694819410634,98.06645569620254,3577.784598811172,97.96803797468354,3499.2064474559943,98.04113924050633,3558.4184337715915,97.90537974683545
16,3517.5925551287837,97.55632911392405,3637.639085520942,97.9629746835443,3559.8694819410634,98.06613924050633,3577.784598811172,97.98860759493671,3499.2064474559943,98.09398734177215,3558.4184337715915,97.93360759493672
17,3517.5925551287837,97.58164556962025,3637.639085520942,98.26740506329114,3559.8694819410634,98.00253164556962,3577.784598811172,98.18069620253165,3499.2064474559943,98.06360759493671,3558.4184337715915,98.01917721518987
18,3517.5925551287837,97.68227848101266,3635.3442797088646,98.22310126582279,3559.8694819410634,98.02974683544304,3528.4641418799697,98.11803797468355,3499.2064474559943,98.01107594936708,3548.0953812229354,98.01284810126582
19,3517.5925551287837,97.49398734177215,3635.3442797088646,98.12689873417722,3559.8694819410634,98.13006329113924,3467.51108837563,97.96898734177215,3499.2064474559943,97.95949367088608,3535.904770522067,97.93588607594938
20,3517.5925551287837,97.74050632911393,3635.3442797088646,98.075,3559.8694819410634,97.80189873417721,3467.51108837563,97.625,3499.2064474559943,97.92278481012659,3535.904770522067,97.83303797468355
21,3517.5925551287837,97.82373417721519,3635.3442797088646,98.02278481012658,3559.8694819410634,97.8379746835443,3370.8050124015213,97.80696202531645,3499.2064474559943,97.77120253164557,3516.5635553272455,97.85253164556961
22,3517.5925551287837,97.66487341772152,3635.3442797088646,98.07879746835442,3559.8694819410634,97.72088607594937,3343.2142062213497,97.77594936708861,3499.2064474559943,97.76582278481013,3511.045394091211,97.80126582278481
23,3517.5925551287837,97.65253164556962,3635.3442797088646,97.91487341772152,3559.8694819410634,97.86898734177215,3343.2142062213497,97.44177215189873,3499.2064474559943,97.84303797468354,3511.045394091211,97.7442405063291
24,3517.5925551287837,97.59082278481013,3579.475547974407,98.01550632911392,3559.8694819410634,97.81518987341772,3343.2142062213497,97.823417721519,3499.2064474559943,97.92911392405064,3499.8716477443195,97.83481012658227
25,3517.5925551287837,97.50126582278482,3579.475547974407,98.09208860759493,3559.8694819410634,97.79778481012659,3343.2142062213497,97.92405063291139,3499.2064474559943,97.92025316455697,3499.8716477443195,97.84708860759494
26,3517.5925551287837,97.80221518987342,3579.475547974407,97.80506329113923,3559.8694819410634,97.45537974683545,3343.2142062213497,97.85126582278481,3499.2064474559943,97.85537974683544,3499.8716477443195,97.75386075949366
27,3517.5925551287837,97.83259493670886,3579.475547974407,98.03069620253164,3522.2664196528126,97.7370253164557,3343.2142062213497,97.4873417721519,3499.2064474559943,97.98354430379747,3492.3510352866697,97.81424050632913
28,3517.5925551287837,97.73069620253165,3579.475547974407,97.84905063291139,3450.7927227679975,97.14462025316456,3343.2142062213497,97.74715189873417,3499.2064474559943,97.85664556962026,3478.0562959097065,97.6656329113924
29,3517.5925551287837,97.52594936708861,3579.475547974407,97.78196202531646,3450.7927227679975,97.13955696202531,3343.2142062213497,97.65569620253164,3499.2064474559943,98.05348101265822,3478.0562959097065,97.63132911392405
30,3517.5925551287837,97.32974683544303,3579.475547974407,97.8867088607595,3450.7927227679975,97.24556962025316,3343.2142062213497,97.7253164556962,3499.2064474559943,97.84841772151898,3478.0562959097065,97.60715189873417
31,3517.5925551287837,97.47879746835443,3579.475547974407,97.95443037974684,3450.7927227679975,96.95221518987341,3343.2142062213497,97.6870253164557,3499.2064474559943,97.82753164556962,3478.0562959097065,97.58
32,3517.5925551287837,97.69715189873418,3579.475547974407,98.051582278481,3450.7927227679975,97.16582278481013,3343.2142062213497,97.68037974683544,3499.2064474559943,97.69303797468355,3478.0562959097065,97.65759493670886
33,3517.5925551287837,97.6503164556962,3579.475547974407,98.08829113924051,3450.7927227679975,97.50094936708861,3343.2142062213497,97.6996835443038,3499.2064474559943,97.8006329113924,3478.0562959097065,97.7479746835443
34,3517.5925551287837,97.4389240506329,3579.475547974407,97.725,3450.7927227679975,97.51455696202531,3343.2142062213497,97.51930379746835,3499.2064474559943,97.75822784810127,3478.0562959097065,97.59120253164556
35,3517.5925551287837,97.64398734177215,3579.475547974407,97.75126582278482,3450.7927227679975,97.63037974683544,3343.2142062213497,97.47943037974683,3499.2064474559943,97.99778481012659,3478.0562959097065,97.70056962025316
36,3517.5925551287837,97.72879746835443,3579.475547974407,97.67088607594937,3447.3426671174834,97.6367088607595,3343.2142062213497,97.59841772151898,3499.2064474559943,98.09525316455696,3477.366284779604,97.74601265822784
37,3517.5925551287837,98.00126582278482,3579.475547974407,97.57721518987341,3447.3426671174834,97.39683544303797,3343.2142062213497,97.69525316455696,3499.2064474559943,98.01455696202531,3477.366284779604,97.7370253164557
38,3517.5925551287837,97.7129746835443,3579.475547974407,97.68481012658228,3447.3426671174834,97.46740506329114,3343.2142062213497,97.525,3499.2064474559943,98.0496835443038,3477.366284779604,97.6879746835443
39,3513.740449780979,98.01835443037974,3579.475547974407,97.66993670886076,3447.3426671174834,97.77215189873418,3343.2142062213497,97.275,3499.2064474559943,97.70727848101266,3476.5958637100425,97.68854430379749
40,3513.740449780979,97.68227848101266,3579.475547974407,97.58449367088608,3447.3426671174834,97.88354430379746,3343.2142062213497,97.50854430379746,3499.2064474559943,97.86867088607595,3476.5958637100425,97.70550632911393
41,3513.740449780979,97.87626582278482,3579.475547974407,97.78924050632911,3447.3426671174834,97.9246835443038,3343.2142062213497,97.28449367088608,3499.2064474559943,97.925,3476.5958637100425,97.75993670886076
42,3513.740449780979,97.86487341772153,3579.475547974407,97.43987341772151,3447.3426671174834,97.89620253164557,3343.2142062213497,97.06645569620254,3499.2064474559943,97.96677215189874,3476.5958637100425,97.64683544303797
43,3513.740449780979,97.85886075949367,3579.475547974407,97.60886075949367,3447.3426671174834,97.94778481012658,3343.2142062213497,97.15664556962025,3499.2064474559943,97.52278481012658,3476.5958637100425,97.61898734177214
44,3513.740449780979,97.58037974683545,3579.475547974407,97.47405063291139,3447.3426671174834,98.10221518987342,3343.2142062213497,97.17816455696203,3499.2064474559943,97.85886075949367,3476.5958637100425,97.63873417721518
45,3513.740449780979,97.27594936708861,3579.475547974407,97.45189873417722,3447.3426671174834,98.073417721519,3343.2142062213497,97.09525316455696,3499.2064474559943,97.89018987341773,3476.5958637100425,97.5573417721519
46,3513.740449780979,97.41867088607594,3579.475547974407,97.70917721518987,3447.3426671174834,98.0,3343.2142062213497,97.19082278481012,3499.2064474559943,97.98860759493671,3476.5958637100425,97.66145569620252
47,3513.740449780979,97.20537974683545,3579.475547974407,97.70253164556962,3447.3426671174834,97.30537974683544,3343.2142062213497,97.18164556962026,3499.2064474559943,97.76867088607595,3476.5958637100425,97.43272151898734
48,3513.740449780979,97.14841772151898,3579.475547974407,97.70094936708861,3447.3426671174834,97.67246835443038,3343.2142062213497,97.34177215189874,3499.2064474559943,97.63164556962025,3476.5958637100425,97.49905063291139
49,3513.740449780979,96.89462025316456,3579.475547974407,97.77943037974684,3447.3426671174834,97.58132911392406,3343.2142062213497,97.3123417721519,3499.2064474559943,97.20348101265823,3476.5958637100425,97.35424050632913
50,3513.740449780979,97.16645569620253,3579.475547974407,97.75316455696202,3447.3426671174834,97.75791139240506,3343.2142062213497,97.1503164556962,3499.2064474559943,97.38037974683544,3476.5958637100425,97.44164556962025
51,3513.740449780979,97.38924050632912,3579.475547974407,97.62594936708861,3447.3426671174834,97.62215189873417,3343.2142062213497,97.37246835443038,3499.2064474559943,97.28259493670886,3476.5958637100425,97.45848101265823
52,3513.740449780979,97.50569620253165,3579.475547974407,97.64588607594936,3447.3426671174834,97.375,3343.2142062213497,97.26424050632912,3489.3390076488367,96.98227848101266,3474.6223757486114,97.35462025316454
53,3513.740449780979,97.5376582278481,3579.475547974407,97.51962025316456,3447.3426671174834,97.65189873417721,3343.2142062213497,97.35981012658227,3439.4536099420566,97.46012658227848,3464.6452962072553,97.50582278481012
54,3513.740449780979,97.64303797468355,3579.475547974407,97.74556962025316,3447.3426671174834,97.78449367088608,3343.2142062213497,97.4123417721519,3425.0909919144956,97.29683544303798,3461.772772601743,97.57645569620254
55,3513.740449780979,97.6503164556962,3579.475547974407,97.6126582278481,3447.3426671174834,97.77278481012658,3343.2142062213497,97.37626582278482,3425.0909919144956,97.30949367088607,3461.772772601743,97.54430379746836
56,3513.740449780979,97.65727848101265,3579.475547974407,97.82753164556962,3447.3426671174834,97.90632911392404,3343.2142062213497,97.51835443037974,3425.0909919144956,97.30727848101266,3461.772772601743,97.64335443037973
57,3513.740449780979,97.3503164556962,3579.475547974407,97.99113924050633,3447.3426671174834,97.7746835443038,3343.2142062213497,97.58227848101266,3425.0909919144956,97.5743670886076,3461.772772601743,97.65455696202532
58,3513.740449780979,97.55316455696203,3579.475547974407,97.70727848101266,3447.3426671174834,97.87151898734177,3343.2142062213497,97.61962025316456,3425.0909919144956,97.52658227848102,3461.772772601743,97.65563291139242
59,3513.740449780979,97.48544303797469,3529.80583145176,97.57120253164557,3447.3426671174834,97.50632911392405,3343.2142062213497,97.67879746835443,3425.0909919144956,97.39018987341773,3451.8388292972136,97.5263924050633
60,3513.740449780979,97.56962025316456,3529.80583145176,97.66107594936709,3447.3426671174834,97.35253164556963,3343.2142062213497,97.64556962025317,3425.0909919144956,97.7006329113924,3451.8388292972136,97.58588607594938
61,3513.740449780979,97.67151898734177,3529.80583145176,97.6126582278481,3447.3426671174834,97.27879746835443,3343.2142062213497,97.8379746835443,3425.0909919144956,97.83227848101266,3451.8388292972136,97.64664556962025
62,3513.740449780979,97.65411392405063,3529.80583145176,97.475,3447.3426671174834,97.5506329113924,3343.2142062213497,97.77373417721519,3425.0909919144956,97.82658227848101,3451.8388292972136,97.65601265822784
63,3513.740449780979,97.75348101265823,3529.80583145176,97.79810126582278,3447.3426671174834,97.51550632911392,3343.2142062213497,97.66708860759493,3425.0909919144956,97.7376582278481,3451.8388292972136,97.6943670886076
64,3513.740449780979,97.66044303797469,3529.80583145176,97.67341772151899,3447.3426671174834,97.54905063291139,3343.2142062213497,97.80854430379746,3425.0909919144956,97.88449367088607,3451.8388292972136,97.71518987341771
65,3513.740449780979,97.70189873417722,3472.9430499397167,97.60601265822785,3447.3426671174834,97.575,3343.2142062213497,97.7123417721519,3425.0909919144956,97.89620253164557,3440.4662729948045,97.6982911392405
66,3513.740449780979,97.75284810126583,3472.9430499397167,97.32879746835442,3447.3426671174834,97.60981012658227,3343.2142062213497,97.39936708860759,3425.0909919144956,97.91708860759493,3440.4662729948045,97.601582278481
67,3513.740449780979,97.55822784810127,3432.9770542719357,97.51962025316456,3447.3426671174834,97.52689873417721,3343.2142062213497,97.66329113924051,3425.0909919144956,97.83607594936709,3432.473073861249,97.62082278481014
68,3513.740449780979,97.65696202531646,3432.9770542719357,97.36708860759494,3447.3426671174834,97.27658227848102,3343.2142062213497,97.6256329113924,3425.0909919144956,97.40664556962025,3432.473073861249,97.46658227848101
69,3513.740449780979,97.68354430379746,3432.9770542719357,97.19303797468355,3447.3426671174834,97.33037974683545,3343.2142062213497,97.36170886075949,3425.0909919144956,97.81867088607595,3432.473073861249,97.47746835443039
70,3513.740449780979,97.73322784810127,3432.9770542719357,97.30569620253165,3447.3426671174834,97.40569620253164,3343.2142062213497,97.46455696202531,3425.0909919144956,97.7376582278481,3432.473073861249,97.52936708860759
71,3513.740449780979,97.79651898734177,3432.9770542719357,97.25791139240506,3447.3426671174834,97.41518987341772,3343.2142062213497,97.49398734177215,3425.0909919144956,97.69113924050633,3432.473073861249,97.5309493670886
72,3513.740449780979,97.74778481012659,3432.9770542719357,97.22278481012658,3447.3426671174834,97.56645569620254,3343.2142062213497,97.66075949367088,3425.0909919144956,97.55316455696203,3432.473073861249,97.55018987341772
73,3513.740449780979,97.77943037974684,3432.9770542719357,97.49018987341772,3447.3426671174834,97.36012658227848,3343.2142062213497,97.76835443037974,3425.0909919144956,97.57310126582279,3432.473073861249,97.59424050632911
74,3513.740449780979,97.71803797468354,3432.9770542719357,97.59113924050632,3447.3426671174834,96.9389240506329,3343.2142062213497,97.71455696202531,3425.0909919144956,97.53481012658227,3432.473073861249,97.49949367088607
75,3513.740449780979,97.77246835443037,3432.9770542719357,97.81360759493671,3447.3426671174834,97.11835443037975,3343.2142062213497,97.74462025316456,3425.0909919144956,97.37151898734177,3432.473073861249,97.56411392405064
76,3513.740449780979,97.61075949367088,3432.9770542719357,97.6879746835443,3447.3426671174834,96.90981012658227,3343.2142062213497,97.83417721518987,3425.0909919144956,97.50537974683544,3432.473073861249,97.50962025316456
77,3513.740449780979,97.62753164556962,3432.9770542719357,97.58987341772152,3447.3426671174834,96.77056962025317,3343.2142062213497,97.7617088607595,3425.0909919144956,97.64778481012658,3432.473073861249,97.47949367088609
78,3513.740449780979,97.42626582278481,3432.9770542719357,97.69018987341772,3447.3426671174834,96.93354430379746,3343.2142062213497,97.69525316455696,3425.0909919144956,97.59525316455696,3432.473073861249,97.4681012658228
79,3513.740449780979,97.43037974683544,3432.9770542719357,97.43417721518988,3447.3426671174834,96.96075949367089,3343.2142062213497,97.59525316455696,3425.0909919144956,97.58386075949367,3432.473073861249,97.40088607594939
80,3513.740449780979,97.54746835443038,3432.9770542719357,97.625,3447.3426671174834,97.00727848101266,3343.2142062213497,97.55727848101266,3425.0909919144956,97.37151898734177,3432.473073861249,97.42170886075948
81,3513.740449780979,97.61107594936709,3432.9770542719357,97.7626582278481,3447.3426671174834,97.06075949367089,3343.2142062213497,97.79810126582278,3425.0909919144956,97.47278481012658,3432.473073861249,97.54107594936708
82,3513.740449780979,97.69208860759494,3432.9770542719357,97.68101265822784,3447.3426671174834,97.14335443037974,3343.2142062213497,97.82310126582279,3425.0909919144956,97.7259493670886,3432.473073861249,97.61310126582279
83,3513.740449780979,97.79177215189874,3432.9770542719357,97.62626582278482,3447.3426671174834,96.76518987341773,3343.2142062213497,97.7373417721519,3425.0909919144956,97.31962025316456,3432.473073861249,97.44803797468356
84,3513.740449780979,97.51962025316456,3432.9770542719357,97.94462025316456,3447.3426671174834,96.57025316455696,3343.2142062213497,97.71455696202531,3425.0909919144956,97.66613924050633,3432.473073861249,97.48303797468354
85,3513.740449780979,97.78164556962025,3432.9770542719357,97.77816455696203,3447.3426671174834,96.82594936708861,3343.2142062213497,97.7873417721519,3425.0909919144956,97.52151898734178,3432.473073861249,97.53892405063291
86,3513.740449780979,97.88386075949367,3432.9770542719357,97.87753164556962,3447.3426671174834,96.59746835443038,3343.2142062213497,97.76677215189873,3381.9127419717224,97.20822784810126,3423.8374238726947,97.46677215189874
87,3513.740449780979,97.8246835443038,3432.9770542719357,97.93164556962026,3447.3426671174834,96.76867088607595,3343.2142062213497,97.61518987341772,3381.9127419717224,97.22689873417721,3423.8374238726947,97.47341772151898
88,3513.740449780979,97.75981012658228,3432.9770542719357,97.77816455696203,3447.3426671174834,96.84651898734177,3343.2142062213497,97.65,3381.9127419717224,97.09272151898735,3423.8374238726947,97.42544303797467
89,3513.740449780979,97.85474683544304,3432.9770542719357,97.86518987341772,3447.3426671174834,96.92974683544304,3343.2142062213497,97.57025316455696,3381.9127419717224,96.83417721518987,3423.8374238726947,97.41082278481012
90,3513.740449780979,97.7996835443038,3432.9770542719357,98.02373417721519,3447.3426671174834,96.9882911392405,3343.2142062213497,97.45727848101266,3381.9127419717224,97.11867088607595,3423.8374238726947,97.47753164556963
91,3513.740449780979,97.4490506329114,3432.9770542719357,97.66677215189874,3447.3426671174834,97.24367088607595,3343.2142062213497,97.58291139240507,3381.9127419717224,97.2626582278481,3423.8374238726947,97.44101265822785
92,3513.740449780979,97.53575949367088,3432.9770542719357,97.71708860759493,3447.3426671174834,97.12341772151899,3343.2142062213497,97.54398734177215,3381.9127419717224,97.48987341772153,3423.8374238726947,97.4820253164557
93,3513.740449780979,97.70569620253164,3432.9770542719357,97.62025316455696,3447.3426671174834,97.0506329113924,3343.2142062213497,97.63607594936708,3381.9127419717224,97.35854430379747,3423.8374238726947,97.47424050632911
94,3505.822642928615,97.73069620253165,3432.9770542719357,97.5639240506329,3447.3426671174834,97.05316455696203,3343.2142062213497,97.81139240506329,3381.9127419717224,97.50886075949367,3422.2538625022216,97.53360759493671
95,3505.822642928615,97.69240506329113,3432.9770542719357,97.42626582278481,3447.3426671174834,97.0373417721519,3343.2142062213497,97.7003164556962,3381.9127419717224,97.41993670886076,3422.2538625022216,97.45525316455696
96,3505.822642928615,97.15221518987342,3432.9770542719357,96.95886075949367,3447.3426671174834,97.16772151898734,3343.2142062213497,97.87215189873417,3381.9127419717224,97.55727848101266,3422.2538625022216,97.34164556962024
97,3505.822642928615,97.19620253164557,3432.9770542719357,97.26139240506329,3447.3426671174834,96.875,3343.2142062213497,97.8373417721519,3381.9127419717224,97.59303797468354,3422.2538625022216,97.35259493670885
98,3505.822642928615,97.40822784810126,3432.9770542719357,97.31424050632911,3447.3426671174834,96.91582278481013,3343.2142062213497,97.63069620253165,3381.9127419717224,97.2740506329114,3422.2538625022216,97.3086075949367
99,3505.822642928615,97.44493670886077,3432.9770542719357,97.28354430379747,3447.3426671174834,96.6636075949367,3343.2142062213497,97.84335443037975,3381.9127419717224,97.17310126582278,3422.2538625022216,97.2817088607595
100,3475.2286095027484,97.5626582278481,3432.9770542719357,97.54525316455697,3447.3426671174834,96.64588607594936,3343.2142062213497,97.79018987341772,3381.9127419717224,97.13291139240506,3416.135055817048,97.33537974683544
101,3475.2286095027484,97.31772151898734,3432.9770542719357,97.37056962025316,3447.3426671174834,96.9389240506329,3343.2142062213497,97.68955696202532,3381.9127419717224,97.04145569620253,3416.135055817048,97.27164556962026
102,3475.2286095027484,97.15917721518987,3432.9770542719357,97.68512658227849,3447.3426671174834,96.98924050632911,3343.2142062213497,97.675,3381.9127419717224,96.93386075949367,3416.135055817048,97.28848101265822
103,3475.2286095027484,97.50411392405063,3432.9770542719357,97.58892405063291,3447.3426671174834,96.72120253164557,3343.2142062213497,97.8756329113924,3381.9127419717224,97.09018987341773,3416.135055817048,97.35601265822785
104,3475.2286095027484,97.66329113924051,3432.9770542719357,97.33924050632912,3447.3426671174834,96.66898734177215,3343.2142062213497,97.9496835443038,3381.9127419717224,97.42879746835443,3416.135055817048,97.41
105,3475.2286095027484,97.77215189873418,3432.9770542719357,97.41455696202532,3447.3426671174834,96.42341772151899,3343.2142062213497,97.79588607594937,3381.9127419717224,97.38196202531645,3416.135055817048,97.35759493670886
106,3475.2286095027484,97.52246835443037,3432.9770542719357,97.34715189873418,3447.3426671174834,96.2876582278481,3343.2142062213497,97.82373417721519,3381.9127419717224,97.4490506329114,3416.135055817048,97.28601265822786
107,3475.2286095027484,97.31044303797468,3432.9770542719357,97.37531645569621,3447.3426671174834,96.23955696202532,3343.2142062213497,97.8243670886076,3381.9127419717224,97.525,3416.135055817048,97.25493670886075
108,3475.2286095027484,97.34651898734177,3432.9770542719357,97.55886075949367,3447.3426671174834,96.41170886075949,3343.2142062213497,97.92626582278481,3381.9127419717224,97.43449367088607,3416.135055817048,97.33556962025315
109,3475.2286095027484,97.16930379746836,3432.9770542719357,97.51613924050633,3447.3426671174834,96.14145569620253,3343.2142062213497,97.82943037974684,3381.9127419717224,97.51740506329114,3416.135055817048,97.23474683544305
110,3475.2286095027484,97.49177215189873,3432.9770542719357,97.43037974683544,3447.3426671174834,96.25253164556962,3343.2142062213497,97.9870253164557,3381.9127419717224,97.62246835443038,3416.135055817048,97.35683544303797
111,3475.2286095027484,97.44303797468355,3432.9770542719357,97.49651898734177,3447.3426671174834,95.96550632911392,3343.2142062213497,98.09367088607596,3381.9127419717224,97.4636075949367,3416.135055817048,97.29246835443038
112,3475.2286095027484,97.35253164556963,3432.9770542719357,97.46708860759493,3447.3426671174834,96.24620253164557,3343.2142062213497,98.04050632911392,3381.9127419717224,97.50443037974684,3416.135055817048,97.32215189873418
113,3475.2286095027484,97.26139240506329,3432.9770542719357,97.36645569620254,3447.3426671174834,96.55791139240506,3343.2142062213497,98.2006329113924,3381.9127419717224,97.30506329113923,3416.135055817048,97.33829113924051
114,3475.2286095027484,97.29208860759493,3432.9770542719357,97.1870253164557,3447.3426671174834,96.44367088607595,3343.2142062213497,97.74588607594937,3381.9127419717224,97.41772151898734,3416.135055817048,97.21727848101266
115,3475.2286095027484,97.0376582278481,3432.9770542719357,97.31708860759494,3447.3426671174834,96.41993670886076,3343.2142062213497,97.83386075949367,3381.9127419717224,97.63860759493672,3416.135055817048,97.24943037974684
116,3475.2286095027484,97.12056962025316,3432.9770542719357,97.24430379746835,3447.3426671174834,96.33987341772152,3343.2142062213497,97.91993670886076,3381.9127419717224,97.65189873417721,3416.135055817048,97.2553164556962
117,3475.2286095027484,97.20094936708861,3432.9770542719357,97.02341772151898,3447.3426671174834,96.35,3343.2142062213497,97.7123417721519,3381.9127419717224,97.51740506329114,3416.135055817048,97.16082278481012
118,3475.2286095027484,97.20822784810126,3432.9770542719357,97.3246835443038,3447.3426671174834,96.33892405063291,3343.2142062213497,97.83227848101266,3381.9127419717224,97.58955696202531,3416.135055817048,97.25873417721519
119,3475.2286095027484,97.09810126582279,3432.9770542719357,97.72879746835443,3447.3426671174834,96.43512658227849,3343.2142062213497,97.96772151898735,3381.9127419717224,97.78354430379747,3416.135055817048,97.40265822784811
120,3422.1294794644396,96.66044303797469,3432.9770542719357,97.68354430379746,3447.3426671174834,96.44430379746835,3343.2142062213497,98.02594936708861,3381.9127419717224,97.89556962025317,3405.5152298093863,97.34196202531646
121,3310.072479285768,96.3003164556962,3432.9770542719357,97.76107594936708,3447.3426671174834,96.37468354430379,3343.2142062213497,97.97848101265822,3381.9127419717224,97.86424050632911,3383.1038297736523,97.25575949367088
122,3310.072479285768,96.37784810126583,3432.9770542719357,97.4993670886076,3447.3426671174834,96.46898734177215,3343.2142062213497,97.94620253164557,3381.9127419717224,97.80886075949367,3383.1038297736523,97.22025316455696
123,3299.201689532769,96.76139240506329,3432.9770542719357,97.53512658227848,3447.3426671174834,96.58417721518987,3343.2142062213497,97.72658227848102,3381.9127419717224,97.74018987341772,3380.929671823052,97.26949367088608
124,3299.201689532769,96.575,3432.9770542719357,97.43006329113923,3447.3426671174834,96.38575949367089,3343.2142062213497,97.96329113924051,3381.9127419717224,97.55379746835443,3380.929671823052,97.181582278481
125,3299.201689532769,96.68132911392405,3432.9770542719357,97.31772151898734,3447.3426671174834,96.33575949367089,3343.2142062213497,97.98860759493671,3381.9127419717224,97.71170886075949,3380.929671823052,97.20702531645568
126,3299.201689532769,97.04588607594937,3432.9770542719357,97.39272151898734,3447.3426671174834,96.22658227848102,3343.2142062213497,98.03417721518987,3381.9127419717224,97.73639240506328,3380.929671823052,97.28715189873417
127,3299.201689532769,96.60917721518987,3432.9770542719357,97.4129746835443,3447.3426671174834,96.14651898734178,3343.2142062213497,97.85253164556963,3381.9127419717224,97.27278481012658,3380.929671823052,97.05879746835444
128,3299.201689532769,96.39050632911392,3432.9770542719357,97.17151898734177,3447.3426671174834,96.32753164556962,3343.2142062213497,97.73639240506328,3381.9127419717224,97.47658227848102,3380.929671823052,97.02050632911391
129,3299.201689532769,96.48291139240506,3432.9770542719357,97.19430379746835,3447.3426671174834,96.02436708860759,3343.2142062213497,97.48259493670886,3381.9127419717224,97.65601265822785,3380.929671823052,96.96803797468354
130,3299.201689532769,96.5509493670886,3432.9770542719357,97.13860759493672,3447.3426671174834,96.15411392405063,3343.2142062213497,97.64588607594936,3381.9127419717224,97.90727848101265,3380.929671823052,97.0793670886076
131,3299.201689532769,95.9123417721519,3432.9770542719357,96.90981012658227,3447.3426671174834,96.05601265822784,3343.2142062213497,97.87341772151899,3381.9127419717224,97.72943037974683,3380.929671823052,96.89620253164557
132,3299.201689532769,96.03892405063291,3432.9770542719357,97.35981012658227,3447.3426671174834,96.02721518987342,3343.2142062213497,97.89715189873418,3381.9127419717224,97.91487341772152,3380.929671823052,97.04759493670886
133,3299.201689532769,96.11930379746835,3432.9770542719357,97.51487341772152,3447.3426671174834,95.75917721518988,3343.2142062213497,97.87405063291139,3381.9127419717224,97.79367088607594,3380.929671823052,97.01221518987343
134,3299.201689532769,96.15917721518987,3432.9770542719357,97.5493670886076,3447.3426671174834,96.04651898734177,3343.2142062213497,97.97848101265822,3381.9127419717224,97.84367088607596,3380.929671823052,97.11544303797469
135,3299.201689532769,96.45537974683545,3432.9770542719357,97.69398734177216,3447.3426671174834,96.45443037974684,3343.2142062213497,98.08132911392406,3381.9127419717224,97.82594936708861,3380.929671823052,97.30221518987341
136,3299.201689532769,96.09525316455696,3432.9770542719357,97.64525316455696,3447.3426671174834,96.44462025316456,3343.2142062213497,97.99367088607595,3381.9127419717224,97.91170886075949,3380.929671823052,97.2181012658228
137,3299.201689532769,96.17721518987342,3432.9770542719357,97.59050632911392,3447.3426671174834,96.64556962025317,3343.2142062213497,97.99018987341772,3381.9127419717224,97.84272151898735,3380.929671823052,97.24924050632912
138,3299.201689532769,96.45759493670886,3432.9770542719357,97.50791139240506,3447.3426671174834,96.50791139240506,3343.2142062213497,98.06962025316456,3381.9127419717224,97.87088607594937,3380.929671823052,97.28278481012657
139,3299.201689532769,96.49177215189873,3432.9770542719357,97.61455696202532,3447.3426671174834,96.46993670886076,3343.2142062213497,98.02436708860759,3381.9127419717224,97.6990506329114,3380.929671823052,97.25993670886075
140,3299.201689532769,96.68417721518988,3432.9770542719357,97.73069620253165,3447.3426671174834,96.51139240506329,3343.2142062213497,97.89430379746835,3381.9127419717224,96.94082278481012,3380.929671823052,97.15227848101266
141,3299.201689532769,96.4373417721519,3432.9770542719357,97.52278481012658,3447.3426671174834,96.5117088607595,3343.2142062213497,97.95696202531646,3381.9127419717224,96.95632911392406,3380.929671823052,97.07702531645569
142,3299.201689532769,96.4743670886076,3432.9770542719357,97.37879746835443,3447.3426671174834,96.31898734177216,3343.2142062213497,97.92943037974683,3381.9127419717224,97.45696202531646,3380.929671823052,97.11170886075949
143,3299.201689532769,96.48164556962026,3432.9770542719357,97.5373417721519,3447.3426671174834,96.176582278481,3343.2142062213497,97.95284810126583,3381.9127419717224,97.50094936708861,3380.929671823052,97.12987341772153
144,3299.201689532769,96.70949367088608,3432.9770542719357,97.74810126582278,3447.3426671174834,96.29367088607594,3343.2142062213497,97.94208860759494,3381.9127419717224,97.47879746835443,3380.929671823052,97.23443037974684
145,3299.201689532769,96.61898734177215,3432.9770542719357,97.86740506329114,3447.3426671174834,96.43322784810127,3343.2142062213497,98.02436708860759,3381.9127419717224,97.46993670886076,3380.929671823052,97.28278481012659
146,3299.201689532769,96.76550632911392,3432.9770542719357,97.74082278481012,3447.3426671174834,96.81518987341772,3343.2142062213497,97.91107594936709,3381.9127419717224,97.46772151898735,3380.929671823052,97.34006329113923
147,3299.201689532769,96.83101265822785,3432.9770542719357,97.92120253164558,3447.3426671174834,96.97848101265822,3343.2142062213497,97.85917721518987,3381.9127419717224,97.33575949367089,3380.929671823052,97.38512658227847
148,3299.201689532769,96.96582278481013,3432.9770542719357,97.76360759493672,3447.3426671174834,97.13291139240506,3343.2142062213497,97.73322784810127,3381.9127419717224,97.43924050632911,3380.929671823052,97.40696202531646
149,3299.201689532769,96.98987341772153,3432.9770542719357,97.8123417721519,3447.3426671174834,97.17310126582278,3343.2142062213497,97.71550632911392,3381.9127419717224,97.33512658227848,3380.929671823052,97.40518987341771
150,3299.201689532769,96.76455696202531,3432.9770542719357,97.86044303797469,3447.3426671174834,97.30569620253165,3343.2142062213497,97.61740506329114,3381.9127419717224,97.36613924050633,3380.929671823052,97.38284810126581
151,3299.201689532769,96.59588607594937,3432.9770542719357,97.75696202531645,3447.3426671174834,97.35569620253165,3343.2142062213497,97.88291139240506,3381.9127419717224,97.38132911392405,3380.929671823052,97.3945569620253
152,3285.214282358116,96.15949367088608,3432.9770542719357,97.75253164556962,3447.3426671174834,97.15221518987342,3343.2142062213497,97.9136075949367,3381.9127419717224,97.55506329113923,3378.1321903881217,97.306582278481
153,3285.214282358116,95.72689873417721,3432.9770542719357,97.63101265822785,3447.3426671174834,97.3379746835443,3343.2142062213497,97.73196202531645,3381.9127419717224,97.61993670886076,3378.1321903881217,97.20955696202532
154,3285.214282358116,96.05886075949367,3432.9770542719357,97.7259493670886,3447.3426671174834,97.27436708860759,3343.2142062213497,96.98386075949367,3381.9127419717224,97.74873417721518,3378.1321903881217,97.15835443037973
155,3285.214282358116,96.61613924050633,3432.9770542719357,97.85981012658227,3447.3426671174834,97.01360759493672,3343.2142062213497,96.4620253164557,3381.9127419717224,97.57056962025317,3378.1321903881217,97.10443037974684
156,3285.214282358116,96.74208860759494,3432.9770542719357,97.83512658227848,3447.3426671174834,96.81803797468355,3343.2142062213497,96.79113924050633,3381.9127419717224,97.6009493670886,3378.1321903881217,97.15746835443038
157,3285.214282358116,96.7886075949367,3432.9770542719357,97.94240506329113,3447.3426671174834,96.73955696202532,3343.2142062213497,96.85474683544304,3381.9127419717224,97.75411392405063,3378.1321903881217,97.21588607594937
158,3285.214282358116,96.18639240506329,3432.9770542719357,98.01803797468355,3447.3426671174834,96.97373417721519,3343.2142062213497,97.1629746835443,3381.9127419717224,97.8262658227848,3378.1321903881217,97.23348101265823
159,3285.214282358116,96.33987341772152,3432.9770542719357,97.96550632911392,3447.3426671174834,96.95822784810126,3343.2142062213497,96.87120253164557,3381.9127419717224,97.85822784810127,3378.1321903881217,97.1986075949367
160,3285.214282358116,96.40316455696203,3432.9770542719357,98.16867088607594,3447.3426671174834,97.0629746835443,3343.2142062213497,97.16708860759493,3381.9127419717224,97.63101265822785,3378.1321903881217,97.286582278481
161,3285.214282358116,96.33227848101266,3432.9770542719357,98.12753164556962,3447.3426671174834,97.12468354430379,3343.2142062213497,97.37943037974684,3381.9127419717224,97.68354430379746,3378.1321903881217,97.32949367088608
162,3285.214282358116,96.15759493670886,3432.9770542719357,98.03037974683544,3447.3426671174834,97.33544303797468,3343.2142062213497,97.425,3381.9127419717224,97.34715189873418,3378.1321903881217,97.25911392405064
163,3285.214282358116,96.44873417721519,3432.9770542719357,98.23512658227848,3447.3426671174834,97.3996835443038,3343.2142062213497,97.3139240506329,3381.9127419717224,97.23322784810127,3378.1321903881217,97.32613924050632
164,3285.214282358116,96.7,3432.9770542719357,97.88417721518988,3447.3426671174834,97.25443037974684,3343.2142062213497,97.32911392405063,3381.9127419717224,97.33955696202531,3378.1321903881217,97.30145569620254
165,3285.214282358116,96.48860759493671,3432.9770542719357,98.0487341772152,3447.3426671174834,97.53006329113924,3343.2142062213497,97.25094936708861,3381.9127419717224,97.29398734177215,3378.1321903881217,97.32246835443038
166,3285.214282358116,96.30189873417721,3432.9770542719357,98.13006329113924,3447.3426671174834,97.40474683544304,3343.2142062213497,97.02626582278481,3343.175087152827,97.42689873417721,3370.3846594243428,97.25797468354429
167,3285.214282358116,96.32848101265823,3432.9770542719357,98.00443037974684,3447.3426671174834,97.40949367088608,3343.2142062213497,96.9120253164557,3343.175087152827,97.46740506329114,3370.3846594243428,97.2243670886076
168,3285.214282358116,96.5496835443038,3432.9770542719357,98.01930379746835,3447.3426671174834,97.45253164556962,3343.2142062213497,96.78607594936709,3343.175087152827,97.40569620253164,3370.3846594243428,97.24265822784811
169,3285.214282358116,96.6503164556962,3432.9770542719357,97.94240506329113,3447.3426671174834,97.67278481012659,3343.2142062213497,97.10601265822785,3343.175087152827,97.15379746835443,3370.3846594243428,97.30506329113925
170,3285.214282358116,96.67405063291139,3432.9770542719357,98.11772151898734,3447.3426671174834,97.7886075949367,3343.2142062213497,97.14651898734178,3343.175087152827,97.1256329113924,3370.3846594243428,97.37050632911392
171,3285.214282358116,96.63037974683544,3432.9770542719357,98.00284810126583,3447.3426671174834,97.74556962025316,3343.2142062213497,97.04208860759493,3343.175087152827,97.12088607594937,3370.3846594243428,97.30835443037975
172,3285.214282358116,96.31930379746835,3432.9770542719357,98.0746835443038,3447.3426671174834,97.80664556962026,3343.2142062213497,97.13132911392405,3343.175087152827,97.08924050632912,3370.3846594243428,97.28424050632911
173,3285.214282358116,96.26487341772152,3432.9770542719357,98.02689873417721,3447.3426671174834,97.80822784810127,3343.2142062213497,97.00221518987341,3343.175087152827,97.10348101265822,3370.3846594243428,97.24113924050633
174,3285.214282358116,96.27911392405063,3432.9770542719357,98.05791139240506,3447.3426671174834,97.73386075949367,3343.2142062213497,97.21455696202531,3343.175087152827,97.10822784810127,3370.3846594243428,97.27873417721518
175,3285.214282358116,96.30189873417721,3432.9770542719357,97.74525316455696,3447.3426671174834,97.77626582278481,3343.2142062213497,97.43006329113923,3343.175087152827,97.24398734177215,3370.3846594243428,97.29949367088606
176,3285.214282358116,96.37879746835443,3432.9770542719357,97.67025316455697,3447.3426671174834,97.74588607594937,3343.2142062213497,97.37088607594937,3343.175087152827,97.20094936708861,3370.3846594243428,97.27335443037975
177,3285.214282358116,96.29525316455697,3432.9770542719357,97.90221518987342,3447.3426671174834,97.67120253164558,3343.2142062213497,97.33892405063291,3343.175087152827,96.96677215189874,3370.3846594243428,97.23487341772152
178,3285.214282358116,96.40253164556962,3432.9770542719357,97.71392405063291,3447.3426671174834,97.57879746835442,3343.2142062213497,97.24177215189873,3343.175087152827,96.95759493670886,3370.3846594243428,97.1789240506329
179,3285.214282358116,96.62088607594937,3432.9770542719357,97.87278481012659,3447.3426671174834,97.55474683544304,3343.2142062213497,97.15094936708861,3343.175087152827,97.19651898734178,3370.3846594243428,97.27917721518989
180,3285.214282358116,96.84651898734177,3432.9770542719357,97.87183544303798,3447.3426671174834,97.4876582278481,3343.2142062213497,97.12025316455696,3343.175087152827,97.32278481012658,3370.3846594243428,97.32981012658227
181,3285.214282358116,96.74556962025316,3432.9770542719357,97.45601265822785,3447.3426671174834,97.70949367088608,3343.2142062213497,97.02246835443037,3343.175087152827,97.55474683544304,3370.3846594243428,97.29765822784809
182,3285.214282358116,96.56075949367089,3432.9770542719357,97.8620253164557,3447.3426671174834,97.80696202531645,3343.2142062213497,97.14746835443037,3343.175087152827,97.45094936708861,3370.3846594243428,97.36563291139241
183,3285.214282358116,97.12025316455696,3432.9770542719357,97.50158227848101,3447.3426671174834,97.83227848101266,3343.2142062213497,97.44367088607595,3343.175087152827,96.93259493670887,3370.3846594243428,97.3660759493671
184,3285.214282358116,97.33512658227848,3432.9770542719357,97.79493670886076,3447.3426671174834,97.79715189873417,3343.2142062213497,97.41677215189874,3343.175087152827,96.71329113924051,3370.3846594243428,97.41145569620252
185,3285.214282358116,97.2753164556962,3432.9770542719357,97.51740506329114,3447.3426671174834,97.82689873417722,3343.2142062213497,97.36835443037975,3231.6016676312124,96.93639240506329,3348.06997552002,97.38487341772152
186,3285.214282358116,97.08892405063291,3432.9770542719357,97.73227848101266,3447.3426671174834,97.68322784810127,3343.2142062213497,96.99525316455696,3124.8916552083606,97.05348101265822,3326.7279730354494,97.3106329113924
187,3285.214282358116,97.08924050632912,3432.9770542719357,97.55537974683544,3447.3426671174834,97.57848101265823,3343.2142062213497,97.2253164556962,3124.8916552083606,97.0632911392405,3326.7279730354494,97.30234177215189
188,3285.214282358116,97.15411392405063,3432.9770542719357,97.42943037974683,3447.3426671174834,97.72658227848102,3343.2142062213497,97.28164556962025,3051.8131855661804,96.95,3312.1122791070134,97.30835443037975
189,3285.214282358116,97.12658227848101,3432.9770542719357,97.41518987341772,3447.3426671174834,97.57246835443038,3343.2142062213497,97.39050632911392,3051.8131855661804,97.01803797468355,3312.1122791070134,97.30455696202532
190,3285.214282358116,97.15253164556962,3432.9770542719357,97.7006329113924,3447.3426671174834,97.61962025316456,3343.2142062213497,97.39177215189873,3051.8131855661804,96.98006329113925,3312.1122791070134,97.36892405063291
191,3285.214282358116,97.13987341772152,3432.9770542719357,97.71835443037975,3447.3426671174834,97.82183544303797,3343.2142062213497,97.28892405063291,3051.8131855661804,97.00284810126583,3312.1122791070134,97.3943670886076
192,3285.214282358116,96.59018987341773,3432.9770542719357,97.69873417721519,3447.3426671174834,97.9126582278481,3343.2142062213497,97.27088607594936,3051.8131855661804,97.1753164556962,3312.1122791070134,97.32955696202531
193,3285.214282358116,96.51075949367089,3432.9770542719357,97.62088607594937,3447.3426671174834,98.03322784810126,3343.2142062213497,97.37658227848101,3051.8131855661804,97.10886075949367,3312.1122791070134,97.33006329113924
194,3285.214282358116,96.59556962025316,3432.9770542719357,97.73291139240506,3447.3426671174834,97.81455696202532,3343.2142062213497,97.35981012658227,3051.8131855661804,96.79398734177215,3312.1122791070134,97.25936708860759
195,3285.214282358116,96.426582278481,3432.9770542719357,97.79240506329114,3447.3426671174834,97.9870253164557,3343.2142062213497,97.43101265822784,3051.8131855661804,96.29620253164558,3312.1122791070134,97.18664556962025
196,3285.214282358116,96.60759493670886,3432.9770542719357,97.37974683544304,3447.3426671174834,97.83892405063291,3343.2142062213497,97.55981012658228,3051.8131855661804,96.85126582278481,3312.1122791070134,97.24746835443037
197,3285.214282358116,96.66424050632911,3432.9770542719357,97.59746835443038,3441.7620398314557,97.84651898734177,3343.2142062213497,97.53132911392404,3051.8131855661804,96.79240506329114,3310.9961536498076,97.28639240506328
198,3285.214282358116,96.97246835443038,3432.9770542719357,97.47120253164557,3441.7620398314557,97.98196202531645,3343.2142062213497,97.48164556962026,3051.8131855661804,96.76582278481013,3310.9961536498076,97.33462025316456
199,3285.214282358116,97.00949367088607,3432.9770542719357,97.40822784810126,3441.7620398314557,97.69873417721519,3343.2142062213497,97.61708860759494,3051.8131855661804,96.91930379746836,3310.9961536498076,97.33056962025316
200,3285.214282358116,97.25379746835443,3432.9770542719357,97.5493670886076,3441.7620398314557,97.75379746835443,3343.2142062213497,97.50569620253165,3051.8131855661804,97.0623417721519,3310.9961536498076,97.42500000000001
201,3285.214282358116,97.40506329113924,3432.9770542719357,97.54145569620253,3441.7620398314557,97.72689873417721,3343.2142062213497,97.4636075949367,3051.8131855661804,97.13544303797468,3310.9961536498076,97.45449367088608
202,3285.214282358116,97.58132911392406,3432.9770542719357,97.73670886075949,3441.7620398314557,97.59715189873418,3343.2142062213497,97.51803797468355,3051.8131855661804,97.26424050632912,3310.9961536498076,97.53949367088607
203,3285.214282358116,97.38955696202531,3432.9770542719357,97.5493670886076,3441.7620398314557,97.53829113924051,3343.2142062213497,97.43164556962026,3051.8131855661804,97.1876582278481,3310.9961536498076,97.41930379746836
204,3285.214282358116,97.60189873417721,3432.9770542719357,97.69746835443038,3428.9905977467997,97.27373417721519,3343.2142062213497,97.28322784810126,3051.8131855661804,97.23639240506328,3308.4418652328764,97.41854430379746
205,3285.214282358116,97.6123417721519,3432.9770542719357,97.78259493670886,3428.9905977467997,97.33291139240507,3343.2142062213497,96.77974683544304,3051.8131855661804,97.323417721519,3308.4418652328764,97.36620253164557
206,3285.214282358116,97.87088607594937,3432.9770542719357,97.82974683544303,3428.9905977467997,97.31898734177216,3343.2142062213497,96.85284810126582,3051.8131855661804,97.57848101265823,3308.4418652328764,97.49018987341773
207,3285.214282358116,97.74841772151899,3432.9770542719357,97.6496835443038,3374.0175922762432,97.34113924050632,3343.2142062213497,97.31139240506329,3051.8131855661804,97.23544303797469,3297.4472641387647,97.45721518987342
208,3285.214282358116,97.8110759493671,3432.9770542719357,97.67120253164558,3374.0175922762432,97.50759493670886,3343.2142062213497,97.3503164556962,3051.8131855661804,96.9256329113924,3297.4472641387647,97.45316455696202
209,3285.214282358116,97.88639240506329,3432.9770542719357,97.60316455696203,3374.0175922762432,97.5753164556962,3343.2142062213497,97.27310126582279,3051.8131855661804,96.9246835443038,3297.4472641387647,97.45253164556962
210,3285.214282358116,97.90696202531646,3432.9770542719357,97.64810126582279,3374.0175922762432,97.20854430379747,3343.2142062213497,97.28164556962025,3051.8131855661804,96.84588607594937,3297.4472641387647,97.37822784810126
211,3285.214282358116,97.8123417721519,3432.9770542719357,97.84082278481013,3374.0175922762432,97.28512658227848,3343.2142062213497,97.37025316455696,3051.8131855661804,96.62183544303798,3297.4472641387647,97.3860759493671
212,3285.214282358116,97.85601265822785,3432.9770542719357,97.80917721518988,3374.0175922762432,97.44113924050633,3343.2142062213497,97.26740506329114,3051.8131855661804,96.48259493670886,3297.4472641387647,97.3712658227848
213,3285.214282358116,97.75601265822785,3432.9770542719357,97.89240506329114,3374.0175922762432,97.3243670886076,3343.2142062213497,97.46329113924051,3051.8131855661804,96.46329113924051,3297.4472641387647,97.3798734177215
214,3285.214282358116,97.49620253164557,3432.9770542719357,97.8262658227848,3374.0175922762432,97.32183544303797,3343.2142062213497,97.275,3051.8131855661804,96.42278481012659,3297.4472641387647,97.268417721519
215,3285.214282358116,97.4636075949367,3432.9770542719357,97.8240506329114,3364.4805570435897,97.23924050632911,3343.2142062213497,96.72088607594937,3051.8131855661804,96.43322784810127,3295.5398570922343,97.13620253164557
216,3285.214282358116,97.67246835443038,3432.9770542719357,97.95094936708861,3364.4805570435897,97.31360759493671,3343.2142062213497,96.88829113924051,3051.8131855661804,96.10284810126582,3295.5398570922343,97.18563291139239
217,3285.214282358116,97.59240506329114,3432.9770542719357,97.58607594936709,3364.4805570435897,97.14272151898734,3343.2142062213497,96.85791139240506,3051.8131855661804,96.26139240506329,3295.5398570922343,97.08810126582279
218,3285.214282358116,97.74905063291139,3432.9770542719357,97.8867088607595,3344.1740125148276,97.47120253164557,3343.2142062213497,96.92911392405064,3051.8131855661804,96.65822784810126,3291.478548186482,97.33886075949367
219,3285.214282358116,97.65601265822785,3432.9770542719357,97.83291139240507,3344.1740125148276,97.37468354430379,3343.2142062213497,96.75949367088607,3051.8131855661804,96.86012658227848,3291.478548186482,97.29664556962027
220,3285.214282358116,97.74841772151899,3432.9770542719357,97.9623417721519,3344.1740125148276,97.37310126582278,3343.2142062213497,96.45822784810126,3051.8131855661804,96.78987341772152,3291.478548186482,97.26639240506329
221,3285.214282358116,97.5,3432.9770542719357,97.70727848101266,3344.1740125148276,97.41329113924051,3343.2142062213497,96.825,3051.8131855661804,97.05411392405064,3291.478548186482,97.29993670886077
222,3285.214282358116,97.54493670886076,3432.9770542719357,97.21993670886076,3344.1740125148276,97.25696202531645,3343.2142062213497,96.94525316455696,3051.8131855661804,96.91772151898734,3291.478548186482,97.17696202531644
223,3285.214282358116,97.46993670886076,3432.9770542719357,97.18101265822784,3344.1740125148276,97.24050632911393,3343.2142062213497,97.05949367088607,3051.8131855661804,96.725,3291.478548186482,97.13518987341772
224,3285.214282358116,97.70727848101266,3432.9770542719357,97.23069620253165,3344.1740125148276,97.05443037974683,3343.2142062213497,97.301582278481,3051.8131855661804,96.79556962025316,3291.478548186482,97.21791139240506
225,3285.214282358116,97.73924050632911,3432.9770542719357,97.25284810126583,3344.1740125148276,97.02721518987342,3343.2142062213497,97.1636075949367,3051.8131855661804,96.66392405063291,3291.478548186482,97.1693670886076
226,3285.214282358116,97.82594936708861,3432.9770542719357,97.13006329113924,3344.1740125148276,96.81139240506329,3343.2142062213497,97.37784810126583,3051.8131855661804,96.93006329113923,3291.478548186482,97.21506329113923
227,3285.214282358116,97.72215189873418,3432.9770542719357,96.8009493670886,3344.1740125148276,96.48512658227848,3343.2142062213497,97.26139240506329,3051.8131855661804,97.0240506329114,3291.478548186482,97.0587341772152
228,3285.214282358116,97.78607594936709,3432.9770542719357,97.27879746835443,3344.1740125148276,96.73037974683544,3343.2142062213497,97.40094936708861,3051.8131855661804,97.21455696202531,3291.478548186482,97.28215189873417
229,3285.214282358116,97.5246835443038,3432.9770542719357,96.87341772151899,3252.7350469201724,96.91518987341772,3343.2142062213497,97.38386075949367,3051.8131855661804,97.3243670886076,3273.190755067551,97.20430379746836
230,3285.214282358116,97.65949367088608,3432.9770542719357,97.07753164556962,3252.7350469201724,96.89113924050633,3343.2142062213497,97.44778481012658,3051.8131855661804,97.2246835443038,3273.190755067551,97.26012658227847
231,3285.214282358116,97.76613924050633,3432.9770542719357,97.06455696202532,3252.7350469201724,96.98227848101266,3343.2142062213497,97.48607594936709,3051.8131855661804,97.23607594936709,3273.190755067551,97.30702531645571
232,3285.214282358116,97.44145569620254,3432.9770542719357,97.49841772151899,3252.7350469201724,97.11075949367088,3343.2142062213497,97.39493670886075,3051.8131855661804,97.06487341772151,3273.190755067551,97.30208860759494
233,3285.214282358116,97.85316455696203,3432.9770542719357,97.5762658227848,3252.7350469201724,97.06455696202532,3343.2142062213497,97.4876582278481,3051.8131855661804,97.14050632911392,3273.190755067551,97.42443037974684
234,3285.214282358116,97.77626582278481,3432.9770542719357,97.64272151898734,3252.7350469201724,97.22120253164557,3343.2142062213497,97.40854430379747,3051.8131855661804,97.05981012658228,3273.190755067551,97.42170886075951
235,3285.214282358116,97.75601265822785,3432.9770542719357,97.56803797468355,3252.7350469201724,97.4136075949367,3343.2142062213497,97.2756329113924,3051.8131855661804,97.14841772151898,3273.190755067551,97.43234177215189
236,3285.214282358116,97.89462025316456,3432.9770542719357,97.4623417721519,3252.7350469201724,97.38892405063291,3343.2142062213497,97.2253164556962,3051.8131855661804,96.90189873417721,3273.190755067551,97.37462025316457
237,3285.214282358116,97.77753164556962,3432.9770542719357,97.55411392405064,3252.7350469201724,97.45537974683545,3343.2142062213497,97.05601265822784,3051.8131855661804,96.7382911392405,3273.190755067551,97.3162658227848
238,3285.214282358116,97.70696202531646,3432.9770542719357,97.64335443037974,3252.7350469201724,97.30981012658228,3343.2142062213497,96.86930379746835,3051.8131855661804,96.86867088607595,3273.190755067551,97.27962025316455
239,3285.214282358116,97.99240506329114,3432.9770542719357,97.55949367088607,3252.7350469201724,97.15411392405063,3343.2142062213497,96.73259493670886,3051.8131855661804,96.88987341772152,3273.190755067551,97.26569620253164
240,3285.214282358116,98.01202531645569,3432.9770542719357,97.68386075949367,3252.7350469201724,97.25601265822785,3343.2142062213497,97.09018987341773,3051.8131855661804,96.7629746835443,3273.190755067551,97.36101265822785
241,3285.214282358116,97.81613924050633,3432.9770542719357,97.81518987341772,3252.7350469201724,97.17848101265822,3343.2142062213497,97.40822784810126,3051.8131855661804,96.68924050632911,3273.190755067551,97.38145569620252
242,3285.214282358116,97.96170886075949,3432.9770542719357,97.76329113924051,3252.7350469201724,97.29778481012659,3343.2142062213497,97.30348101265822,3051.8131855661804,96.83132911392406,3273.190755067551,97.43151898734178
243,3285.214282358116,97.9490506329114,3432.9770542719357,97.67088607594937,3252.7350469201724,97.27120253164557,3343.2142062213497,97.426582278481,3051.8131855661804,97.00949367088607,3273.190755067551,97.46544303797468
244,3285.214282358116,97.99715189873417,3432.9770542719357,97.91677215189874,3252.7350469201724,97.15,3343.2142062213497,97.47215189873418,3051.8131855661804,97.06772151898734,3273.190755067551,97.5207594936709
245,3285.214282358116,98.06708860759494,3432.9770542719357,97.58101265822785,3252.7350469201724,96.92879746835443,3343.2142062213497,97.3867088607595,3051.8131855661804,96.95411392405063,3273.190755067551,97.38354430379748
246,3285.214282358116,98.1373417721519,3432.9770542719357,97.73607594936709,3252.7350469201724,96.93575949367089,3343.2142062213497,97.4743670886076,3051.8131855661804,96.84018987341773,3273.190755067551,97.42474683544305
247,3285.214282358116,97.87721518987341,3432.9770542719357,97.74113924050633,3252.7350469201724,97.26772151898734,3343.2142062213497,97.22911392405064,3051.8131855661804,96.6879746835443,3273.190755067551,97.3606329113924
248,3285.214282358116,97.79303797468354,3432.9770542719357,97.83227848101266,3252.7350469201724,97.27943037974684,3343.2142062213497,97.12911392405063,3051.8131855661804,96.71645569620253,3273.190755067551,97.35006329113924
249,3285.214282358116,97.99778481012659,3432.9770542719357,97.51613924050633,3252.7350469201724,97.39651898734178,3343.2142062213497,97.06993670886077,3051.8131855661804,96.61297468354431,3273.190755067551,97.31867088607596
250,3285.214282358116,98.13607594936708,3432.9770542719357,97.54082278481013,3252.7350469201724,97.39430379746835,3343.2142062213497,97.1756329113924,3051.8131855661804,96.82373417721519,3273.190755067551,97.41411392405064
251,3285.214282358116,98.18860759493671,3432.9770542719357,97.70411392405063,3252.7350469201724,97.53227848101265,3343.2142062213497,97.38829113924051,3051.8131855661804,97.17056962025316,3273.190755067551,97.59677215189873
252,3285.214282358116,97.93544303797468,3432.9770542719357,97.58132911392406,3252.7350469201724,97.56740506329113,3343.2142062213497,97.35063291139241,3051.8131855661804,96.99493670886076,3273.190755067551,97.48594936708862
253,3285.214282358116,98.04841772151899,3432.9770542719357,97.62310126582278,3252.7350469201724,97.34430379746836,3343.2142062213497,97.04556962025316,3051.8131855661804,97.09905063291139,3273.190755067551,97.43208860759492
254,3285.214282358116,98.0610759493671,3432.9770542719357,97.73417721518987,3252.7350469201724,97.33069620253164,3343.2142062213497,97.21170886075949,3051.8131855661804,97.03227848101265,3273.190755067551,97.47398734177216
255,3285.214282358116,97.88354430379746,3432.9770542719357,97.54588607594937,3252.7350469201724,97.50791139240506,3343.2142062213497,96.9620253164557,3051.8131855661804,96.95158227848101,3273.190755067551,97.37018987341773
256,3285.214282358116,97.78987341772152,3405.220348086899,97.67879746835443,3252.7350469201724,97.11835443037975,3343.2142062213497,96.94462025316456,3051.8131855661804,96.80221518987342,3267.639413830543,97.26677215189873
257,3285.214282358116,97.69651898734178,3405.220348086899,97.67753164556962,3252.7350469201724,97.09398734177215,3343.2142062213497,97.14398734177215,3051.8131855661804,96.77215189873418,3267.639413830543,97.27683544303798
258,3285.214282358116,97.70537974683545,3405.220348086899,97.57151898734178,3252.7350469201724,97.27721518987342,3343.2142062213497,97.2113924050633,3051.8131855661804,96.96455696202531,3267.639413830543,97.34601265822785
259,3285.214282358116,97.65253164556962,3405.220348086899,97.8120253164557,3252.7350469201724,97.41898734177215,3343.2142062213497,97.16487341772152,3051.8131855661804,97.2126582278481,3267.639413830543,97.45221518987341
260,3285.214282358116,97.67246835443038,3405.220348086899,97.84335443037975,3252.7350469201724,97.53924050632911,3343.2142062213497,97.14588607594936,3051.8131855661804,96.95094936708861,3267.639413830543,97.43037974683543
261,3285.214282358116,97.67341772151899,3405.220348086899,97.82658227848101,3252.7350469201724,97.50791139240506,3343.2142062213497,97.15917721518987,3051.8131855661804,96.55664556962026,3267.639413830543,97.34474683544303
262,3285.214282358116,97.5746835443038,3405.220348086899,97.78449367088608,3252.7350469201724,97.51993670886075,3343.2142062213497,97.03512658227848,3051.8131855661804,96.68955696202532,3267.639413830543,97.32075949367088
263,3285.214282358116,97.66424050632911,3405.220348086899,97.99715189873417,3252.7350469201724,97.30886075949367,3343.2142062213497,96.35759493670886,3051.8131855661804,96.7617088607595,3267.639413830543,97.21791139240506
264,3285.214282358116,97.86487341772153,3405.220348086899,97.90917721518987,3252.7350469201724,97.44208860759494,3343.2142062213497,96.83449367088608,3051.8131855661804,96.83101265822785,3267.639413830543,97.37632911392406
265,3285.214282358116,97.94493670886077,3405.220348086899,97.53607594936709,3252.7350469201724,97.5993670886076,3343.2142062213497,96.63702531645569,3051.8131855661804,96.52246835443037,3267.639413830543,97.2479746835443
266,3285.214282358116,97.98322784810127,3405.220348086899,97.48955696202532,3252.7350469201724,97.50253164556962,3343.2142062213497,96.74430379746835,3051.8131855661804,96.32215189873418,3267.639413830543,97.20835443037974
267,3285.214282358116,98.02025316455696,3405.220348086899,97.79145569620253,3252.7350469201724,97.40569620253164,3343.2142062213497,96.86044303797469,3051.8131855661804,95.6889240506329,3267.639413830543,97.15335443037975
268,3285.214282358116,98.12658227848101,3405.220348086899,97.77183544303797,3252.7350469201724,97.39746835443037,3343.2142062213497,96.80727848101266,3051.8131855661804,95.72088607594937,3267.639413830543,97.16481012658227
269,3285.214282358116,97.96518987341773,3405.220348086899,97.80886075949367,3252.7350469201724,97.07753164556962,3343.2142062213497,96.51740506329114,3051.8131855661804,95.71993670886076,3267.639413830543,97.01778481012659
270,3285.214282358116,97.80348101265822,3405.220348086899,97.74145569620254,3252.7350469201724,97.20221518987341,3343.2142062213497,96.3,3051.8131855661804,96.00379746835443,3267.639413830543,97.01018987341772
271,3285.214282358116,97.87879746835443,3405.220348086899,97.66708860759493,3252.7350469201724,97.26930379746835,3343.2142062213497,96.43417721518988,3051.8131855661804,95.99873417721518,3267.639413830543,97.04962025316455
272,3285.214282358116,97.80126582278481,3405.220348086899,97.90886075949368,3252.7350469201724,97.41012658227848,3343.2142062213497,95.91075949367088,3051.8131855661804,95.94208860759494,3267.639413830543,96.99462025316456
273,3285.214282358116,97.7,3405.220348086899,98.03069620253164,3252.7350469201724,97.23196202531645,3343.2142062213497,96.073417721519,3051.8131855661804,95.98069620253165,3267.639413830543,97.00335443037974
274,3285.214282358116,97.77151898734178,3405.220348086899,98.04683544303798,3252.7350469201724,97.17943037974683,3343.2142062213497,96.35664556962026,3051.8131855661804,96.16392405063291,3267.639413830543,97.10367088607595
275,3285.214282358116,97.76518987341773,3405.220348086899,98.025,3252.7350469201724,97.22658227848102,3343.2142062213497,96.47120253164557,3051.8131855661804,96.22721518987342,3267.639413830543,97.14303797468355
276,3285.214282358116,97.70664556962025,3405.220348086899,97.55537974683544,3252.7350469201724,97.2746835443038,3343.2142062213497,96.52120253164557,3051.8131855661804,96.13386075949367,3267.639413830543,97.03835443037977
277,3285.214282358116,97.72025316455696,3405.220348086899,97.78544303797469,3252.7350469201724,97.22151898734177,3343.2142062213497,96.78069620253164,3051.8131855661804,96.22658227848102,3267.639413830543,97.14689873417721
278,3285.214282358116,97.78164556962025,3405.220348086899,97.66740506329114,3252.7350469201724,97.31044303797468,3343.2142062213497,96.9373417721519,3051.8131855661804,96.1990506329114,3267.639413830543,97.17917721518987
279,3285.214282358116,97.71487341772152,3405.220348086899,97.81613924050633,3252.7350469201724,97.1629746835443,3343.2142062213497,96.77246835443037,3051.8131855661804,96.4360759493671,3267.639413830543,97.18050632911391
280,3285.214282358116,97.63575949367089,3405.220348086899,97.64620253164557,3252.7350469201724,96.97151898734177,3343.2142062213497,96.79841772151899,3051.8131855661804,96.60822784810127,3267.639413830543,97.1320253164557
281,3285.214282358116,97.55316455696203,3405.220348086899,97.75506329113924,3252.7350469201724,96.99905063291139,3343.2142062213497,97.02246835443037,3051.8131855661804,96.51740506329114,3267.639413830543,97.16943037974684
282,3285.214282358116,97.2996835443038,3405.220348086899,97.57151898734178,3252.7350469201724,97.10379746835443,3343.2142062213497,96.70791139240507,3051.8131855661804,96.38037974683544,3267.639413830543,97.0126582278481
283,3285.214282358116,97.59303797468354,3405.220348086899,97.56075949367089,3252.7350469201724,96.88607594936708,3343.2142062213497,96.6753164556962,3051.8131855661804,96.1623417721519,3267.639413830543,96.97550632911391
284,3285.214282358116,97.82721518987341,3405.220348086899,97.44272151898734,3252.7350469201724,96.79113924050633,3343.2142062213497,96.84145569620253,3051.8131855661804,96.46772151898735,3267.639413830543,97.0740506329114
285,3285.214282358116,97.68354430379746,3405.220348086899,97.30601265822784,3252.7350469201724,96.79145569620253,3343.2142062213497,97.05791139240506,3051.8131855661804,96.67689873417721,3267.639413830543,97.10316455696201
286,3285.214282358116,97.698417721519,3405.220348086899,97.54272151898734,3252.7350469201724,96.64841772151898,3343.2142062213497,96.96424050632912,3051.8131855661804,96.70348101265823,3267.639413830543,97.11145569620254
287,3285.214282358116,97.77436708860759,3405.220348086899,97.72056962025316,3252.7350469201724,96.5503164556962,3343.2142062213497,96.98322784810127,3051.8131855661804,96.94462025316456,3267.639413830543,97.19462025316454
288,3285.214282358116,97.59620253164557,3405.220348086899,97.75284810126583,3252.7350469201724,96.60158227848102,3343.2142062213497,97.20316455696202,3051.8131855661804,96.88354430379746,3267.639413830543,97.20746835443038
289,3285.214282358116,97.82088607594936,3405.220348086899,97.79303797468354,3252.7350469201724,96.92056962025316,3343.2142062213497,97.07373417721519,3051.8131855661804,96.67120253164558,3267.639413830543,97.25588607594936
290,3285.214282358116,97.92151898734177,3405.220348086899,97.77943037974684,3252.7350469201724,96.5487341772152,3343.2142062213497,96.85,3051.8131855661804,96.82974683544303,3267.639413830543,97.18588607594937
291,3285.214282358116,97.83006329113924,3405.220348086899,97.81803797468355,3252.7350469201724,96.31139240506329,3343.2142062213497,96.98132911392405,3051.8131855661804,96.75348101265823,3267.639413830543,97.13886075949367
292,3285.214282358116,97.50759493670886,3405.220348086899,97.80601265822784,3252.7350469201724,96.72816455696203,3343.2142062213497,97.07879746835442,3051.8131855661804,96.62120253164557,3267.639413830543,97.14835443037974
293,3285.214282358116,97.5626582278481,3405.220348086899,97.75411392405063,3252.7350469201724,96.53575949367088,3343.2142062213497,97.025,3051.8131855661804,97.06550632911393,3267.639413830543,97.18860759493671
294,3285.214282358116,97.8363924050633,3405.220348086899,97.74810126582278,3224.8453746413097,96.46170886075949,3343.2142062213497,97.29556962025316,3051.8131855661804,97.28670886075949,3262.0614793747714,97.32569620253165
295,3285.214282358116,97.84588607594937,3405.220348086899,97.33607594936709,3224.8453746413097,96.46835443037975,3343.2142062213497,97.01867088607595,3051.8131855661804,97.03322784810126,3262.0614793747714,97.14044303797468
296,3285.214282358116,97.93322784810127,3405.220348086899,97.22405063291139,3224.8453746413097,96.09208860759493,3343.2142062213497,97.12784810126583,3051.8131855661804,96.55601265822784,3262.0614793747714,96.98664556962026
297,3285.214282358116,97.89113924050633,3405.220348086899,97.5129746835443,3224.8453746413097,95.87310126582278,3343.2142062213497,97.16012658227848,3051.8131855661804,96.17025316455697,3262.0614793747714,96.92151898734178
298,3285.214282358116,98.00443037974684,3405.220348086899,97.34905063291139,3224.8453746413097,96.13322784810127,3343.2142062213497,97.16170886075949,3051.8131855661804,96.12594936708861,3262.0614793747714,96.95487341772152
299,3285.214282358116,97.8006329113924,3405.220348086899,97.37658227848101,3224.8453746413097,96.2370253164557,3343.2142062213497,97.41898734177215,3051.8131855661804,96.02721518987342,3262.0614793747714,96.97208860759494
300,3285.214282358116,97.53259493670886,3405.220348086899,97.45189873417722,3224.8453746413097,96.15917721518987,3343.2142062213497,97.28829113924051,3051.8131855661804,96.05189873417721,3262.0614793747714,96.89677215189873
301,3285.214282358116,97.82056962025317,3405.220348086899,97.55696202531645,3224.8453746413097,96.35664556962026,3343.2142062213497,97.34240506329114,3051.8131855661804,95.88575949367089,3262.0614793747714,96.99246835443037
302,3285.214282358116,97.75727848101266,3405.220348086899,97.40569620253164,3224.8453746413097,96.37468354430379,3343.2142062213497,97.53069620253164,3051.8131855661804,96.03006329113924,3262.0614793747714,97.01968354430379
303,3285.214282358116,97.67278481012659,3405.220348086899,97.44620253164557,3224.8453746413097,96.75949367088607,3343.2142062213497,97.7006329113924,3051.8131855661804,96.03291139240507,3262.0614793747714,97.12240506329114
304,3285.214282358116,97.64430379746835,3405.220348086899,97.64746835443037,3224.8453746413097,97.00189873417722,3343.2142062213497,97.76202531645569,3051.8131855661804,96.01772151898734,3262.0614793747714,97.2146835443038
305,3285.214282358116,97.52879746835443,3405.220348086899,97.48259493670886,3224.8453746413097,97.01772151898734,3343.2142062213497,97.74588607594937,3051.8131855661804,96.40221518987342,3262.0614793747714,97.23544303797469
306,3285.214282358116,97.50791139240506,3405.220348086899,97.0762658227848,3224.8453746413097,97.03386075949368,3343.2142062213497,97.72784810126582,3051.8131855661804,96.73386075949367,3262.0614793747714,97.2159493670886
307,3285.214282358116,97.64936708860759,3405.220348086899,97.16835443037975,3224.8453746413097,97.12879746835443,3343.2142062213497,97.63259493670886,3051.8131855661804,96.45537974683545,3262.0614793747714,97.20689873417722
308,3285.214282358116,97.46613924050632,3405.220348086899,97.4382911392405,3224.8453746413097,97.22215189873418,3343.2142062213497,97.33006329113924,3051.8131855661804,96.29493670886076,3262.0614793747714,97.1503164556962
309,3285.214282358116,97.49335443037975,3405.220348086899,97.38354430379746,3224.8453746413097,97.10917721518987,3343.2142062213497,97.45379746835442,3051.8131855661804,96.56645569620254,3262.0614793747714,97.2012658227848
310,3285.214282358116,97.65158227848102,3405.220348086899,97.40759493670886,3224.8453746413097,96.54113924050633,3343.2142062213497,97.41645569620253,3051.8131855661804,96.49398734177215,3262.0614793747714,97.10215189873418
311,3285.214282358116,97.69018987341772,3405.220348086899,97.37151898734177,3224.8453746413097,96.86075949367088,3343.2142062213497,97.48259493670886,3051.8131855661804,96.36708860759494,3262.0614793747714,97.15443037974686
312,3285.214282358116,97.74335443037975,3405.220348086899,97.3632911392405,3224.8453746413097,96.98955696202532,3343.2142062213497,97.47405063291139,3051.8131855661804,96.25981012658228,3262.0614793747714,97.16601265822784
313,3285.214282358116,97.72753164556963,3405.220348086899,97.3873417721519,3224.8453746413097,96.98322784810127,3343.2142062213497,97.53829113924051,3051.8131855661804,96.39936708860759,3262.0614793747714,97.20715189873417
314,3285.214282358116,97.70348101265823,3405.220348086899,97.6009493670886,3224.8453746413097,97.0379746835443,3343.2142062213497,97.76835443037974,3051.8131855661804,96.59810126582279,3262.0614793747714,97.34177215189874
315,3285.214282358116,97.57120253164557,3405.220348086899,97.60537974683544,3224.8453746413097,96.94082278481012,3343.2142062213497,97.29240506329114,3051.8131855661804,96.48512658227848,3262.0614793747714,97.17898734177216
316,3285.214282358116,97.51455696202531,3405.220348086899,97.33196202531646,3224.8453746413097,97.16898734177215,3343.2142062213497,97.3373417721519,3051.8131855661804,96.4503164556962,3262.0614793747714,97.1606329113924
317,3285.214282358116,97.39335443037974,3405.220348086899,97.46550632911392,3224.8453746413097,97.32658227848101,3343.2142062213497,97.36708860759494,3051.8131855661804,96.54493670886076,3262.0614793747714,97.21949367088607
318,3285.214282358116,97.59398734177215,3405.220348086899,97.02721518987342,3224.8453746413097,97.40949367088608,3343.2142062213497,97.35474683544304,3051.8131855661804,96.68291139240506,3262.0614793747714,97.21367088607596
319,3285.214282358116,97.37943037974684,3405.220348086899,97.37151898734177,3224.8453746413097,97.25917721518988,3343.2142062213497,97.48670886075949,3051.8131855661804,96.78069620253164,3262.0614793747714,97.25550632911393
320,3285.214282358116,97.60759493670886,3405.220348086899,97.26518987341773,3224.8453746413097,97.41550632911392,3343.2142062213497,97.35221518987342,3051.8131855661804,96.61044303797469,3262.0614793747714,97.25018987341772
321,3285.214282358116,97.43322784810127,3405.220348086899,97.31867088607595,3224.8453746413097,97.48291139240506,3343.2142062213497,97.36582278481012,3051.8131855661804,96.71392405063291,3262.0614793747714,97.26291139240506
322,3285.214282358116,97.39588607594936,3405.220348086899,97.51930379746835,3224.8453746413097,97.5386075949367,3343.2142062213497,97.525,3051.8131855661804,96.78037974683544,3262.0614793747714,97.35183544303797
323,3285.214282358116,97.27310126582279,3405.220348086899,97.53196202531646,3224.8453746413097,97.42246835443038,3343.2142062213497,97.49588607594937,3051.8131855661804,97.00348101265823,3262.0614793747714,97.34537974683545
324,3285.214282358116,97.3117088607595,3405.220348086899,97.50158227848101,3224.8453746413097,97.26424050632912,3343.2142062213497,97.51613924050633,3051.8131855661804,96.65537974683544,3262.0614793747714,97.24981012658228
325,3285.214282358116,97.36930379746835,3405.220348086899,97.6256329113924,3224.8453746413097,97.05569620253165,3343.2142062213497,97.36993670886076,3051.8131855661804,96.88892405063291,3262.0614793747714,97.26189873417721
326,3285.214282358116,97.21518987341773,3405.220348086899,97.50379746835443,3224.8453746413097,97.43417721518988,3335.465913425938,97.47563291139241,3051.8131855661804,96.66677215189874,3260.511820815689,97.25911392405064
327,3285.214282358116,97.1,3405.220348086899,97.44398734177216,3224.8453746413097,97.3503164556962,3335.465913425938,97.27784810126582,3051.8131855661804,96.8253164556962,3260.511820815689,97.19949367088607
328,3285.214282358116,97.32943037974684,3405.220348086899,97.34841772151898,3224.8453746413097,97.42848101265822,3335.465913425938,97.37183544303798,3051.8131855661804,96.95474683544303,3260.511820815689,97.286582278481
329,3285.214282358116,97.44050632911393,3405.220348086899,97.38829113924051,3224.8453746413097,97.54398734177215,3335.465913425938,97.39335443037974,3051.8131855661804,96.79810126582278,3260.511820815689,97.31284810126581
330,3285.214282358116,97.38860759493672,3405.220348086899,97.14620253164557,3224.8453746413097,97.3743670886076,3335.465913425938,97.20253164556962,3051.8131855661804,96.72563291139241,3260.511820815689,97.16746835443037
331,3285.214282358116,97.61044303797469,3405.220348086899,97.09588607594937,3224.8453746413097,97.55189873417721,3335.465913425938,97.44746835443038,3051.8131855661804,96.62626582278482,3260.511820815689,97.2663924050633
332,3285.214282358116,97.66582278481013,3405.220348086899,97.0509493670886,3224.8453746413097,97.07183544303797,3335.465913425938,97.16582278481013,3051.8131855661804,96.55411392405064,3260.511820815689,97.10170886075949
333,3285.214282358116,97.53607594936709,3405.220348086899,97.19683544303797,3224.8453746413097,97.073417721519,3335.465913425938,96.79715189873417,3051.8131855661804,96.59715189873418,3260.511820815689,97.04012658227848
334,3285.214282358116,97.34177215189874,3405.220348086899,97.53101265822785,3224.8453746413097,96.93101265822784,3335.465913425938,96.94525316455696,3051.8131855661804,96.69556962025317,3260.511820815689,97.08892405063291
335,3285.214282358116,97.4882911392405,3405.220348086899,97.41772151898734,3224.8453746413097,97.03227848101265,3335.465913425938,97.10917721518987,3051.8131855661804,96.676582278481,3260.511820815689,97.14481012658229
336,3285.214282358116,97.2113924050633,3405.220348086899,97.0126582278481,3224.8453746413097,96.94778481012658,3335.465913425938,97.09715189873418,3051.8131855661804,96.88987341772152,3260.511820815689,97.03177215189874
337,3285.214282358116,97.49778481012659,3405.220348086899,96.89683544303797,3224.8453746413097,97.0506329113924,3335.465913425938,97.03892405063291,3051.8131855661804,96.59715189873418,3260.511820815689,97.01626582278482
338,3285.214282358116,97.54746835443038,3405.220348086899,97.01202531645569,3224.8453746413097,96.97974683544304,3335.465913425938,97.13417721518988,3051.8131855661804,96.17405063291139,3260.511820815689,96.96949367088607
339,3285.214282358116,97.65221518987342,3405.220348086899,97.26139240506329,3224.8453746413097,97.19588607594936,3335.465913425938,97.1873417721519,3051.8131855661804,96.0006329113924,3260.511820815689,97.05949367088608
340,3285.214282358116,97.65696202531646,3405.220348086899,97.3003164556962,3224.8453746413097,97.00221518987341,3335.465913425938,97.06550632911393,3051.8131855661804,96.0,3260.511820815689,97.00500000000001
341,3285.214282358116,97.51835443037974,3405.220348086899,97.13322784810127,3224.8453746413097,96.98892405063292,3335.465913425938,97.06772151898734,3051.8131855661804,96.51107594936708,3260.511820815689,97.04386075949367
342,3285.214282358116,97.24493670886076,3405.220348086899,96.83037974683545,3224.8453746413097,96.97816455696203,3335.465913425938,97.15854430379747,3051.8131855661804,96.68354430379746,3260.511820815689,96.97911392405065
343,3285.214282358116,97.3496835443038,3405.220348086899,97.0373417721519,3224.8453746413097,97.11107594936709,3335.465913425938,97.20759493670886,3051.8131855661804,96.56360759493671,3260.511820815689,97.05386075949369
344,3285.214282358116,97.61360759493671,3405.220348086899,97.2879746835443,3224.8453746413097,97.18386075949367,3335.465913425938,97.3110759493671,3051.8131855661804,96.74873417721518,3260.511820815689,97.2290506329114
345,3285.214282358116,97.76835443037974,3405.220348086899,97.17848101265822,3224.8453746413097,97.28829113924051,3335.465913425938,97.28481012658227,3051.8131855661804,96.71012658227848,3260.511820815689,97.24601265822784
346,3285.214282358116,97.70727848101266,3405.220348086899,97.2756329113924,3224.8453746413097,96.9629746835443,3335.465913425938,97.61898734177215,3051.8131855661804,96.99398734177215,3260.511820815689,97.31177215189874
347,3285.214282358116,97.55854430379746,3405.220348086899,97.32848101265823,3224.8453746413097,96.91518987341772,3335.465913425938,97.71645569620253,3051.8131855661804,97.30189873417721,3260.511820815689,97.36411392405063
348,3285.214282358116,97.69620253164557,3405.220348086899,97.38386075949367,3224.8453746413097,96.43924050632911,3335.465913425938,97.60664556962026,3051.8131855661804,97.21518987341773,3260.511820815689,97.26822784810126
349,3285.214282358116,97.68417721518988,3405.220348086899,97.41392405063291,3224.8453746413097,96.45632911392406,3335.465913425938,97.58924050632912,3051.8131855661804,97.00031645569621,3260.511820815689,97.22879746835443
350,3285.214282358116,97.49493670886076,3405.220348086899,97.38069620253165,3224.8453746413097,96.62784810126583,3335.465913425938,97.60411392405064,3051.8131855661804,96.83512658227848,3260.511820815689,97.18854430379747
351,3285.214282358116,97.48607594936709,3405.220348086899,97.38259493670886,3224.8453746413097,96.41867088607594,3335.465913425938,97.7623417721519,3051.8131855661804,96.74367088607595,3260.511820815689,97.15867088607595
352,3285.214282358116,97.42310126582278,3405.220348086899,97.33987341772152,3224.8453746413097,96.45727848101266,3335.465913425938,97.68101265822784,3051.8131855661804,96.84683544303797,3260.511820815689,97.14962025316456
353,3285.214282358116,97.06424050632911,3405.220348086899,97.24272151898734,3224.8453746413097,96.69525316455696,3335.465913425938,97.67151898734177,3051.8131855661804,96.61930379746835,3260.511820815689,97.05860759493672
354,3285.214282358116,97.41803797468354,3405.220348086899,97.0870253164557,3224.8453746413097,96.55696202531645,3335.465913425938,97.69177215189873,3051.8131855661804,96.4003164556962,3260.511820815689,97.03082278481011
355,3285.214282358116,97.49873417721518,3405.220348086899,96.85569620253165,3224.8453746413097,96.59620253164557,3335.465913425938,97.6870253164557,3051.8131855661804,96.62088607594937,3260.511820815689,97.05170886075949
356,3285.214282358116,97.83544303797468,3405.220348086899,96.83132911392406,3224.8453746413097,96.43322784810127,3335.465913425938,97.9003164556962,3051.8131855661804,96.40854430379747,3260.511820815689,97.08177215189873
357,3285.214282358116,97.68101265822784,3405.220348086899,96.95411392405063,3224.8453746413097,96.18987341772151,3335.465913425938,97.79746835443038,3051.8131855661804,96.28449367088608,3260.511820815689,96.98139240506329
358,3285.214282358116,97.43164556962026,3405.220348086899,96.99145569620254,3224.8453746413097,96.13101265822785,3335.465913425938,97.87848101265823,3051.8131855661804,96.35379746835443,3260.511820815689,96.95727848101265
359,3285.214282358116,97.5006329113924,3405.220348086899,96.77215189873418,3224.8453746413097,95.87468354430379,3335.465913425938,97.62468354430379,3051.8131855661804,96.65474683544304,3260.511820815689,96.88537974683543
360,3285.214282358116,97.5256329113924,3405.220348086899,96.7879746835443,3224.8453746413097,96.13512658227847,3335.465913425938,97.5506329113924,3051.8131855661804,96.58386075949367,3260.511820815689,96.91664556962027
361,3285.214282358116,97.44335443037974,3405.220348086899,96.56740506329113,3224.8453746413097,96.27658227848102,3335.465913425938,97.46708860759493,3051.8131855661804,96.32246835443038,3260.511820815689,96.81537974683543
362,3285.214282358116,97.20569620253164,3405.220348086899,96.78449367088608,3224.8453746413097,96.19145569620254,3335.465913425938,97.6626582278481,3051.8131855661804,96.67974683544304,3260.511820815689,96.90481012658228
363,3285.214282358116,97.0762658227848,3405.220348086899,96.91582278481013,3224.8453746413097,96.03607594936709,3335.465913425938,97.63860759493672,3051.8131855661804,96.72310126582279,3260.511820815689,96.87797468354431
364,3285.214282358116,97.13829113924051,3405.220348086899,96.9367088607595,3224.8453746413097,96.26044303797468,3335.465913425938,97.61424050632911,3051.8131855661804,96.48037974683544,3260.511820815689,96.88601265822783
365,3285.214282358116,97.16044303797469,3405.220348086899,97.00094936708861,3224.8453746413097,96.24778481012659,3335.465913425938,97.64272151898734,3051.8131855661804,96.6373417721519,3260.511820815689,96.93784810126581
366,3285.214282358116,96.9506329113924,3405.220348086899,96.84620253164557,3224.8453746413097,96.11518987341772,3335.465913425938,97.79335443037975,3051.8131855661804,96.86613924050633,3260.511820815689,96.91430379746835
367,3285.214282358116,97.09335443037975,3405.220348086899,96.975,3224.8453746413097,96.17784810126582,3335.465913425938,97.70253164556962,3051.8131855661804,96.70348101265823,3260.511820815689,96.9304430379747
368,3285.214282358116,97.29335443037975,3405.220348086899,97.2123417721519,3224.8453746413097,95.70791139240507,3335.465913425938,97.75949367088607,3051.8131855661804,96.80284810126582,3260.511820815689,96.95518987341772
369,3285.214282358116,97.27120253164557,3405.220348086899,97.18512658227849,3224.8453746413097,95.70284810126583,3335.465913425938,97.95348101265823,3051.8131855661804,96.68639240506329,3260.511820815689,96.95981012658228
370,3285.214282358116,97.40284810126582,3405.220348086899,96.83544303797468,3224.8453746413097,96.14588607594936,3335.465913425938,97.86582278481012,3051.8131855661804,96.79683544303798,3260.511820815689,97.0093670886076
371,3285.214282358116,97.50411392405063,3405.220348086899,96.8873417721519,3224.8453746413097,96.2382911392405,3335.465913425938,97.71867088607596,3051.8131855661804,96.95822784810126,3260.511820815689,97.06132911392406
372,3285.214282358116,97.43417721518988,3405.220348086899,96.75443037974684,3224.8453746413097,95.83164556962025,3335.465913425938,97.6860759493671,3051.8131855661804,96.90348101265823,3260.511820815689,96.92196202531645
373,3285.214282358116,97.29841772151899,3405.220348086899,96.87531645569621,3224.8453746413097,95.61613924050633,3335.465913425938,97.68322784810127,3051.8131855661804,96.64303797468355,3260.511820815689,96.82322784810128
374,3285.214282358116,97.59683544303797,3405.220348086899,97.00632911392405,3224.8453746413097,95.87341772151899,3335.465913425938,97.75158227848101,3051.8131855661804,96.176582278481,3260.511820815689,96.88094936708862
375,3285.214282358116,97.43006329113923,3405.220348086899,96.94778481012658,3224.8453746413097,95.9629746835443,3335.465913425938,97.52056962025317,3051.8131855661804,96.21582278481013,3260.511820815689,96.81544303797469
376,3285.214282358116,97.54462025316455,3405.220348086899,96.99873417721518,3224.8453746413097,96.05791139240506,3335.465913425938,97.70727848101266,3051.8131855661804,96.27879746835443,3260.511820815689,96.91746835443038
377,3285.214282358116,97.74430379746835,3405.220348086899,96.98132911392405,3224.8453746413097,95.99050632911393,3335.465913425938,97.37215189873417,3051.8131855661804,96.23892405063292,3260.511820815689,96.86544303797469
378,3285.214282358116,97.81898734177216,3405.220348086899,96.93860759493671,3224.8453746413097,95.89113924050633,3335.465913425938,96.82025316455696,3051.8131855661804,96.45981012658228,3260.511820815689,96.7857594936709
379,3285.214282358116,97.64145569620253,3405.220348086899,96.5639240506329,3224.8453746413097,95.74240506329114,3335.465913425938,97.29303797468354,3051.8131855661804,96.33037974683545,3260.511820815689,96.7142405063291
380,3285.214282358116,97.58481012658228,3405.220348086899,96.42943037974683,3224.8453746413097,95.53512658227848,3335.465913425938,97.23449367088608,3051.8131855661804,96.34082278481013,3260.511820815689,96.62493670886076
381,3285.214282358116,97.52974683544304,3405.220348086899,96.30759493670887,3224.8453746413097,95.91677215189874,3335.465913425938,97.04398734177215,3051.8131855661804,96.21044303797468,3260.511820815689,96.60170886075949
382,3285.214282358116,97.48987341772153,3405.220348086899,96.30601265822784,3224.8453746413097,95.71582278481013,3335.465913425938,97.24113924050633,3051.8131855661804,96.40379746835443,3260.511820815689,96.63132911392405
383,3285.214282358116,97.39018987341773,3405.220348086899,95.07943037974684,3224.8453746413097,95.98417721518987,3335.465913425938,97.14936708860759,3051.8131855661804,96.4759493670886,3260.511820815689,96.41582278481013
384,3285.214282358116,97.27943037974684,3405.220348086899,95.39936708860759,3224.8453746413097,96.13892405063291,3335.465913425938,97.1376582278481,3051.8131855661804,96.39683544303797,3260.511820815689,96.47044303797468
385,3285.214282358116,97.10569620253165,3405.220348086899,95.66708860759493,3224.8453746413097,96.1243670886076,3335.465913425938,97.35443037974683,3051.8131855661804,95.948417721519,3260.511820815689,96.44
386,3285.214282358116,97.06582278481012,3405.220348086899,95.9253164556962,3224.8453746413097,95.97784810126582,3335.465913425938,97.15158227848102,3051.8131855661804,95.87056962025316,3260.511820815689,96.39822784810126
387,3285.214282358116,97.16835443037975,3405.220348086899,96.39303797468355,3224.8453746413097,96.15158227848102,3335.465913425938,97.05348101265822,3051.8131855661804,95.9870253164557,3260.511820815689,96.55069620253164
388,3285.214282358116,97.50601265822785,3405.220348086899,96.19556962025317,3224.8453746413097,96.10664556962026,3335.465913425938,96.98512658227848,3051.8131855661804,96.0863924050633,3260.511820815689,96.57594936708861
389,3285.214282358116,97.36803797468355,3405.220348086899,96.60126582278481,3224.8453746413097,96.32056962025317,3335.465913425938,97.22721518987342,3051.8131855661804,95.93639240506329,3260.511820815689,96.69069620253165
390,3285.214282358116,97.57151898734178,3405.220348086899,96.57183544303797,3224.8453746413097,96.11803797468355,3335.465913425938,97.20348101265823,3051.8131855661804,96.04556962025316,3260.511820815689,96.70208860759494
391,3285.214282358116,97.50537974683544,3405.220348086899,96.6743670886076,3224.8453746413097,95.71898734177215,3335.465913425938,96.53987341772152,3022.220919964742,95.98797468354431,3254.5933676954014,96.48531645569622
392,3285.214282358116,97.4360759493671,3405.220348086899,96.40253164556962,3224.8453746413097,94.90917721518987,3335.465913425938,96.56455696202532,3022.220919964742,96.16518987341772,3254.5933676954014,96.29550632911392
393,3285.214282358116,97.43639240506329,3386.890688722026,96.45158227848101,3224.8453746413097,95.19208860759494,3335.465913425938,96.6256329113924,3022.220919964742,96.57974683544303,3250.9274358224266,96.45708860759494
394,3285.214282358116,97.3240506329114,3386.890688722026,96.49367088607595,3224.8453746413097,95.55126582278481,3335.465913425938,96.38829113924051,3022.220919964742,96.42056962025316,3250.9274358224266,96.43556962025316
395,3285.214282358116,97.24968354430379,3386.890688722026,96.27088607594936,3224.8453746413097,95.676582278481,3335.465913425938,96.52215189873418,3022.220919964742,96.4493670886076,3250.9274358224266,96.43373417721519
396,3285.214282358116,97.09620253164557,3351.6824876542514,96.62468354430379,3224.8453746413097,95.40316455696203,3335.465913425938,96.38702531645569,3022.220919964742,96.39462025316456,3243.8857956088714,96.38113924050633
397,3285.214282358116,97.27848101265823,3313.841581397568,96.48860759493671,3224.8453746413097,95.60158227848102,3335.465913425938,96.73259493670886,3022.220919964742,96.45981012658228,3236.3176143575347,96.51221518987343
398,3285.214282358116,97.33069620253164,3313.841581397568,96.625,3224.8453746413097,96.26075949367089,3335.465913425938,96.48322784810127,3022.220919964742,96.02784810126582,3236.3176143575347,96.54550632911392
399,3285.214282358116,97.35443037974683,3313.841581397568,96.53132911392404,3205.680070324437,96.18354430379746,3335.465913425938,96.59651898734177,3022.220919964742,95.74778481012659,3232.4845534941605,96.48272151898735
400,3285.214282358116,97.59778481012658,3313.841581397568,95.8626582278481,3205.680070324437,95.89272151898734,3335.465913425938,96.68449367088607,3022.220919964742,96.16740506329114,3232.4845534941605,96.44101265822785
401,3285.214282358116,97.64430379746835,3313.841581397568,96.03354430379747,3205.680070324437,95.3373417721519,3335.465913425938,96.78829113924051,3022.220919964742,96.03164556962025,3232.4845534941605,96.36702531645571
402,3285.214282358116,97.5370253164557,3313.841581397568,96.42689873417721,3205.680070324437,95.30981012658228,3335.465913425938,96.7123417721519,3022.220919964742,96.33417721518987,3232.4845534941605,96.46405063291138
403,3285.214282358116,97.35411392405064,3313.841581397568,96.57879746835442,3205.680070324437,95.31518987341772,3335.465913425938,96.7629746835443,3022.220919964742,96.11867088607595,3232.4845534941605,96.42594936708862
404,3281.631197418926,97.2370253164557,3313.841581397568,96.96518987341773,3205.680070324437,95.27183544303797,3335.465913425938,96.62056962025316,3022.220919964742,96.3253164556962,3231.7679365063223,96.48398734177215
405,3200.822782587316,97.24272151898734,3313.841581397568,97.00094936708861,3205.680070324437,95.35569620253165,3335.465913425938,96.49715189873417,3022.220919964742,96.20411392405063,3215.6062535400006,96.46012658227849
406,3200.822782587316,97.17246835443038,3313.841581397568,97.21772151898735,3205.680070324437,95.49841772151899,3335.465913425938,96.64841772151898,3022.220919964742,96.17025316455697,3215.6062535400006,96.54145569620253
407,3200.822782587316,97.09651898734177,3313.841581397568,97.27911392405063,3205.680070324437,95.426582278481,3335.465913425938,96.72848101265822,3022.220919964742,95.99620253164557,3215.6062535400006,96.50537974683544
408,3200.822782587316,97.37816455696202,3313.841581397568,97.27278481012658,3205.680070324437,95.58544303797468,3335.465913425938,96.91012658227848,3022.220919964742,96.12151898734177,3215.6062535400006,96.65360759493672
409,3200.822782587316,97.21772151898735,3313.841581397568,97.37183544303798,3205.680070324437,95.86107594936709,3335.465913425938,96.96012658227848,3022.220919964742,96.44018987341772,3215.6062535400006,96.7701898734177
410,3200.822782587316,97.29905063291139,3313.841581397568,97.0126582278481,3205.680070324437,96.225,3335.465913425938,97.12405063291139,3022.220919964742,96.55474683544304,3215.6062535400006,96.8431012658228
411,3200.822782587316,97.47246835443038,3313.841581397568,96.6996835443038,3205.680070324437,96.07025316455696,3335.465913425938,96.975,3022.220919964742,96.61550632911393,3215.6062535400006,96.76658227848102
412,3200.822782587316,97.3496835443038,3313.841581397568,97.02088607594936,3205.680070324437,96.4870253164557,3335.465913425938,96.89208860759494,3022.220919964742,96.24715189873417,3215.6062535400006,96.79936708860758
413,3200.822782587316,97.39873417721519,3313.841581397568,97.16170886075949,3205.680070324437,96.30506329113923,3335.465913425938,96.8110759493671,3022.220919964742,96.1990506329114,3215.6062535400006,96.77512658227847
414,3200.822782587316,97.28607594936709,3297.2240486369824,97.10506329113925,3205.680070324437,96.15,3335.465913425938,96.9753164556962,3022.220919964742,95.92721518987342,3212.2827469878835,96.6887341772152
415,3200.822782587316,97.29177215189874,3297.2240486369824,96.99873417721518,3205.680070324437,96.40253164556962,3335.465913425938,96.93449367088607,3022.220919964742,95.76582278481013,3212.2827469878835,96.67867088607595
416,3200.822782587316,97.09493670886076,3297.2240486369824,96.94873417721519,3205.680070324437,96.71835443037975,3335.465913425938,97.27088607594936,3022.220919964742,95.8262658227848,3212.2827469878835,96.77183544303799
417,3200.822782587316,97.03955696202532,3297.2240486369824,97.12689873417722,3205.680070324437,96.42753164556962,3251.6008876391984,96.68164556962026,3022.220919964742,95.81993670886077,3195.5097418305354,96.61911392405065
418,3200.822782587316,97.13449367088607,3297.2240486369824,96.7870253164557,3205.680070324437,96.29462025316455,3251.6008876391984,96.37183544303798,3022.220919964742,95.98639240506328,3195.5097418305354,96.51487341772152
419,3200.822782587316,97.06044303797468,3297.2240486369824,96.84113924050632,3205.680070324437,96.39303797468355,3251.6008876391984,96.53987341772152,3022.220919964742,96.07310126582279,3195.5097418305354,96.58151898734178
420,3200.822782587316,97.15632911392404,3297.2240486369824,96.95949367088608,3205.680070324437,96.46455696202531,3251.6008876391984,96.29430379746836,3022.220919964742,96.34493670886076,3195.5097418305354,96.64392405063292
421,3200.822782587316,97.16740506329114,3297.2240486369824,96.78354430379747,3205.680070324437,96.71962025316456,3251.6008876391984,96.84303797468354,3022.220919964742,96.53512658227848,3195.5097418305354,96.80974683544305
422,3200.822782587316,97.36424050632911,3297.2240486369824,96.6746835443038,3205.680070324437,96.70601265822785,3251.6008876391984,97.03101265822785,3022.220919964742,96.4870253164557,3195.5097418305354,96.85259493670887
423,3200.822782587316,97.11139240506328,3297.2240486369824,96.61139240506328,3205.680070324437,96.87025316455696,3251.6008876391984,97.17405063291139,3022.220919964742,96.66107594936709,3195.5097418305354,96.8856329113924
424,3200.822782587316,97.20854430379747,3297.2240486369824,97.05379746835443,3205.680070324437,96.60474683544304,3251.6008876391984,97.52278481012658,3022.220919964742,96.78892405063291,3195.5097418305354,97.0357594936709
425,3200.822782587316,97.31075949367089,3297.2240486369824,97.13892405063291,3205.680070324437,96.75949367088607,3251.6008876391984,97.09746835443038,3022.220919964742,96.19113924050633,3195.5097418305354,96.89955696202531
426,3200.822782587316,97.3867088607595,3297.2240486369824,96.82246835443038,3205.680070324437,96.63006329113924,3251.6008876391984,97.40221518987342,3022.220919964742,96.11044303797469,3195.5097418305354,96.87037974683544
427,3200.822782587316,97.3879746835443,3297.2240486369824,96.89398734177215,3205.680070324437,96.24683544303798,3251.6008876391984,97.59905063291139,3022.220919964742,96.28386075949368,3195.5097418305354,96.88234177215189
428,3200.822782587316,97.48069620253165,3297.2240486369824,97.03322784810126,3205.680070324437,96.23322784810127,3251.6008876391984,97.79493670886076,3022.220919964742,96.36455696202532,3195.5097418305354,96.98132911392403
429,3200.822782587316,97.46044303797468,3297.2240486369824,97.01962025316456,3205.680070324437,96.46044303797468,3251.6008876391984,97.70094936708861,3022.220919964742,96.35537974683544,3195.5097418305354,96.9993670886076
430,3200.822782587316,97.20221518987341,3297.2240486369824,97.11708860759494,3205.680070324437,96.42025316455697,3251.6008876391984,97.61139240506328,3022.220919964742,96.37879746835443,3195.5097418305354,96.94594936708862
431,3200.822782587316,97.6132911392405,3297.2240486369824,97.32784810126583,3205.680070324437,96.46392405063291,3251.6008876391984,97.68069620253165,3022.220919964742,96.05949367088607,3195.5097418305354,97.02905063291139
432,3200.822782587316,97.64651898734178,3297.2240486369824,97.4629746835443,3205.680070324437,96.59177215189874,3251.6008876391984,97.72120253164557,3022.220919964742,96.20601265822785,3195.5097418305354,97.12569620253166
433,3200.822782587316,97.53132911392404,3297.2240486369824,97.33607594936709,3205.680070324437,96.19018987341772,3251.6008876391984,97.70886075949367,3022.220919964742,95.96613924050632,3195.5097418305354,96.94651898734176
434,3200.822782587316,97.36962025316456,3297.2240486369824,97.23101265822785,3205.680070324437,96.36708860759494,3251.6008876391984,97.72658227848102,3022.220919964742,95.90094936708861,3195.5097418305354,96.9190506329114
435,3200.822782587316,97.6737341772152,3297.2240486369824,96.9753164556962,3205.680070324437,96.63227848101266,3251.6008876391984,97.76677215189873,3022.220919964742,96.16424050632911,3195.5097418305354,97.04246835443038
436,3200.822782587316,97.44588607594936,3297.2240486369824,97.26455696202531,3205.680070324437,96.69018987341772,3251.6008876391984,97.84113924050632,3022.220919964742,96.06772151898734,3195.5097418305354,97.06189873417722
437,3200.822782587316,97.37943037974684,3297.2240486369824,97.4367088607595,3205.680070324437,96.65601265822785,3251.6008876391984,97.37721518987341,3022.220919964742,96.0876582278481,3195.5097418305354,96.98740506329113
438,3200.822782587316,97.45348101265823,3297.2240486369824,97.4512658227848,3205.680070324437,96.9360759493671,3251.6008876391984,97.11139240506328,3022.220919964742,96.39240506329114,3195.5097418305354,97.0689240506329
439,3200.822782587316,97.04588607594937,3297.2240486369824,97.48227848101266,3205.680070324437,96.91582278481013,3251.6008876391984,97.14240506329114,3022.220919964742,96.56044303797468,3195.5097418305354,97.02936708860759
440,3200.822782587316,97.37531645569621,3297.2240486369824,97.28354430379747,3205.680070324437,96.81613924050633,3251.6008876391984,97.10759493670886,3022.220919964742,96.39240506329114,3195.5097418305354,96.995
441,3200.822782587316,97.44018987341772,3297.2240486369824,97.32911392405063,3205.680070324437,96.825,3251.6008876391984,96.9623417721519,3022.220919964742,95.92626582278481,3195.5097418305354,96.89658227848102
442,3200.822782587316,97.55537974683544,3297.2240486369824,97.30981012658228,3205.680070324437,96.6373417721519,3251.6008876391984,96.81930379746835,3022.220919964742,95.91898734177215,3195.5097418305354,96.84816455696202
443,3200.822782587316,97.39145569620253,3297.2240486369824,97.06139240506329,3205.680070324437,96.24145569620254,3251.6008876391984,96.92848101265822,3022.220919964742,96.01044303797468,3195.5097418305354,96.72664556962025
444,3200.822782587316,97.45886075949367,3297.2240486369824,97.13481012658228,3205.680070324437,96.53164556962025,3251.6008876391984,96.77215189873418,3022.220919964742,95.81012658227849,3195.5097418305354,96.74151898734178
445,3200.822782587316,97.45,3297.2240486369824,97.06518987341772,3205.680070324437,96.6993670886076,3251.6008876391984,96.9360759493671,3022.220919964742,95.82088607594936,3195.5097418305354,96.79430379746836
446,3200.822782587316,97.19145569620254,3297.2240486369824,96.8632911392405,3205.680070324437,96.70348101265823,3251.6008876391984,96.88037974683544,3022.220919964742,95.82753164556962,3195.5097418305354,96.69322784810126
447,3200.822782587316,97.01645569620253,3297.2240486369824,96.98987341772153,3205.680070324437,96.54208860759493,3251.6008876391984,96.58101265822785,3022.220919964742,95.9120253164557,3195.5097418305354,96.60829113924049
448,3200.822782587316,96.70189873417722,3297.2240486369824,97.05316455696203,3205.680070324437,96.37911392405063,3243.0610182426617,96.63101265822785,3022.220919964742,96.07278481012658,3193.8017679512277,96.56759493670886
449,3200.822782587316,96.53291139240507,3297.2240486369824,97.16867088607594,3205.680070324437,96.5379746835443,3243.0610182426617,96.64841772151898,3022.220919964742,96.10886075949367,3193.8017679512277,96.59936708860758
450,3200.822782587316,96.7879746835443,3297.2240486369824,97.25189873417722,3205.680070324437,96.63449367088607,3243.0610182426617,96.79651898734177,3022.220919964742,96.10411392405064,3193.8017679512277,96.715
451,3200.822782587316,96.78417721518987,3297.2240486369824,97.45822784810126,3205.680070324437,96.6,3243.0610182426617,96.93164556962026,3022.220919964742,95.71835443037975,3193.8017679512277,96.69848101265823
452,3200.822782587316,96.94746835443038,3297.2240486369824,97.64430379746835,3205.680070324437,96.551582278481,3243.0610182426617,97.00886075949367,3022.220919964742,95.90822784810126,3193.8017679512277,96.81208860759494
453,3200.822782587316,96.91044303797469,3297.2240486369824,97.30537974683544,3205.680070324437,96.73797468354431,3243.0610182426617,97.07056962025317,3022.220919964742,95.99873417721518,3193.8017679512277,96.80462025316456
454,3200.822782587316,96.6882911392405,3297.2240486369824,97.4120253164557,3205.680070324437,96.77911392405063,3243.0610182426617,96.87721518987341,3022.220919964742,96.17943037974683,3193.8017679512277,96.78721518987342
455,3200.822782587316,97.00221518987341,3297.2240486369824,97.32246835443038,3205.680070324437,96.81582278481012,3243.0610182426617,96.83069620253164,3022.220919964742,96.47025316455696,3193.8017679512277,96.88829113924051
456,3200.822782587316,97.34651898734177,3297.2240486369824,97.31582278481012,3205.680070324437,96.4490506329114,3243.0610182426617,96.67911392405064,3022.220919964742,96.55379746835443,3193.8017679512277,96.86886075949367
457,3200.822782587316,97.00221518987341,3297.2240486369824,97.21677215189874,3205.680070324437,96.43924050632911,3243.0610182426617,96.28069620253164,3022.220919964742,96.5743670886076,3193.8017679512277,96.7026582278481
458,3200.822782587316,96.89018987341773,3297.2240486369824,97.38955696202531,3205.680070324437,96.53069620253164,3243.0610182426617,96.20189873417722,3022.220919964742,96.68575949367089,3193.8017679512277,96.73962025316456
459,3200.822782587316,96.81898734177216,3297.2240486369824,97.24240506329114,3205.680070324437,96.50917721518988,3243.0610182426617,96.51835443037974,3022.220919964742,96.45917721518987,3193.8017679512277,96.70962025316456
460,3200.822782587316,96.73227848101266,3297.2240486369824,97.14462025316456,3205.680070324437,96.7863924050633,3243.0610182426617,96.1860759493671,3022.220919964742,96.38037974683544,3193.8017679512277,96.6459493670886
461,3200.822782587316,96.44367088607595,3297.2240486369824,97.04430379746836,3205.680070324437,96.9496835443038,3243.0610182426617,96.02721518987342,3022.220919964742,96.19430379746835,3193.8017679512277,96.53183544303798
462,3200.822782587316,96.32183544303797,3297.2240486369824,97.02721518987342,3205.680070324437,96.79841772151899,3243.0610182426617,96.0623417721519,3022.220919964742,95.92310126582278,3193.8017679512277,96.426582278481
463,3200.822782587316,96.84556962025316,3297.2240486369824,97.11392405063292,3205.680070324437,96.47215189873418,3243.0610182426617,96.36170886075949,3022.220919964742,95.82215189873418,3193.8017679512277,96.52310126582279
464,3200.822782587316,97.0610759493671,3297.2240486369824,97.1870253164557,3205.680070324437,95.9382911392405,3243.0610182426617,96.42626582278481,3022.220919964742,96.05506329113923,3193.8017679512277,96.53354430379747
465,3200.822782587316,97.19556962025317,3297.2240486369824,97.11044303797469,3205.680070324437,96.42816455696203,3243.0610182426617,96.44746835443038,3022.220919964742,96.14651898734178,3193.8017679512277,96.66563291139241
466,3200.822782587316,97.45284810126583,3297.2240486369824,96.89715189873418,3205.680070324437,96.20886075949367,3243.0610182426617,96.49873417721518,3022.220919964742,96.21740506329114,3193.8017679512277,96.655
467,3200.822782587316,97.23607594936709,3297.2240486369824,97.0253164556962,3205.680070324437,96.09620253164557,3243.0610182426617,96.6620253164557,3022.220919964742,96.06898734177216,3193.8017679512277,96.61772151898735
468,3200.822782587316,97.325,3297.2240486369824,97.22563291139241,3205.680070324437,96.32911392405063,3243.0610182426617,96.38354430379746,3022.220919964742,95.73037974683544,3193.8017679512277,96.59873417721519
469,3200.822782587316,97.21835443037975,3297.2240486369824,97.29145569620253,3205.680070324437,96.36962025316456,3243.0610182426617,96.45411392405063,3022.220919964742,95.71107594936709,3193.8017679512277,96.60892405063291
470,3200.822782587316,97.38892405063291,3297.2240486369824,97.52246835443037,3205.680070324437,96.53670886075949,3243.0610182426617,96.62531645569621,3022.220919964742,96.0623417721519,3193.8017679512277,96.82715189873417
471,3200.822782587316,97.3363924050633,3297.2240486369824,97.38386075949367,3205.680070324437,96.65759493670886,3243.0610182426617,96.6123417721519,3022.220919964742,95.89936708860759,3193.8017679512277,96.77791139240507
472,3200.822782587316,97.198417721519,3297.2240486369824,97.51392405063291,3205.680070324437,96.70316455696202,3243.0610182426617,96.75031645569621,3022.220919964742,96.11740506329114,3193.8017679512277,96.85664556962024
473,3200.822782587316,97.18512658227849,3297.2240486369824,97.60601265822785,3205.680070324437,96.76455696202531,3243.0610182426617,96.64620253164557,3022.220919964742,96.02658227848102,3193.8017679512277,96.84569620253164
474,3200.822782587316,97.08417721518987,3297.2240486369824,97.38132911392405,3205.680070324437,96.72816455696203,3243.0610182426617,96.6867088607595,3022.220919964742,95.84810126582279,3193.8017679512277,96.74569620253165
475,3200.822782587316,97.18069620253165,3297.2240486369824,97.45601265822785,3205.680070324437,96.56012658227849,3243.0610182426617,96.77373417721519,3022.220919964742,95.91867088607594,3193.8017679512277,96.77784810126582
476,3200.822782587316,96.8867088607595,3297.2240486369824,97.60696202531645,3205.680070324437,96.48670886075949,3243.0610182426617,96.98259493670886,3022.220919964742,96.025,3193.8017679512277,96.79759493670886
477,3200.822782587316,96.8370253164557,3297.2240486369824,97.47974683544304,3205.680070324437,96.60569620253165,3243.0610182426617,97.05348101265822,3022.220919964742,96.16455696202532,3193.8017679512277,96.82810126582278
478,3200.822782587316,96.90727848101265,3297.2240486369824,97.28354430379747,3205.680070324437,97.00126582278482,3243.0610182426617,96.90601265822785,3022.220919964742,96.2493670886076,3193.8017679512277,96.86949367088607
479,3200.822782587316,96.73544303797469,3297.2240486369824,97.14240506329114,3205.680070324437,96.67721518987342,3243.0610182426617,96.7126582278481,3022.220919964742,96.38639240506329,3193.8017679512277,96.73082278481014
480,3200.822782587316,96.89936708860759,3297.2240486369824,97.31645569620254,3205.680070324437,96.62405063291139,3243.0610182426617,96.07246835443038,3022.220919964742,96.6003164556962,3193.8017679512277,96.70253164556962
481,3200.822782587316,96.77784810126582,3297.2240486369824,97.10981012658227,3205.680070324437,96.92246835443038,3243.0610182426617,96.00601265822785,3022.220919964742,96.78386075949368,3193.8017679512277,96.72
482,3200.822782587316,96.86075949367088,3297.2240486369824,97.26044303797468,3205.680070324437,97.01424050632912,3243.0610182426617,95.88924050632912,3022.220919964742,96.95411392405063,3193.8017679512277,96.79575949367089
483,3200.822782587316,97.19113924050633,3297.2240486369824,97.26075949367089,3205.680070324437,97.06487341772151,3243.0610182426617,96.25158227848101,3022.220919964742,96.67943037974683,3193.8017679512277,96.88955696202531
484,3200.822782587316,96.75981012658228,3297.2240486369824,97.26677215189873,3205.680070324437,96.9496835443038,3243.0610182426617,96.47626582278481,3022.220919964742,96.68386075949367,3193.8017679512277,96.82727848101266
485,3200.822782587316,97.23955696202532,3297.2240486369824,97.23164556962026,3205.680070324437,96.92879746835443,3243.0610182426617,96.34493670886076,3022.220919964742,96.56613924050633,3193.8017679512277,96.86221518987342
486,3200.822782587316,97.57974683544303,3297.2240486369824,97.39050632911392,3205.680070324437,97.07943037974684,3243.0610182426617,96.5006329113924,3022.220919964742,96.58544303797468,3193.8017679512277,97.02715189873418
487,3200.822782587316,97.53575949367088,3297.2240486369824,97.2623417721519,3205.680070324437,97.13955696202531,3243.0610182426617,96.67405063291139,3022.220919964742,96.675,3193.8017679512277,97.05734177215189
488,3200.822782587316,97.10759493670886,3297.2240486369824,97.2879746835443,3205.680070324437,97.06139240506329,3243.0610182426617,96.42689873417721,3022.220919964742,96.56930379746835,3193.8017679512277,96.8906329113924
489,3200.822782587316,97.176582278481,3297.2240486369824,97.41677215189874,3205.680070324437,97.11962025316456,3243.0610182426617,96.55316455696203,3022.220919964742,96.54715189873417,3193.8017679512277,96.9626582278481
490,3200.822782587316,97.39683544303797,3297.2240486369824,97.43227848101266,3205.680070324437,97.0996835443038,3243.0610182426617,96.58544303797468,3022.220919964742,96.73132911392405,3193.8017679512277,97.04911392405064
491,3200.822782587316,97.28069620253164,3297.2240486369824,97.26518987341773,3205.680070324437,97.16170886075949,3243.0610182426617,96.49398734177215,3022.220919964742,96.4259493670886,3193.8017679512277,96.92550632911392
492,3200.822782587316,97.40886075949368,3297.2240486369824,97.59082278481013,3205.680070324437,97.20474683544303,3243.0610182426617,96.45506329113924,3022.220919964742,96.51740506329114,3193.8017679512277,97.03537974683545
493,3200.822782587316,97.52151898734178,3297.2240486369824,97.58164556962025,3205.680070324437,97.13987341772152,3243.0610182426617,96.59272151898735,3022.220919964742,96.81867088607595,3193.8017679512277,97.13088607594936
494,3200.822782587316,97.4629746835443,3297.2240486369824,97.59272151898735,3205.680070324437,97.00822784810127,3243.0610182426617,96.72056962025316,3022.220919964742,97.03575949367088,3193.8017679512277,97.1640506329114
495,3200.822782587316,97.61518987341772,3297.2240486369824,97.2746835443038,3205.680070324437,97.11518987341772,3243.0610182426617,96.94588607594936,3022.220919964742,96.92310126582278,3193.8017679512277,97.17481012658227
496,3200.822782587316,97.60189873417721,3297.2240486369824,97.53386075949368,3205.680070324437,97.23354430379747,3243.0610182426617,96.9493670886076,3022.220919964742,97.10537974683544,3193.8017679512277,97.28481012658229
497,3200.822782587316,97.71835443037975,3297.2240486369824,97.52310126582279,3205.680070324437,96.9490506329114,3243.0610182426617,97.10411392405064,3022.220919964742,96.99968354430379,3193.8017679512277,97.25886075949367
498,3200.822782587316,97.64588607594936,3297.2240486369824,97.09588607594937,3205.680070324437,97.03006329113924,3243.0610182426617,96.78544303797469,3022.220919964742,96.83196202531646,3193.8017679512277,97.07784810126581
499,3200.822782587316,97.43322784810127,3279.4043826358366,96.95949367088608,3205.680070324437,97.19208860759494,3243.0610182426617,96.92911392405064,3022.220919964742,96.575,3190.237834750999,97.01778481012659
500,3200.822782587316,97.22626582278481,3279.4043826358366,97.19430379746835,3205.680070324437,97.36708860759494,3243.0610182426617,97.08575949367089,3022.220919964742,96.55126582278481,3190.237834750999,97.08493670886075
