generation,fitness_run_1,diversity_run_1,fitness_run_2,diversity_run_2,fitness_run_3,diversity_run_3,fitness_run_4,diversity_run_4,fitness_run_5,diversity_run_5,fitness_average,diversity_average
1,3450.590531337546,0.47093276746681084,3700.3156900290705,0.3087602741634221,3770.6198886290626,0.4709327674668108,3766.0908693117035,0.34175616888011817,3668.541140572619,0.4069614768659663,3671.2316239760003,0.39986869096862565
2,3413.2176849684292,0.4711181429217561,3667.40262303136,0.6528071264552707,3692.41473099523,0.34175616888011817,3646.9626296551114,0.3087602741634221,3590.304832896515,0.3744899031142996,3602.0605003093287,0.4297863231069733
3,3352.443805550006,0.27550221896421145,3592.33457113294,0.7835625263840345,3670.6754400788745,0.43917089013511856,3621.095502870936,0.5026178597709338,3546.4182432401794,0.47093276746681084,3556.593512574587,0.4943572525442218
4,3298.677229186169,0.5961001737882149,3515.286702563582,0.59628554924316,3647.5191618579797,1.2193174731143963,3580.0358167635563,0.3744899031142995,3545.3268517861325,0.34175616888011817,3517.369152431484,0.6255898536280378
5,3282.6538314536383,0.34157079342517294,3515.286702563582,0.24198200328248617,3624.241305128862,0.502803235225879,3523.13858857321,0.34175616888011817,3545.3268517861325,0.4945921863656148,3498.129455901085,0.38454087743585424
6,3237.716821457695,0.3744899031142996,3515.286702563582,0.2753168435092662,3541.240618315832,0.24198200328248612,3523.13858857321,0.20819962711824622,3442.5799882721926,0.7396509049726515,3451.9925438365026,0.36792785639938985
7,3200.1995452433175,0.43917089013511856,3469.866912099008,0.3087602741634221,3538.1392495926284,0.40677610141102116,3447.4655631278624,0.43917089013511845,3388.655636025875,0.40677610141102116,3408.8653812177386,0.4001308514511403
8,3200.1995452433175,0.20819962711824624,3408.9317086347,0.3744899031142995,3491.4119217141233,0.9835571228677821,3442.7216621794582,0.4386147637702829,3373.6050057864163,0.47093276746681084,3383.373968711603,0.49515883686748435
9,3134.136257408836,0.4069614768659664,3316.635686619778,0.4069614768659663,3478.201908371464,0.3744899031142995,3442.7216621794582,1.100743149376225,3284.6461196934865,1.003891123310199,3331.2683268546048,0.6586094259065313
10,3134.136257408836,0.5028032352258789,3281.2876533527055,0.5026178597709338,3406.0166328260802,0.43917089013511856,3431.4219666627837,0.7009570901451764,3265.4259548348095,0.3087602741634221,3303.6576930170427,0.49086186988810593
11,3134.136257408836,0.4689841519366666,3235.9872345970475,0.34175616888011817,3404.808144339875,0.4389855146801733,3396.6196652898,0.4069614768659664,3265.4259548348095,0.34157079342517294,3287.3954512940736,0.39965162115761943
12,3114.7795088217176,0.5245651208834536,3235.9872345970475,0.3085748987084769,3398.176835166497,0.46295253505498835,3366.946649501672,0.4069614768659664,3239.5790129229267,0.4711181429217561,3271.093848201972,0.4348344348869283
13,3098.2342145935268,0.2755022189642114,3212.217565027835,0.34175616888011817,3333.0680248953377,0.4818132251690385,3342.247500951993,0.34175616888011817,3239.5790129229267,0.43898551468017327,3245.0692636783238,0.37596265931473194
14,3098.2342145935268,0.3087602741634221,3195.211965633028,0.4069614768659664,3276.2443840618125,0.3395405385250972,3342.247500951993,0.13984839334222254,3219.3595533519688,0.5338554161375969,3226.259523718466,0.345793219806861
15,3098.2342145935268,0.34175616888011817,3186.907340215648,0.40659072595607587,3234.7486218089794,0.43917089013511845,3338.8465956119944,0.4711181429217561,3213.44796197588,0.4389855146801733,3214.436946841206,0.41952428851464846
16,3098.2342145935268,0.27550221896421145,3163.1214535999443,0.5142606062736266,3234.7486218089794,0.3085748987084769,3300.2242572657715,0.9318331694063725,3175.392809211486,0.6075601674545069,3194.3442712959413,0.5275462121614389
17,3098.2342145935268,0.20819962711824624,3163.1214535999443,0.34175616888011817,3210.8663908496487,0.4388001392252281,3262.818484358065,0.5026178597709338,3143.1132209357606,0.2755022189642114,3175.6307528673888,0.3533752027917475
18,3098.2342145935268,0.3415707934251729,3136.8698118846382,0.4069614768659664,3210.8663908496487,0.4069614768659664,3262.818484358065,0.34175616888011817,3142.0218294817137,0.4389855146801733,3170.1621462335183,0.38724708614347947
19,3080.066932683591,0.3744899031142996,3135.781745788307,0.31876879371568734,3199.5657729180425,0.4069614768659663,3262.818484358065,0.4711181429217561,3123.0258297772693,0.625918337314929,3160.251753105055,0.4394513307865277
20,3061.8024019713553,0.5650161874766906,3120.118958904653,0.40460129074096657,3199.5657729180425,0.30838952325353164,3258.9475614353605,0.35422583820163694,3113.9588770073356,0.3744899031142995,3150.878714447349,0.4013445485574251
21,3061.8024019713553,0.3744899031142995,3114.3728039354646,0.40569565408115627,3199.5657729180425,0.24198200328248617,3247.647865918684,1.1044230879445116,3091.3576322971717,0.43917089013511856,3142.9492954081434,0.5131523077115144
22,3036.7215818759223,0.5028032352258789,3104.852475924589,0.6993500977300988,3184.9882230438448,0.4069614768659664,3112.9549957890486,0.47093276746681084,3024.6936207358754,0.3744899031142995,3092.842179473856,0.4909074960806109
23,2957.4190956639604,0.43898551468017327,3083.4321031712716,0.3087602741634221,3179.0215068819157,0.47093276746681084,3112.9549957890486,0.34175616888011817,3010.9547567767027,0.4389855146801733,3068.75649165658,0.39988404797413957
24,2957.4190956639604,0.3744899031142995,3083.4321031712716,0.43917089013511856,3169.570342869431,1.3903976565684302,3091.600704121209,0.3744899031142996,2956.8238653417607,0.5026178597709338,3051.7692222335268,0.6162332425406163
25,2927.928789489272,0.4709327674668108,3072.475847739125,0.3087602741634221,3163.1561552408234,1.3532126885076252,3059.2587483051875,0.4389855146801734,2918.777596586387,0.24198200328248612,3028.3194274721595,0.5627746496201035
26,2919.90783373882,0.3087602741634221,3065.754668091841,0.5028032352258789,3163.1561552408234,0.859082638447595,3059.2587483051875,0.3085748987084769,2918.777596586387,0.3087602741634221,3025.371000392612,0.45759626414175897
27,2887.302242092529,0.5918073192057663,3034.132339348815,0.5134277699984654,3125.730795438308,0.8379386207845371,3011.352152154021,0.5026178597709338,2911.395624401163,0.17415509047149172,2993.9826306869672,0.523989332046239
28,2805.2486410016613,0.40677610141102116,3016.3111890828127,0.3087602741634221,3125.730795438308,0.3085748987084769,2997.062972248486,0.5342261670474873,2902.8000665856334,0.4820648316506169,2969.4307328713803,0.40808045459620484
29,2801.542432165156,0.4069614768659663,3001.6368295677744,0.3417561688801181,3104.4267322980018,0.4069614768659664,2997.062972248486,0.3087602741634221,2867.469737931856,0.5629230161765668,2954.4277408422545,0.40547248259040797
30,2801.542432165156,1.0325614670447485,2968.929964415675,0.4067761014110211,3103.6665956936654,0.4389855146801733,2997.062972248486,0.4818132251690385,2867.469737931856,0.13984839334222252,2947.7343404909675,0.49999694032944075
31,2761.8228104296945,0.7542937617134675,2965.8208193130718,0.40677610141102116,3072.194050319808,0.6154877826175369,2997.062972248486,0.38799369958309754,2867.469737931856,0.4069614768659663,2932.874078048583,0.5143025644382179
32,2750.2321632899593,0.5028032352258791,2946.9470216427903,1.0219045919086882,3033.934965989981,0.5026178597709338,2985.41641815391,0.6916382408761474,2867.469737931856,0.34157079342517294,2916.800061401699,0.6121069442413642
33,2748.508884056182,0.5026178597709338,2946.9470216427903,0.34175616888011817,3033.934965989981,0.3417561688801181,2956.8192061842874,0.3744899031142995,2846.173113122197,0.4069614768659664,2906.4766381990876,0.39351631550228716
34,2748.508884056182,0.4911220861641532,2946.9470216427903,0.5652015629316357,3033.934965989981,0.3654748950489756,2864.3867404038497,0.24179662782754094,2825.229450551298,0.47093276746681084,2883.80141252882,0.4269055878878233
35,2748.508884056182,0.8945503852761779,2938.5114143717487,0.607398513792876,3027.2657236622144,0.4486314438978954,2846.316686283423,0.3087602741634221,2795.64916723077,0.4069614768659664,2871.250375120868,0.5332604187992676
36,2725.4581819111463,1.0064216815513616,2931.218331487002,1.115174671807523,3021.258312512403,0.4632761116227051,2846.316686283423,0.40677610141102116,2795.64916723077,0.3087602741634221,2863.9801358849486,0.6600817681112067
37,2725.4581819111463,0.43917089013511856,2857.5702434220843,0.6417690424037198,3021.258312512403,0.5900622675428939,2821.005145838014,0.45094641971226584,2777.3118656321267,0.3087602741634221,2840.520749863155,0.486141778791484
38,2709.836028302368,0.4711181429217561,2857.5702434220843,0.47093276746681084,3021.258312512403,0.5243411086757886,2821.005145838014,0.34175616888011817,2731.7087887119346,0.5028032352258789,2828.275703757361,0.4621902846340705
39,2700.994134438323,0.43917089013511856,2857.389000180077,0.6267366241622793,3021.258312512403,0.38662039624286754,2821.005145838014,0.43917089013511845,2731.7087887119346,0.43917089013511856,2826.47107633615,0.4661739381621004
40,2682.2942674733363,0.38725330763527266,2857.389000180077,0.34175616888011817,3021.258312512403,0.3645974259851681,2821.005145838014,0.17415509047149172,2722.3198875908524,0.6098262175611754,2820.8533227189364,0.37551764210664523
41,2682.2942674733363,0.17415509047149166,2827.178858262367,0.30812736277101704,3021.258312512403,0.3744899031142996,2821.005145838014,0.4711181429217561,2651.4670391208037,0.5028032352258791,2800.6407246413846,0.3661387469008887
42,2682.2942674733363,0.30652423396591905,2825.4021318301106,0.24198200328248617,3021.258312512403,0.3087602741634221,2821.005145838014,0.47093276746681095,2637.1863058209674,0.502803235225879,2797.4292326949662,0.3662005028209035
43,2679.797841007875,0.3087602741634221,2803.1275913023396,0.5803393985297198,3021.258312512403,0.3417561688801181,2821.005145838014,0.4069614768659664,2637.1863058209674,0.24198200328248612,2792.47503929632,0.37595986434434253
44,2659.380399620195,0.7769319289047649,2749.8325290476128,0.2755022189642114,3021.258312512403,0.3744899031142996,2818.684289883063,0.40696147686596645,2637.1863058209674,0.5026178597709339,2777.268367376848,0.46730067752403526
45,2659.380399620195,0.37430452765935435,2749.8325290476128,0.43917089013511856,3013.93501353783,0.43917089013511856,2816.668006309886,0.7781865396375564,2633.4248758275376,0.5028032352258789,2774.648164868612,0.5067272165586053
46,2659.380399620195,0.30876027416342217,2736.3098298220925,0.43917089013511856,2995.11743739174,0.5255795165364822,2798.4161161349807,0.948042845765577,2633.4248758275376,1.1240805055498466,2764.529731759309,0.6691268064300893
47,2658.942442959833,0.4069614768659664,2736.3098298220925,0.37430452765935435,2978.1900648494648,0.4711181429217561,2798.4161161349807,0.5342261670474874,2602.542495042257,0.43853797874271355,2754.8801897617254,0.4450296586474556
48,2643.587756547302,0.5454929323352085,2733.460884313364,0.34175616888011817,2943.431165482812,1.4848911414829042,2798.4161161349807,0.3980548285451513,2602.542495042257,0.40677610141102116,2744.2876835041434,0.6353942345308806
49,2627.4637627379448,0.6591549789946914,2732.1348330887877,1.2297747552926634,2943.431165482812,0.2753168435092662,2794.814351545065,0.5599729007097017,2602.542495042257,0.3744899031142996,2740.0773215793733,0.6197418763241245
50,2623.2488442540393,1.1229025369164247,2730.744688845077,1.4075582571506122,2943.431165482812,0.27550221896421145,2793.9914624448857,0.999730810167942,2589.295533659561,0.5956526378507548,2736.142338937275,0.8802692922099891
51,2623.2488442540393,0.8738987491557413,2714.303242114166,1.2123885243958983,2929.815910777322,0.7279246616560973,2790.38969785497,0.9136298167164697,2586.9549430599163,0.4069614768659664,2728.942527612083,0.8269606457580346
52,2622.28355502485,0.43917089013511845,2714.303242114166,0.3087602741634221,2919.0025196607216,1.018525503227098,2773.6281663497307,1.2233104147328466,2534.1084849542103,0.8204886672624303,2712.665193620736,0.7620511499041831
53,2622.28355502485,0.5982323431257914,2714.303242114166,0.34175616888011817,2919.0025196607216,1.0167797789382647,2766.3897567627505,0.43917089013511856,2534.1084849542103,0.9055636922597491,2711.2175117033394,0.6603005746678084
54,2622.28355502485,0.8965603313224373,2714.303242114166,0.5026178597709338,2919.0025196607216,0.7822172997405268,2766.3897567627505,0.5461416310860833,2534.1084849542103,0.7327536126695459,2711.2175117033394,0.6920581469179055
55,2612.083981847417,1.193296870602467,2713.6673375611454,0.6076764616338599,2910.062204857975,1.09920421776062,2766.3897567627505,0.5245651208834536,2518.323463635895,0.7827789548243327,2704.1053489330366,0.8415043251409466
56,2612.083981847417,0.40677610141102116,2713.6673375611454,0.4193699178355188,2910.062204857975,0.34175616888011817,2766.3897567627505,0.4293709853920261,2505.483581125525,0.4069614768659663,2701.5373724309625,0.40084693007693006
57,2610.363356733884,0.4709327674668108,2705.411973012687,0.44099163834877814,2896.488588795804,0.40677610141102116,2766.3897567627505,0.4711181429217561,2465.9615729558336,0.5961001737882148,2688.923049652192,0.47718376478731617
58,2610.363356733884,0.5065557330088071,2705.411973012687,0.4711181429217561,2896.488588795804,0.43917089013511856,2753.826218131881,0.5321329957473637,2465.9615729558336,0.5342261670474873,2686.410341926018,0.4966407857721066
59,2610.363356733884,0.8280341206333615,2705.411973012687,0.43917089013511856,2891.2924647282166,0.3085748987084769,2753.826218131881,0.3744899031142996,2459.462528924787,0.43917089013511856,2684.071308306291,0.47788814054527506
60,2600.622898637343,1.2353650757824937,2705.411973012687,0.3744899031142996,2876.4106637628784,1.0159305176473234,2748.4026930533346,0.27550221896421145,2457.773137728571,0.755991974531182,2677.7242732389627,0.731455938007902
61,2560.196415365095,1.6020902416709437,2705.411973012687,0.3744899031142996,2876.4106637628784,0.3085748987084769,2748.4026930533346,0.8985454158193892,2457.773137728571,0.6953409228505403,2669.6389765845133,0.7758082764327299
62,2560.196415365095,0.2755022189642114,2705.411973012687,0.17415509047149172,2876.4106637628784,0.4069614768659664,2748.4026930533346,0.5938887981836009,2456.755794465728,1.355229446987547,2669.4355079319444,0.5611474062945635
63,2543.299137822044,0.4069614768659664,2705.411973012687,0.4709327674668108,2876.4106637628784,0.502803235225879,2748.4026930533346,0.7710800337876372,2419.6070877820302,1.4661263411040775,2658.626311086595,0.7235807708900742
64,2532.7103993800724,0.43898551468017327,2705.411973012687,0.3744899031142996,2849.9426688866506,0.48337278315330284,2748.4026930533346,0.8509541348923,2419.6070877820302,0.5342261670474873,2651.2149644229553,0.5364057005775126
65,2519.3474226709677,0.3744899031142996,2704.4749698048913,0.27550221896421145,2814.024103107763,0.5026178597709338,2743.6871236485945,0.8661907402153077,2419.6070877820302,0.20819962711824622,2640.228141402849,0.44540006983659974
66,2509.2361674807216,0.43917089013511856,2698.4749698048913,0.5869168066597276,2814.024103107763,1.0255382822899992,2738.1638601629793,1.017719307130358,2419.6070877820302,0.4711181429217561,2635.9012376676774,0.7080926858273919
67,2509.2361674807216,0.6571109140538277,2698.4749698048913,0.45114758252568093,2799.351149691167,1.111593611090048,2738.1638601629793,0.35405625010516173,2419.6070877820302,0.4069614768659664,2632.966646984358,0.596173966928137
68,2509.2361674807216,0.543712598336284,2698.4749698048913,0.3087602741634221,2788.942041680416,0.4711181429217561,2738.1638601629793,0.4069614768659664,2419.6070877820302,0.49712911079860256,2630.884825382208,0.44553632061720627
69,2509.2361674807216,0.3872533076352729,2698.4749698048913,0.34175616888011817,2788.942041680416,0.47093276746681084,2738.1638601629793,0.43917089013511856,2419.6070877820302,0.5048502326852391,2630.884825382208,0.42879267336051186
70,2509.2361674807216,0.3315857439100021,2698.4749698048913,0.5028032352258791,2788.942041680416,0.3744899031142996,2738.1638601629793,0.40677610141102116,2419.6070877820302,0.5286014831407931,2630.884825382208,0.42885129336039907
71,2504.733174610254,0.45922483502019196,2698.4749698048913,0.20819962711824624,2788.942041680416,0.2755022189642114,2738.1638601629793,0.5335932556550822,2419.6070877820302,0.4422271699808641,2629.9842268081143,0.38374942134771917
72,2502.8332162424813,1.195337119278835,2697.0335504084314,0.43917089013511856,2781.91706419011,0.5026178597709338,2737.9967668135964,0.6347462127191321,2419.6070877820302,0.6450452699220727,2627.87753708733,0.6833834703652185
73,2497.436724676432,0.8241241863938015,2692.400734304758,0.8348851982252334,2781.623100113603,0.6546235366390446,2737.9967668135964,0.6771411742267446,2412.5091243204342,0.4506238898746412,2624.393290045765,0.6882795970718931
74,2497.436724676432,0.818426780206772,2689.7107873200166,0.7852406318278448,2781.623100113603,0.7656206598374681,2737.9967668135964,0.6348950704027021,2411.094078122196,0.7405342419145299,2623.572291409169,0.7489434768378633
75,2443.97945922699,0.625719400694961,2689.291589202155,0.922183101998341,2781.623100113603,0.758186286345792,2737.9967668135964,0.6781066890457945,2411.094078122196,0.6297682976298519,2612.796998695708,0.722792755142948
76,2443.97945922699,0.37430452765935435,2687.981446297162,1.0207550226292206,2739.3704895943765,0.7669173948837813,2737.9967668135964,0.6835982298959473,2408.1613541883257,0.7907634634539545,2603.4979032240904,0.7272677277044517
77,2443.97945922699,0.5026178597709338,2687.5622481793002,1.1141091464177135,2739.3704895943765,0.3417561688801181,2721.1806781039345,0.910033831867336,2408.1613541883257,1.3872972220099595,2600.0508458585855,0.8511628457892122
78,2435.421117493472,0.5962855492431601,2687.5622481793002,1.2010828498279744,2739.3443078448117,0.27550221896421145,2709.527549894595,0.4069614768659664,2408.1613541883257,0.8630203263820364,2596.003315520101,0.6685704842566699
79,2435.421117493472,0.4370164893075463,2687.5622481793002,1.299027191219019,2739.3443078448117,0.3087602741634221,2709.527549894595,0.4711181429217561,2408.1613541883257,0.7455572881293205,2596.003315520101,0.6522958771482128
80,2431.0799648967345,0.3087602741634221,2683.093613310825,1.2109152579251403,2738.0552201168202,0.5962855492431599,2709.527549894595,0.5592524143080708,2408.1613541883257,0.4687987764817217,2593.98354048146,0.6288024544243029
81,2413.42055817668,1.3970467326728708,2677.8916013257726,1.2218625317241913,2698.407666906697,0.6193425710256805,2709.527549894595,0.3769280060447613,2408.1613541883257,0.3417561688801181,2581.481746098414,0.7913872020695244
82,2413.42055817668,0.3744899031142996,2677.8916013257726,0.9698834645008306,2698.407666906697,0.5961001737882149,2709.527549894595,0.5401149364962425,2408.1613541883257,0.3744899031142996,2581.481746098414,0.5710156762027774
83,2413.42055817668,0.4505293826093559,2676.4501819293127,1.1282377364605904,2666.523496246798,0.4190919699945343,2709.527549894595,0.5532461826540638,2404.733565748528,0.534040791592542,2574.1310703991826,0.6170292126622172
84,2402.2770536540634,0.5243797454285085,2676.4501819293127,1.317254947493113,2643.751767107982,0.20819962711824622,2709.527549894595,0.632281278113418,2397.5790343788976,1.061486447016947,2565.9171173929703,0.7487204090340465
85,2402.2770536540634,0.3087602741634221,2676.4501819293127,1.315539076885596,2629.234867124907,0.34175616888011817,2709.527549894595,0.5202930184933375,2393.4588271606476,0.34175616888011817,2562.1896959527053,0.5656209414605183
86,2394.2229225360875,0.5340407915925421,2676.4501819293127,1.5514325250172478,2629.234867124907,0.4389855146801733,2693.9118513690755,0.5424208992009361,2392.2719871218383,1.0629827797534483,2557.218362016244,0.8259725020488695
87,2394.2229225360875,0.5478962309618732,2676.4501819293127,1.5026931267068497,2629.234867124907,0.43917089013511856,2693.9118513690755,0.4069614768659663,2392.2719871218383,1.0001709551390572,2557.218362016244,0.7793785359617731
88,2378.7820099254714,0.24198200328248612,2676.4501819293127,1.357720539139645,2629.040962967218,0.5653869383865809,2693.9118513690755,0.4386147637702828,2388.151779903588,1.0683454029721573,2553.2673572189333,0.7344099295102304
89,2378.7820099254714,0.3087602741634221,2675.8421044950314,1.14096306450722,2629.040962967218,0.5735095079964743,2686.9335519307347,0.41590210028937785,2387.0889530732175,1.1141242503193798,2551.537516478335,0.7106518394551747
90,2357.8177104510523,0.6854172968300962,2648.4145790709745,1.25278773242247,2629.040962967218,0.29767898995991665,2686.9335519307347,0.5131433539217408,2387.0889530732175,0.6500209863430957,2541.859151498639,0.6798096718954639
91,2357.8177104510523,0.20819962711824622,2648.4145790709745,0.24198200328248612,2629.040962967218,0.40478666619591114,2686.9335519307347,0.43662532855517283,2387.0889530732175,0.8104213293891623,2541.859151498639,0.4204029909081958
92,2319.234323196273,0.34175616888011817,2648.4145790709745,0.4047866661959113,2629.040962967218,0.3744899031142995,2686.9335519307347,0.3087602741634221,2375.4591441913717,0.8300464577625265,2531.8165122713144,0.4519678940232555
93,2314.549460066608,0.43917089013511845,2648.4145790709745,0.2755022189642114,2629.040962967218,0.7548149675111798,2686.9335519307347,0.5028032352258789,2365.6487718888097,0.37430452765935435,2528.917465184869,0.46931916789914857
94,2314.549460066608,1.0039581887037385,2644.8604566174627,0.5148882873609508,2627.3098636504997,0.5534955147849197,2686.9335519307347,0.525906527759847,2365.6487718888097,0.4391708901351186,2527.860420830823,0.607483881748915
95,2314.549460066608,0.4511780813602306,2612.656915577101,1.0913457065686003,2627.3098636504997,0.9274500973841344,2686.9335519307347,0.5697439850238498,2365.6487718888097,0.5767157772257915,2521.419712622751,0.7232867295125214
96,2314.549460066608,0.47093276746681084,2583.7293848554777,0.4069614768659664,2627.3098636504997,1.1819543364764666,2686.9335519307347,0.35424162556010697,2365.6487718888097,0.5574182821764123,2515.634206478426,0.5943016977091526
97,2314.549460066608,0.3743045276593543,2583.7293848554777,0.4389855146801733,2626.080071013885,0.8987911613134003,2686.9335519307347,0.5967800915195659,2365.6487718888097,0.5349357384138653,2515.388247951103,0.5687594067172718
98,2304.4749581017904,0.40677610141102116,2565.352227167844,0.43917089013511845,2626.080071013885,0.9588708852241695,2686.9335519307347,0.6391248026757544,2365.6487718888097,0.44117389178582433,2509.697916020613,0.5770233142463776
99,2304.4749581017904,0.4711181429217561,2565.352227167844,0.3087602741634221,2606.737842552791,1.0754544161508688,2678.1503944746655,0.5251690993670858,2365.6487718888097,0.7124071376426016,2504.07283883718,0.6185818140491468
100,2261.067187942024,0.4069614768659663,2556.405407783742,0.3085748987084769,2606.737842552791,0.471118142921756,2660.890146857692,0.5342261670474873,2344.9686276806983,0.5605342261177145,2486.0138425633895,0.45628298233228015
101,2259.8105825069433,0.4389855146801733,2556.405407783742,0.5144249640650207,2606.737842552791,0.6072131383379302,2660.890146857692,0.3085748987084769,2343.0049775495945,0.34175616888011817,2485.369791450152,0.44219093693434386
102,2258.793365931703,0.5017995729235835,2515.558803729917,0.6585958323632694,2606.737842552791,0.5148882873609504,2660.890146857692,0.5878434532515872,2343.0049775495945,0.6790966246031136,2476.9970273243393,0.5884447541005008
103,2258.793365931703,0.7525228975477852,2515.558803729917,0.3087602741634221,2606.737842552791,0.40967440561951346,2660.890146857692,0.6354874838560467,2343.0049775495945,1.055300369491462,2476.9970273243393,0.632349086135646
104,2230.896614854922,1.2580649840425318,2515.558803729917,0.4069614768659663,2606.737842552791,0.42932372894588716,2660.890146857692,0.4379296930310906,2343.0049775495945,1.1782553976904409,2471.4176771089833,0.7421070561151835
105,2230.896614854922,0.27550221896421145,2503.9169283968217,0.4711181429217561,2606.737842552791,0.6769451320450844,2660.890146857692,0.45887996046083734,2343.0049775495945,1.1007987615302166,2469.0893020423637,0.5966488431844212
106,2230.896614854922,0.3087602741634221,2503.9169283968217,0.20819962711824624,2606.737842552791,0.4418099251961284,2660.890146857692,0.43664573839765636,2343.0049775495945,0.9327076203206741,2469.0893020423637,0.4656246370392255
107,2230.896614854922,0.3085748987084769,2503.9169283968217,0.3744899031142996,2606.737842552791,0.36703445303324006,2660.890146857692,0.4930959028688258,2343.0049775495945,0.7519341364889259,2469.0893020423637,0.45902585884275365
108,2230.896614854922,0.4069614768659664,2500.5675953591517,0.47093276746681084,2606.737842552791,0.35320845143890917,2660.890146857692,0.471118142921756,2343.0049775495945,0.9060977339849257,2468.41943543483,0.5216637145356736
109,2229.562900972512,0.4069614768659664,2491.332197076977,1.0591762960954068,2606.737842552791,0.5440435686615889,2660.890146857692,0.3087602741634221,2343.0049775495945,0.7753302974372073,2466.305613001913,0.6188543826447183
110,2228.2197833188616,0.5876580777966416,2491.332197076977,0.43917089013511856,2605.4603760593923,0.4625365738344683,2633.7950071669375,0.3744899031142995,2343.0049775495945,0.8960478836769281,2460.362468234352,0.5519806657114913
111,2228.2197833188616,0.9207832241459016,2491.332197076977,0.4069614768659663,2605.4603760593923,0.735063094772837,2633.7950071669375,0.34175616888011817,2343.0049775495945,0.894109463250117,2460.362468234352,0.659734685582988
112,2226.8860694364516,1.0194136193679084,2491.332197076977,0.4069614768659664,2605.4603760593923,0.959896045571395,2633.7950071669375,0.24198200328248612,2343.0049775495945,0.824604074247425,2460.0957254578702,0.6905714438670361
113,2226.8860694364516,0.896806450256323,2491.332197076977,0.20819962711824624,2605.4603760593923,1.040740721377904,2624.9921354546436,0.6526939135438832,2343.0049775495945,0.7955598256440015,2458.335151115412,0.7188001075880716
114,2226.8860694364516,0.8120142662518304,2491.332197076977,0.3087602741634221,2596.650436477899,1.0088131808058343,2624.9921354546436,0.5342261670474873,2343.0049775495945,0.705637292257315,2456.5731631991134,0.6738902361051778
115,2226.8860694364516,1.203299878691909,2491.332197076977,0.3744899031142996,2596.650436477899,0.502803235225879,2624.9921354546436,0.20819962711824624,2343.0049775495945,0.8762149992656458,2456.5731631991134,0.6330015286831959
116,2226.8860694364516,1.0262700015435908,2491.332197076977,0.24198200328248617,2596.650436477899,0.46187208772512334,2624.9921354546436,0.5461416310860836,2343.0049775495945,0.6882734455038788,2456.5731631991134,0.5929078338282325
117,2226.8860694364516,0.808026947662336,2491.332197076977,0.34157079342517294,2596.650436477899,0.41848701398263677,2624.9921354546436,0.43619820246019614,2342.5198545797916,0.8606188871433686,2456.4761386051528,0.5729803689347421
118,2224.612247426131,0.871561245609174,2491.332197076977,0.4711181429217561,2596.650436477899,0.4069614768659664,2624.9921354546436,0.4105379027774936,2342.5198545797916,0.9623850098474623,2456.0213742030887,0.6245127556043705
119,2224.612247426131,1.032530477631891,2490.3165758898126,0.7010050670943924,2596.650436477899,0.6269219996172244,2624.9921354546436,0.6058201510248785,2342.5198545797916,0.6574486096199591,2455.818249965656,0.724745260997669
120,2224.612247426131,1.2670014132790532,2490.3165758898126,0.4653945779738971,2596.650436477899,0.6571109140538277,2624.9921354546436,0.484867990767702,2342.5198545797916,0.8423924142678028,2455.818249965656,0.7433534620684565
121,2224.612247426131,1.0507645044154243,2490.3165758898126,0.44759158439464697,2596.650436477899,0.24198200328248617,2624.9921354546436,0.3321400548221954,2342.5198545797916,0.9282284768486286,2455.818249965656,0.6001413247526763
122,2224.612247426131,1.0116560528689795,2487.1584209097437,0.5942321107099657,2596.650436477899,0.5962855492431601,2624.9921354546436,0.48625746382208007,2342.5198545797916,0.8765530926185223,2455.186618969642,0.7129968538525416
123,2224.612247426131,0.9912867892632291,2486.1427997225796,1.1221504335085417,2596.624254728334,0.5961001737882149,2624.9921354546436,0.49280204261577526,2342.5198545797916,1.0303151373606274,2454.978258382296,0.8465309153072778
124,2222.969518167387,1.0277820798401434,2486.1427997225796,0.8662317037145287,2596.624254728334,0.4292151385185114,2624.9921354546436,0.3409344818103498,2342.5198545797916,0.9089182705789043,2454.6497125305477,0.7146163348924874
125,2222.969518167387,1.0239278148226973,2486.1427997225796,1.0988433404821119,2596.624254728334,0.6232527090603248,2624.9921354546436,0.5438099473938918,2342.5198545797916,1.11189682635103,2454.6497125305477,0.8803461276220113
126,2222.969518167387,1.0391699372638585,2468.7489395468506,1.1972464546805122,2596.624254728334,0.6322482155041311,2622.46176974385,0.3855381334603607,2342.5198545797916,0.9546195264536733,2450.6648673532427,0.8417644534725073
127,2222.969518167387,1.2159552282791815,2468.7489395468506,0.6269219996172245,2596.624254728334,0.5461028896018784,2622.46176974385,0.6463382716230315,2342.5198545797916,0.918837670261344,2450.6648673532427,0.7908312118765319
128,2218.0934501659535,1.3498043441671213,2468.7489395468506,0.502803235225879,2596.624254728334,0.7991295385879024,2622.46176974385,1.1065689471837712,2342.5198545797916,1.0190128662641982,2449.689653752956,0.9554637862857744
129,2213.7174424147834,1.3001474171188232,2468.7489395468506,0.3743045276593543,2596.624254728334,0.5398425282844828,2622.46176974385,0.8810673340227577,2342.5198545797916,0.935905138144554,2448.8144522027224,0.8062533890459942
130,2213.7174424147834,1.4308705543038467,2468.7489395468506,0.3744899031142996,2595.5416622061634,0.8160768283513813,2600.324080518066,0.875586309153331,2342.5198545797916,1.0169551345319845,2444.1703958531316,0.9027957458909686
131,2213.7174424147834,1.4224867132836987,2468.7489395468506,0.4829094598573732,2595.5416622061634,0.7669811825257161,2600.324080518066,0.17415509047149172,2341.1655012371803,1.1447015646137837,2443.899525184609,0.7982468021504128
132,2213.7174424147834,1.4178890927074295,2465.3277398566156,0.5038530586675977,2595.5416622061634,0.8654429640764595,2600.324080518066,0.3744899031142996,2341.1655012371803,1.0866092474760543,2443.2152852465615,0.849656853208368
133,2213.7174424147834,1.3945837444287268,2465.3277398566156,1.245902451763476,2562.552896449269,1.1269322917527207,2598.474765708721,0.4389855146801733,2341.1655012371803,1.3902215252656809,2436.247669133314,1.1193251055781557
134,2210.5363133998585,1.4448714830832488,2459.4906133774844,0.9455478162289646,2562.552896449269,0.3744899031142995,2598.474765708721,0.5774006906741508,2341.1655012371803,1.3242016869357798,2434.4440180345023,0.9333023160072887
135,2210.5363133998585,1.6413835162121755,2459.4906133774844,1.0664317070112934,2562.552896449269,0.34175616888011817,2576.620245294646,1.0781691660454646,2341.1655012371803,1.2122618088694026,2430.0731139516874,1.0680004734036908
136,2195.2181762994546,1.2670880601161199,2459.4906133774844,0.7299755615871228,2562.552896449269,0.43917089013511856,2576.620245294646,0.4069614768659664,2341.0315930136157,1.274424152569862,2426.9827048868938,0.8235240282548381
137,2189.9614049682527,0.3744899031142996,2459.4906133774844,0.5484965217919633,2562.552896449269,0.38706793218032737,2576.620245294646,0.3744899031142996,2341.0315930136157,1.2970494514772148,2425.9313506206536,0.596318742335621
138,2186.666297667453,0.9621106542565355,2452.614005799143,0.49522964550253185,2559.925139960286,0.46136452437168335,2576.620245294646,0.5028032352258789,2341.0315930136157,1.1293105135080712,2423.3714563470285,0.7101637145729403
139,2186.666297667453,0.5008142278249355,2450.5929169394003,0.49065088277577595,2559.925139960286,0.7235165697179383,2576.620245294646,0.48273987176089783,2341.0315930136157,1.1360964592206964,2422.9672385750796,0.6667636022600487
140,2186.666297667453,0.46099377346179304,2450.5929169394003,0.6483749335271188,2547.0065163962713,1.175458701416042,2576.620245294646,0.5889085190033209,2341.0315930136157,1.285525293541554,2420.383513862277,0.8318522441899656
141,2186.666297667453,0.5652015629316357,2450.5929169394003,0.9647489567824119,2547.0065163962713,0.5342261670474873,2576.620245294646,0.8168808176746302,2341.0315930136157,1.1977227756122188,2420.383513862277,0.8157560560096767
142,2186.666297667453,0.43917089013511856,2450.5929169394003,1.066466085061513,2547.0065163962713,0.24198200328248617,2576.620245294646,0.775460157432686,2341.0315930136157,1.209791341271503,2420.383513862277,0.7465740954366613
143,2158.924073310036,0.449308308178757,2450.5929169394003,0.5283678646583588,2547.0065163962713,0.43917089013511845,2576.620245294646,0.9824801813231896,2341.0315930136157,1.1648464259860913,2414.835068990794,0.712834734056303
144,2158.924073310036,0.43898551468017327,2450.5929169394003,0.4927251519589354,2547.0065163962713,0.4069614768659664,2576.620245294646,1.01534587437249,2341.0315930136157,1.2322066159572638,2414.835068990794,0.7172449267669657
145,2158.924073310036,0.3744899031142995,2450.5929169394003,0.45159511846314077,2547.0065163962713,0.5961001737882148,2576.620245294646,0.8935201123548306,2341.0315930136157,1.212880535305559,2414.835068990794,0.705717168605209
146,2158.7192483904005,0.3744899031142996,2448.4163652145317,0.61821751246027,2547.0065163962713,0.37430452765935435,2576.620245294646,0.832814197040217,2341.0315930136157,1.3552948692851963,2414.3587936618933,0.7110242019118674
147,2152.4494005124216,0.4069614768659663,2446.9131000282623,0.6002110847737597,2547.0065163962713,0.3744899031142996,2576.620245294646,0.6555783129515727,2341.0315930136157,1.2313365952602922,2412.8041710490434,0.6537154745931781
148,2152.2632674981214,0.5592436570840593,2444.30023559991,1.3253358468519547,2547.0065163962713,0.502803235225879,2576.620245294646,0.6416841303227662,2341.0315930136157,1.1286531504159836,2412.2443715605127,0.8315440039801285
149,2136.4707761015197,0.5505368973078786,2444.30023559991,1.1165230886684963,2547.0065163962713,0.2753168435092662,2576.620245294646,0.9740092827965499,2327.7195149113013,1.332316686349974,2406.4234576607296,0.8497405597264329
150,2136.4707761015197,0.5961001737882148,2444.30023559991,0.8965919746438257,2547.0065163962713,0.3087602741634221,2576.620245294646,0.7209532130415939,2307.491868738626,0.5653869383865809,2402.3779284261946,0.6175585148047275
151,2136.4707761015197,0.5653869383865809,2443.9351474435634,0.8835512405161989,2547.0065163962713,0.471118142921756,2576.620245294646,0.5936829892767883,2307.491868738626,0.20819962711824622,2402.304910794925,0.544387787643914
152,2136.4707761015197,0.34157079342517294,2443.9351474435634,0.8986631290230779,2546.604051092883,0.5248260804299821,2576.620245294646,0.68230490508059,2307.491868738626,0.40677610141102116,2402.2244177342473,0.5708282018739689
153,2136.4707761015197,0.43917089013511856,2443.9351474435634,0.8746136154779788,2546.604051092883,0.5476430531526385,2555.480357760113,0.5131806999075255,2307.491868738626,0.24198200328248612,2397.996440227341,0.5233180523911495
154,2136.4707761015197,0.4711181429217561,2443.9351474435634,0.8662431372137426,2546.604051092883,0.3988072728655456,2555.480357760113,0.5340407915925421,2307.491868738626,0.3085748987084769,2397.996440227341,0.5157568486604127
155,2136.4707761015197,0.3087602741634221,2429.6611150655212,0.8020762939282026,2546.604051092883,0.6059153850997173,2555.480357760113,0.3744899031142996,2307.491868738626,0.47093276746681084,2395.141633751732,0.5124349247544905
156,2136.4707761015197,0.47111814292175613,2429.6611150655212,0.3744899031142996,2536.155372959592,0.5585666411874417,2555.480357760113,0.502803235225879,2307.491868738626,0.4069614768659664,2393.0518981250743,0.4627878798630686
157,2136.4707761015197,0.5026178597709339,2429.6611150655212,0.2753168435092662,2536.155372959592,0.6872230434628591,2555.480357760113,0.3738569917218945,2307.491868738626,0.3087602741634221,2393.0518981250743,0.4295550025256752
158,2136.4707761015197,0.5961001737882148,2429.507538241204,0.3087602741634221,2530.002540118046,0.5340407915925421,2555.480357760113,0.5459562556311379,2307.491868738626,0.4069614768659664,2391.790616191902,0.4783637944082567
159,2136.2659511818842,0.5956526378507551,2429.507538241204,0.20819962711824624,2529.8429609582195,0.66512975506433,2555.480357760113,0.6163961497299543,2305.4922931383853,0.3087602741634221,2391.317820255961,0.47882768878534154
160,2136.2659511818842,0.610449003959306,2429.507538241204,0.687408418917806,2529.8429609582195,0.46859299118429326,2555.459411145294,0.5071581891962968,2305.4922931383853,0.7213963655221742,2391.3136309329975,0.5990009937559753
161,2136.2659511818842,0.5843669336902786,2429.507538241204,0.502803235225879,2529.8429609582195,0.37866852468178364,2555.459411145294,0.5488584955057063,2305.4922931383853,1.0874581782093842,2391.3136309329975,0.6204310734626063
162,2136.2659511818842,0.7856120025477761,2429.507538241204,0.3087602741634221,2529.8429609582195,0.34175616888011817,2553.087897553577,0.6487866975768831,2302.1202506305244,0.7971740240011707,2390.164919713082,0.5764178334338741
163,2136.2659511818842,0.7887660088012611,2420.791226742983,0.3085748987084769,2498.4527155821165,0.43917089013511856,2546.939338097616,0.9502208910799873,2300.1911855351786,1.2956723664616328,2380.5280834279556,0.7564810110372953
164,2132.42781209443,0.835932217139293,2413.1156971837845,0.5342261670474873,2460.616217361147,0.5342261670474873,2546.939338097616,0.3318174055579669,2291.3291435654605,1.068087905272728,2368.8856416604876,0.6608579724129925
165,2128.776098287058,1.1395119194778394,2375.586864879696,0.6149316076944149,2460.616217361147,0.4711181429217561,2546.939338097616,0.5653869383865809,2291.3291435654605,0.4389855146801733,2360.6495324381954,0.645986824632153
166,2128.776098287058,0.6245688637185909,2375.586864879696,0.4069614768659663,2460.616217361147,0.5024324843159885,2546.939338097616,0.5598116950004693,2291.3291435654605,0.6336902866162607,2360.6495324381954,0.5454929613034551
167,2128.776098287058,0.4711181429217561,2372.486356452239,0.13984839334222252,2460.616217361147,0.2753168435092662,2546.939338097616,0.4941446504281547,2289.4000784701147,0.6919118444892337,2359.643617733635,0.41446797493812665
168,2128.776098287058,0.4515951184631407,2372.486356452239,0.850330470272455,2460.616217361147,0.4069614768659664,2546.939338097616,0.6445305112131551,2268.3706277273322,0.8917049806768776,2355.4377275850784,0.649024511498319
169,2128.776098287058,0.5102015219933135,2370.183955109998,0.895324014273857,2460.616217361147,0.40659072595607587,2546.939338097616,0.8247380192775027,2266.441562631987,0.4711181429217561,2354.5914342975616,0.6215944848845011
170,2128.776098287058,0.5026178597709338,2368.572825246852,1.224909493316085,2460.616217361147,0.40478666619591125,2546.939338097616,0.7198234246913952,2266.441562631987,0.647617243167753,2354.269208324932,0.6999509374284156
171,2128.776098287058,0.3087602741634221,2368.1620155133364,1.3445015118992303,2460.616217361147,0.6378811634289345,2546.549414472232,0.8332412007745357,2265.4688908591907,1.1188632023748797,2353.914527298593,0.8486494705282006
172,2128.776098287058,0.17415509047149166,2368.1620155133364,0.8521412040393135,2460.616217361147,0.39711528592985473,2546.549414472232,0.679099875346531,2265.4688908591907,1.2403953485353831,2353.914527298593,0.6685813608645148
173,2128.776098287058,0.5342261670474874,2368.1620155133364,0.7260819293978443,2460.616217361147,0.5557721784155669,2546.549414472232,0.781453539840573,2265.4688908591907,1.0373126618080166,2353.914527298593,0.7269692953018977
174,2128.776098287058,0.5888342793335172,2368.1620155133364,0.5586216272809031,2460.616217361147,0.4191077573530041,2546.549414472232,0.9352917087733451,2265.4688908591907,1.1185629873456897,2353.914527298593,0.7240836720172918
175,2128.776098287058,0.6959635834816913,2368.1620155133364,0.688219660948213,2460.616217361147,0.20819962711824624,2546.549414472232,0.9591378316847806,2262.1150231659963,1.36292094950837,2353.243753759954,0.7828883305482602
176,2128.776098287058,0.4494497307452454,2336.216807044753,0.7774650975399093,2460.616217361147,0.471118142921756,2546.549414472232,1.2306573020176914,2261.5371733231304,1.3905728354071678,2346.7391420976646,0.8638526217263541
177,2128.776098287058,0.38865509766410944,2336.216807044753,0.20819962711824622,2460.616217361147,0.27550221896421145,2546.549414472232,1.2961377075528586,2261.1423513932004,1.0584219857932966,2346.6601777116784,0.6453833274185445
178,2128.776098287058,0.39853393919955077,2336.216807044753,0.4069614768659663,2457.9201641226196,0.3087602741634221,2546.549414472232,1.2332562869988175,2261.1423513932004,1.3937073792421393,2346.120967063973,0.7482438712939791
179,2128.776098287058,0.3831683660551965,2336.2013468405817,0.27550221896421145,2457.9201641226196,0.8368062157055113,2546.549414472232,1.1272183637443918,2261.1423513932004,1.3502665519618668,2346.1178750231384,0.7945923432862356
180,2128.776098287058,0.484420454830242,2325.591775450679,0.3842488133850614,2457.9201641226196,1.0404906662782478,2546.549414472232,1.397731346243975,2261.1423513932004,1.1764084243275228,2343.995960745158,0.8966599410130097
181,2128.776098287058,0.5119654324806707,2292.7317611033777,0.40677610141102116,2453.674260164585,0.6562021845316119,2546.549414472232,1.2846630019574525,2261.1423513932004,1.2703337020771668,2336.574777084091,0.8259880844915847
182,2128.776098287058,0.49480363207195394,2292.7317611033777,0.5652015629316357,2452.4005395359577,1.2891540922132154,2546.549414472232,1.1701131986547473,2261.1423513932004,1.1397469997200056,2336.3200329583656,0.9318038971183118
183,2128.776098287058,0.5749114500007504,2292.7317611033777,0.3744899031142996,2452.4005395359577,1.0093391664111007,2546.549414472232,1.1628111526352194,2261.1423513932004,0.9666152565562364,2336.3200329583656,0.8176333857435214
184,2128.776098287058,0.47068491299014453,2291.554753075676,0.4514097430081954,2452.4005395359577,1.1145535677335385,2546.549414472232,1.1053944133183533,2261.1423513932004,0.9534263304840157,2336.084631352825,0.8190937935068495
185,2128.776098287058,0.6076301754408405,2291.554753075676,0.39719133138717116,2452.4005395359577,1.0148871512544528,2546.549414472232,1.0410524395873142,2261.1423513932004,0.9959626242470457,2336.084631352825,0.811344744383365
186,2124.2688071396146,0.5769474388737565,2291.554753075676,0.5917130694271769,2452.4005395359577,1.0698578463129826,2546.549414472232,1.1121964952533567,2261.1423513932004,0.8839491097680199,2335.1831731233365,0.8469327919270585
187,2124.2688071396146,0.9846733167548138,2290.202191814829,0.928344728628288,2452.4005395359577,1.0180861204715066,2546.549414472232,1.0049529668279225,2257.3197793855065,0.9822354061886325,2334.148146469628,0.9836585077742328
188,2124.2688071396146,0.5745680148537728,2290.202191814829,0.873154523803608,2452.4005395359577,0.8606926742475156,2546.549414472232,1.1364714754907648,2257.3197793855065,1.2554840805251222,2334.148146469628,0.9400741537841567
189,2122.093582872173,0.4816254241507189,2282.572254638498,1.0670677941193123,2452.4005395359577,0.7239540698571287,2546.549414472232,1.1262929174763576,2255.5320085871044,0.8609922664374862,2331.829560021193,0.8519864944082007
190,2122.093582872173,1.046312252089728,2281.2196933776513,0.4475767297666276,2452.4005395359577,0.6148052700555522,2546.549414472232,1.1419423155214707,2238.104177278919,1.074400849178356,2328.073481507387,0.8650074833223469
191,2122.093582872173,1.1302146339602248,2281.2196933776513,0.45840654817284154,2452.4005395359577,0.5929128610072362,2546.549414472232,1.0638880751326303,2238.104177278919,0.8899875795234679,2328.073481507387,0.8270819395592801
192,2122.093582872173,0.9383971663878636,2281.2196933776513,0.47975126314638256,2452.4005395359577,0.5031837645472321,2546.549414472232,1.095009086910602,2238.104177278919,0.7907001936234725,2328.073481507387,0.7614082949231105
193,2114.0482969773634,0.8942408886661879,2274.914571146877,0.8091216984299519,2452.4005395359577,0.7785623691112612,2546.549414472232,1.2093101215073858,2238.104177278919,0.7385388351081958,2325.20339988227,0.8859547825645965
194,2112.4079789717043,0.4595819123788998,2266.70436880491,0.5864832834541607,2452.4005395359577,0.5457155507095273,2546.549414472232,1.1318621771500137,2236.945933274819,0.933430421309824,2323.001647011925,0.731414669000485
195,2112.4079789717043,0.6922868327381635,2266.70436880491,0.5340407915925421,2452.4005395359577,0.6562023532487455,2532.429871545703,1.2046768877116238,2236.945933274819,1.0719971257105538,2320.177738426619,0.8318407982003257
196,2112.4079789717043,0.843930381617101,2266.70436880491,0.4067761014110211,2452.4005395359577,0.7244998192316306,2523.6640298957,0.4389855146801733,2236.945933274819,1.0180657393707433,2318.424570096618,0.6864515112621339
197,2112.4079789717043,0.6991111072777255,2266.42984444974,0.4515951184631407,2452.4005395359577,0.7395235756227775,2523.6640298957,0.534040791592542,2236.945933274819,1.171939377869868,2318.3696652255844,0.7192419941652106
198,2112.4079789717043,0.5648304077269959,2204.8106219833226,0.5933099645115325,2452.4005395359577,0.7741429849996488,2523.6640298957,0.502803235225879,2236.945933274819,1.2264641036034718,2306.0458207323004,0.7323101392135056
199,2112.4079789717043,0.4941446504281548,2204.8106219833226,0.4711181429217561,2452.4005395359577,0.7394054544073262,2523.6640298957,0.27550221896421145,2236.945933274819,0.8282851394160898,2306.0458207323004,0.5616911212275078
200,2112.4079789717043,0.35058381007500833,2204.8106219833226,0.3417561688801181,2452.4005395359577,0.5907259571498512,2523.6640298957,0.4388001392252282,2236.945933274819,0.6050164991582981,2306.0458207323004,0.4653765148977008
201,2112.4079789717043,0.5637295505546485,2204.8106219833226,0.3087602741634221,2452.4005395359577,0.5817240550500193,2523.6640298957,0.5648308120217453,2236.945933274819,0.7515463952171034,2306.0458207323004,0.5541182174013877
202,2112.4079789717043,0.3769280060447612,2204.8106219833226,0.40677610141102116,2452.4005395359577,0.7979419448164738,2523.6640298957,0.5210735419695463,2236.945933274819,0.4996586826361051,2306.0458207323004,0.5204756553755815
203,2112.4079789717043,0.40672595362984987,2199.431477749898,0.18862722395033657,2452.4005395359577,0.5340256271481244,2523.6640298957,0.4600503692583443,2236.945933274819,0.45766504635305977,2304.969991885616,0.409418844067943
204,2112.4079789717043,0.4568690546847299,2189.532301802534,1.0030808005189096,2452.4005395359577,0.6083482075630388,2523.6640298957,0.4195069609619352,2236.945933274819,0.5863463245552755,2302.990156696143,0.6148302696567777
205,2108.784144187851,0.424936744057039,2189.532301802534,0.3087602741634221,2452.4005395359577,0.8070908218044912,2523.6640298957,0.6507425381207591,2236.945933274819,0.28832685183715095,2302.265389739373,0.4959714459965725
206,2108.784144187851,1.0609147470716875,2184.149313985218,0.3415707934251729,2452.4005395359577,0.7593698709587856,2523.6640298957,0.6991063916598955,2236.945933274819,0.3542416255601069,2301.1887921759094,0.6430406857351297
207,2108.784144187851,0.8197027083718884,2164.2457708251422,0.8412804451505259,2452.4005395359577,0.7566660755565474,2523.6640298957,0.8911535751291191,2236.945933274819,0.4772224843845275,2297.2080835438937,0.7572050577185216
208,2108.784144187851,0.8002592119532848,2086.6859457689725,1.02253097331008,2452.4005395359577,0.6600933467274951,2523.6640298957,0.8304575166775504,2236.945933274819,0.521536865265476,2281.6961185326604,0.7669755827867772
209,2108.784144187851,0.8948748664609278,2086.6859457689725,0.6868522925529686,2452.4005395359577,0.6077024995091689,2523.6640298957,0.8959939154813114,2236.249263083771,0.47318634014185024,2281.5567844944508,0.7117219828292455
210,2108.784144187851,0.7712828400302165,2086.6859457689725,0.3417561688801181,2452.4005395359577,0.4395478316669147,2523.6640298957,1.020668039834982,2234.890480569723,0.33118449416556195,2281.285027991641,0.5808878749155587
211,2108.784144187851,0.8949468928979107,2086.6859457689725,0.37430452765935435,2452.4005395359577,0.6118404885792984,2523.6640298957,1.022706271788786,2192.820632942034,0.7830921590795473,2272.871058466103,0.7373780680009794
212,2100.1640900393186,0.7888502573012576,2086.6859457689725,0.3744899031142995,2452.4005395359577,0.652271070010224,2523.6640298957,1.1203010635606403,2192.820632942034,0.47074739201186566,2271.1470476363966,0.6813319371996573
213,2099.602573348682,0.39851815184108086,2086.6859457689725,0.37430452765935435,2452.4005395359577,0.7902951059600579,2523.6640298957,0.9429166146226166,2192.820632942034,0.3744899031142996,2271.0347442982693,0.5761048606394819
214,2099.602573348682,0.3343777345094946,2086.6859457689725,0.2755022189642114,2452.4005395359577,0.644277340590394,2523.6640298957,1.1242340166969804,2192.820632942034,0.2755022189642114,2271.0347442982693,0.5307787059450584
215,2099.602573348682,0.6068639018305657,2086.6859457689725,0.5342261670474873,2452.4005395359577,1.1589147816231622,2523.6640298957,1.0752233717990187,2192.820632942034,0.34175616888011817,2271.0347442982693,0.7433968782360705
216,2099.602573348682,0.6002548436637899,2086.6859457689725,0.40677610141102116,2452.4005395359577,0.9004229003632624,2523.6640298957,1.1039197376797074,2192.820632942034,0.4067761014110211,2271.0347442982693,0.6836299369057605
217,2089.7095462753564,0.9018407201986094,2086.6859457689725,0.17415509047149172,2452.4005395359577,0.8811846074321851,2523.6640298957,1.2127857693917221,2189.256102977357,0.2753168435092662,2268.343232890669,0.6890566062006549
218,2089.7095462753564,0.5340407915925421,2086.6859457689725,0.34175616888011817,2452.4005395359577,1.0298516934320776,2523.6640298957,1.112224753428862,2187.335975385326,0.9538562859030488,2267.9592073722624,0.7943459386473297
219,2089.7095462753564,0.3743045276593543,2085.82475424718,0.5340407915925421,2452.4005395359577,0.9608566140027628,2523.6640298957,1.1243606160386643,2187.335975385326,0.7826903366759087,2267.7869690679045,0.7552505771938465
220,2089.7095462753564,0.4069614768659664,2083.5859738298036,0.49301684102288035,2452.4005395359577,1.1234793734095672,2523.6640298957,1.2005789728578473,2187.1592040524006,0.5275785929211373,2267.303858717844,0.7503230514154796
221,2089.7095462753564,0.3228745047254942,2083.5859738298036,0.9890647420993226,2452.4005395359577,1.0331055103050442,2523.6640298957,1.1537456384657847,2187.1592040524006,0.5219101248520914,2267.303858717844,0.8041401040895474
222,2089.7095462753564,0.5026178597709338,2083.5859738298036,1.1198860266996018,2452.4005395359577,0.9472271699198912,2523.6640298957,1.1685628337598346,2187.1592040524006,0.288326851837151,2267.303858717844,0.8053241483974825
223,2089.7095462753564,0.27550221896421145,2083.5859738298036,0.6952880394481201,2452.4005395359577,0.9583594172480673,2523.6640298957,1.2211977238404732,2187.1592040524006,0.4948543468481291,2267.303858717844,0.7290403492698003
224,2089.7095462753564,0.24198200328248617,2083.5859738298036,0.9109202122392412,2452.4005395359577,1.1169613433782515,2523.6640298957,1.3138462775086832,2187.1592040524006,0.3985339391995507,2267.303858717844,0.7964487551216426
225,2083.2972666708843,0.40677610141102116,2083.5859738298036,0.8688699104218813,2452.4005395359577,1.123587411497927,2523.6640298957,1.2176141961249844,2187.1592040524006,0.49441318633978865,2266.0214027969496,0.8222521611591205
226,2083.2972666708843,0.5501780945387523,2083.5859738298036,0.7068320920456681,2452.4005395359577,1.090405205556163,2520.0315394997483,1.4057296262807621,2187.1592040524006,0.3434225018391158,2265.294904717759,0.8193135040520924
227,2083.2972666708843,0.17415509047149166,2083.5859738298036,0.8763556979758824,2452.4005395359577,0.9914239204033795,2520.0315394997483,1.4229529599148647,2187.1592040524006,0.5934894026663089,2265.294904717759,0.8116754142863855
228,2083.2972666708843,0.37430452765935435,2083.5859738298036,0.7384799974367205,2452.4005395359577,1.0563247059946974,2520.0315394997483,1.0427365413947975,2187.1592040524006,0.6075067548899353,2265.294904717759,0.7638705054751009
229,2083.2972666708843,0.5477108555069279,2083.5859738298036,0.7772173911562524,2452.4005395359577,1.036064816206672,2520.0315394997483,1.0716054498135834,2187.1592040524006,0.5097158449610636,2265.294904717759,0.7884628715288999
230,2083.2972666708843,0.4612854625257379,2083.5859738298036,0.9610659928304184,2452.4005395359577,1.026108751479617,2517.326458318699,1.1575827888038814,2187.1592040524006,0.6541327511861692,2264.753888481549,0.8520351493651648
231,2083.2972666708843,0.5923282502399321,2077.742582662685,1.1648955005646169,2452.4005395359577,0.8935064615164846,2513.6939679227476,1.3554016329196616,2187.1592040524006,0.5429631213317231,2262.858712168935,0.9098189933144836
232,2083.2972666708843,0.7396022519515516,2077.742582662685,0.8075731205720725,2452.4005395359577,1.0726241579578397,2513.6939679227476,1.1298303766504378,2184.1675790659942,0.7619550617541546,2262.2603871716537,0.9023169937772113
233,2083.2972666708843,0.7059009761489896,2077.742582662685,0.5245651208834538,2452.4005395359577,1.084812327688871,2513.6939679227476,1.0320132823525212,2184.1675790659942,1.1308388978608874,2262.2603871716537,0.8956261209869446
234,2083.2972666708843,0.7531184376612943,2077.742582662685,0.41462276813995624,2452.4005395359577,1.1706921225484854,2513.6939679227476,1.0976094229307278,2184.1675790659942,1.150483996125534,2262.2603871716537,0.9173053494811996
235,2083.2972666708843,0.807394984530621,2077.742582662685,0.43917089013511856,2452.4005395359577,1.1876154014471698,2513.6730213079286,1.1397497877882998,2184.1675790659942,0.9974048643715845,2262.2561978486897,0.9142671856545587
236,2083.2972666708843,0.6977544997465155,2077.742582662685,0.6050002117359751,2452.4005395359577,1.0332822078722395,2513.6730213079286,1.1277461772326638,2183.470908874946,1.1455963357959669,2262.11686381048,0.9218758864766722
237,2083.009206066395,0.6698400681872944,2077.742582662685,0.2549762242519011,2452.4005395359577,1.2199521683242116,2499.575913466514,1.0755593520110422,2183.470908874946,1.183715960808232,2259.2398301212993,0.8808087547165362
238,2083.009206066395,0.7681391358929646,2077.742582662685,0.3645974259851679,2452.4005395359577,1.0673120369100162,2499.575913466514,0.4069614768659664,2183.470908874946,1.1881427364814894,2259.2398301212993,0.7590305624271207
239,2083.009206066395,0.7916491164197009,2077.742582662685,0.6069509778554156,2452.4005395359577,1.1484205311886075,2499.575913466514,0.3744899031142996,2183.470908874946,1.5025785943746073,2259.2398301212993,0.8848178245905262
240,2083.009206066395,0.6616982759668355,2077.742582662685,0.6423883285717721,2438.5994395367484,1.1750021116282086,2499.575913466514,0.3744899031142996,2183.470908874946,1.389289498593559,2256.479610121458,0.848573623574935
241,2083.009206066395,0.7166418426201928,2077.742582662685,0.3766963443967964,2433.873836644559,0.4069614768659664,2499.575913466514,0.2755022189642114,2183.470908874946,1.591883109428848,2255.53448954302,0.673536998455203
242,2083.009206066395,0.6855272860314854,2077.742582662685,0.5069830365780283,2433.873836644559,1.2378602516651904,2499.575913466514,0.2753168435092662,2183.470908874946,1.519781715453393,2255.53448954302,0.8450938266474726
243,2083.009206066395,0.6861163019844102,2073.685650900141,0.6107812100200736,2433.873836644559,0.6809240731552744,2499.575913466514,0.5026178597709338,2183.470908874946,1.459400617007238,2254.723103190511,0.787968012387586
244,2082.527940952064,0.8400285358380563,2070.551734774103,1.3929037120862018,2433.873836644559,0.6624960660327535,2499.575913466514,0.5144249640650207,2183.470908874946,1.3946995232348964,2254.0000669424376,0.9609105602513857
245,2082.527940952064,0.8935501268526543,2065.3901748984063,1.6544997634353764,2433.873836644559,0.687840142323552,2499.575913466514,0.43844443610355505,2183.470908874946,1.3099138602982539,2252.967754967298,0.9968496658026783
246,2082.527940952064,0.9225517376920438,2061.4355897866053,1.3422311940891765,2433.873836644559,0.6271747000358917,2499.575913466514,0.6375227722578393,2183.470908874946,1.259938315190638,2252.1768379449377,0.9578837438531178
247,2082.527940952064,0.9654258819879942,2060.703367080484,1.331507842492631,2433.873836644559,0.8065575005530452,2499.575913466514,0.5853206245249932,2183.470908874946,1.441816136401242,2252.030393403714,1.0261255971919812
248,2082.527940952064,1.0160611739732428,2060.703367080484,1.150722204503279,2433.873836644559,0.7494825243718447,2499.575913466514,0.638515153429751,2183.470908874946,1.376213684881897,2252.030393403714,0.9861989482320028
249,2082.527940952064,1.1259614379936018,2060.703367080484,1.070321850688377,2433.873836644559,0.6826040070428636,2499.575913466514,1.017314917358338,2183.470908874946,1.3291754693584616,2252.030393403714,1.0450755364883286
250,2082.527940952064,1.0475513696818939,2059.3084109159217,1.0835852317610855,2433.873836644559,0.5475951471784715,2499.575913466514,0.7839087613217072,2183.470908874946,1.2588053596866837,2251.7514021708007,0.9442891739259685
251,2082.527940952064,1.2540943268908755,2059.3084109159217,1.0846664665271137,2433.873836644559,0.7033829659667967,2499.575913466514,0.6777162469131226,2183.470908874946,1.227982519187808,2251.7514021708007,0.9895685050971433
252,2082.527940952064,1.4396113860148592,2057.6131171492825,1.0675688482306929,2433.873836644559,0.5909793484741531,2499.575913466514,0.6661880082776646,2183.470908874946,1.2555385211464787,2251.412343417473,1.0039772224287695
253,2082.527940952064,1.2586143062187383,2056.2181609847203,1.2382800121857134,2433.873836644559,0.5489986655638459,2499.575913466514,0.5763411427405644,2183.470908874946,1.1890020642329002,2251.133352184561,0.9622472381883524
254,2082.527940952064,1.4013051983150038,2056.2181609847203,1.5297838046151606,2433.873836644559,0.5834643874800309,2499.575913466514,0.6723250110513905,2183.470908874946,1.1742257646214518,2251.133352184561,1.0722208332166077
255,2082.527940952064,1.487350603998315,2056.2181609847203,1.4037724797010995,2433.873836644559,0.5612102406315023,2499.575913466514,0.6160302337277416,2183.470908874946,1.163578601206031,2251.133352184561,1.046388431852938
256,2082.527940952064,1.4826043922084067,2054.8142114961424,1.088928768493308,2433.873836644559,0.6239190689418257,2499.575913466514,0.7277647981482407,2183.470908874946,1.044600698465072,2250.8525622868447,0.9935635452513705
257,2082.527940952064,1.518080186088771,2054.8142114961424,1.2353041708917571,2433.873836644559,0.45628712199210175,2499.575913466514,0.6850430191727076,2183.470908874946,1.087135737080788,2250.8525622868447,0.9963700470452252
258,2082.527940952064,1.393845024981376,2054.8142114961424,1.2790683172529898,2433.873836644559,0.6474149491450902,2499.575913466514,0.7158767790588493,2183.470908874946,0.895797088790678,2250.8525622868447,0.9864004318457965
259,2082.527940952064,1.3619609937536223,2054.8142114961424,1.2938036529516133,2433.873836644559,0.7410509775234474,2499.575913466514,0.6716178490728121,2183.470908874946,0.8578241411311834,2250.8525622868447,0.9852515228865357
260,2082.527940952064,1.3687372111217646,2054.8142114961424,1.0397853596314084,2433.873836644559,0.9361990054524985,2499.575913466514,0.8621292720171845,2183.470908874946,0.7747214420489373,2250.8525622868447,0.9963144580543586
261,2082.527940952064,1.3283063534457462,2053.6672962924495,1.0898926109717109,2433.873836644559,0.75515888298023,2499.575913466514,0.697455070658245,2183.470908874946,0.9373371731141422,2250.6231792461067,0.961630018234015
262,2082.527940952064,1.3096730558675365,2053.6672962924495,1.2029565070798223,2433.873836644559,0.779337003780241,2499.575913466514,0.8212443763323767,2183.470908874946,0.989964495668066,2250.6231792461067,1.0206350877456085
263,2082.527940952064,1.373260067766575,2052.788054376665,1.319558908762383,2433.873836644559,0.5108505754506428,2499.575913466514,0.619902786999737,2183.470908874946,0.6739968075715509,2250.44733086295,0.8995138293101779
264,2082.527940952064,1.2641412068495586,2052.788054376665,1.5176487184457679,2433.873836644559,0.7321481734330945,2499.575913466514,0.6525834025085588,2183.470908874946,0.6138522167613125,2250.44733086295,0.9560747435996586
265,2082.527940952064,1.4696721901120549,2052.788054376665,1.432748598417089,2433.873836644559,0.6561339262031106,2499.575913466514,0.6623172003078442,2183.470908874946,0.9148387215766299,2250.44733086295,1.0271421273233456
266,2082.527940952064,1.3122732837681066,2052.788054376665,1.2992747147083474,2433.873836644559,0.6635369736202159,2499.575913466514,0.7001038607729263,2183.470908874946,1.1539599517842143,2250.44733086295,1.0258297569307622
267,2082.527940952064,1.4510805195733276,2045.07604757594,1.1229247139302516,2433.873836644559,0.42485895316982336,2499.575913466514,0.5756766010864605,2183.470908874946,1.1139142381749547,2248.904929502805,0.9376910051869636
268,2082.527940952064,1.4434353623100502,2042.1759563584003,0.5957294228783244,2428.5163905628,0.75544539199047,2490.3082270200657,0.64121765941702,2183.470908874946,1.1604671919663903,2245.399884753655,0.9192590057124509
269,2082.527940952064,1.2296539947894238,2042.1759563584003,0.7698035510896877,2425.6065506112095,0.8752073697765687,2490.3082270200657,0.34175616888011817,2183.470908874946,1.2467771076004568,2244.817916763337,0.8926396384272511
270,2082.527940952064,1.398530493185719,2041.3386120739103,0.9896283130812543,2425.6065506112095,0.7353823202620964,2490.3082270200657,0.471118142921756,2180.292836936405,1.1709605871554056,2244.014833518731,0.9531239713212463
271,2082.527940952064,1.366111000435151,2029.5194216097923,0.8482745276135456,2425.6065506112095,0.39711528592985434,2490.3082270200657,0.5342261670474873,2180.292836936405,1.3754609253547483,2241.6509954259077,0.9042375812761574
272,2082.527940952064,1.3863614871473815,2029.5194216097923,0.4069614768659663,2425.6065506112095,0.27550221896421145,2490.3082270200657,0.3719035218493883,2180.292836936405,1.1944663745106276,2241.6509954259077,0.7270390158675151
273,2082.527940952064,1.3428782981563308,2029.5194216097923,0.47074739201186566,2425.6065506112095,0.47074739201186566,2490.3082270200657,0.4069614768659663,2180.292836936405,0.4514097430081956,2241.6509954259077,0.6285488604108448
274,2082.527940952064,1.3800558829418779,2029.5194216097923,0.5340407915925421,2425.6065506112095,0.34175616888011817,2490.3082270200657,0.43917089013511845,2180.292836936405,0.4389855146801733,2241.6509954259077,0.626801849645966
275,2082.0818969947745,1.4501048560951075,2028.166860348945,0.3540404627466917,2425.6065506112095,0.34175616888011817,2490.3082270200657,0.43917089013511856,2180.292836936405,0.34175616888011817,2241.2912743822803,0.5853657093474307
276,2081.567632036725,1.5317429104796374,2028.166860348945,0.47686050688398013,2425.6065506112095,0.4514097430081955,2490.3082270200657,0.5461416310860833,2180.292836936405,0.43917089013511856,2241.1884213906696,0.6890651363186029
277,2081.567632036725,1.6444059945184821,2027.8601080838337,0.6285780508159048,2421.0881464436284,0.3546891614975667,2490.3082270200657,0.451595118463141,2180.292836936405,0.32177173069916726,2240.223390104132,0.6802080111988524
278,2081.567632036725,1.626827935862624,2027.4879509680507,0.9561524136511045,2421.0881464436284,1.0449806766266965,2490.3082270200657,0.38725330763527266,2180.292836936405,0.4780372296112678,2240.1489586809753,0.8986503126773929
279,2081.567632036725,1.5995378721994766,2027.4879509680507,0.9425474952564433,2421.0881464436284,0.8964027308054783,2490.3082270200657,0.3971152859298544,2180.292836936405,0.6389021072220952,2240.1489586809753,0.8949010982826696
280,2081.567632036725,1.6415189914842372,2027.4879509680507,0.9689305762489234,2421.0881464436284,0.8609437257119354,2490.3082270200657,0.34175616888011817,2180.292836936405,0.7884822725767849,2240.1489586809753,0.9203263469803998
281,2081.567632036725,1.6168613035129433,2027.4879509680507,0.9110526236505382,2421.0881464436284,0.7043254179267976,2490.3082270200657,0.43917089013511845,2180.292836936405,0.9171187568871519,2240.1489586809753,0.9177057984225098
282,2081.567632036725,1.716675495504484,2027.4879509680507,0.8589869940114825,2421.0881464436284,0.653253865349925,2490.3082270200657,0.34175616888011817,2180.292836936405,0.8170579145049669,2240.1489586809753,0.8775460876501953
283,2081.567632036725,1.5885850581564733,2027.4879509680507,0.8130782450825476,2421.0881464436284,0.5670852298963079,2489.076304666315,0.3087602741634221,2180.292836936405,0.9297983663245687,2239.902574210225,0.8414614347246638
284,2081.567632036725,1.5735796240438578,2027.4879509680507,0.6088965113652836,2416.5519781214266,0.5228388852512394,2484.4669903914455,0.4310418512040892,2180.292836936405,0.9954136797534073,2238.0734776908107,0.8263541103235754
285,2081.567632036725,1.4826110366576195,2027.4879509680507,0.5699244899661251,2416.5519781214266,1.09318078085927,2484.4669903914455,0.8942273587629269,2180.292836936405,0.9686342925952877,2238.0734776908107,1.0017155917682457
286,2081.567632036725,1.436422859715261,2027.4879509680507,0.5762825970279485,2415.1299768804165,0.807934318924483,2484.4669903914455,0.5411525677394018,2180.292836936405,0.9662442078235846,2237.7890774426087,0.8656073102461358
287,2081.567632036725,1.3996296707943547,2027.4879509680507,0.46879877648172164,2415.1299768804165,0.6340081894903153,2484.4669903914455,0.6100538479412899,2180.292836936405,0.9586227030743144,2237.7890774426087,0.8142226375563993
288,2081.567632036725,1.2886413498143072,2027.4879509680507,0.31649919448902236,2412.220136928826,0.8521581450787822,2484.4669903914455,0.6704786210139662,2180.292836936405,0.9143765285818652,2237.2071094522908,0.8084307677955886
289,2081.567632036725,1.3173589380345834,2027.4879509680507,0.24198200328248612,2405.5970704154784,1.299754113207041,2484.4669903914455,0.6185236598015085,2180.292836936405,1.1268431737658227,2235.882496149621,0.9208923776182882
290,2081.567632036725,1.1280498542572714,2027.4879509680507,0.4069614768659664,2401.2652292228777,0.6853015077445606,2473.9160688897664,0.654410865849011,2180.292836936405,0.8823619094975114,2232.905943610765,0.7514171228428641
291,2081.567632036725,1.2080893868519573,2027.4879509680507,0.471118142921756,2401.2652292228777,1.0332870676772294,2473.9160688897664,0.5028032352258789,2180.292836936405,0.8525726817392061,2232.905943610765,0.8135741028832054
292,2081.567632036725,1.2242215537847934,2027.4879509680507,0.5962855492431601,2401.2652292228777,0.8369090678597607,2473.9160688897664,0.5026178597709338,2180.292836936405,1.001161981702762,2232.905943610765,0.832239202472282
293,2081.567632036725,1.336590975464277,2027.4879509680507,0.46992910516451536,2401.2652292228777,0.8672414176084159,2473.9160688897664,0.502803235225879,2177.3226603208736,1.0130313856089133,2232.3119082876588,0.8379192238144
294,2081.567632036725,1.2455674963698071,2027.4879509680507,0.452970349645875,2400.0100795312474,0.7251700388576003,2473.9160688897664,0.4391708901351186,2177.3226603208736,1.3303469904372371,2232.0608783493326,0.8386451530891277
295,2081.567632036725,1.258771183236852,2027.4879509680507,0.4069614768659664,2400.0100795312474,0.8073544249382949,2441.475276928231,0.20819962711824622,2177.3226603208736,1.245835075950264,2225.5727199570256,0.7854243576219246
296,2081.567632036725,1.2168211909964286,2027.4879509680507,0.32186285487734595,2400.0100795312474,1.0665695813792382,2441.475276928231,0.47093276746681084,2165.38213132733,1.2075655016368025,2223.184614158317,0.8567503792713251
297,2081.567632036725,1.1411594264916582,2027.4879509680507,0.3318174055579669,2400.0100795312474,1.1774920432364053,2441.475276928231,0.5028032352258789,2156.288568805569,0.6738712263871877,2221.3659016539646,0.7654286673798194
298,2081.567632036725,1.3836914907723923,2027.4879509680507,0.40819583056310726,2400.0100795312474,1.1460104914676206,2441.475276928231,0.43917089013511845,2156.288568805569,0.38725330763527266,2221.3659016539646,0.7528644021147023
299,2081.567632036725,1.1947484911257853,2027.4879509680507,0.4627829469585132,2400.0100795312474,0.8635695503920352,2441.475276928231,0.24198200328248612,2143.8765993285238,0.4069614768659663,2218.8835077585554,0.6340088937249572
300,2081.567632036725,1.265397664470878,2027.4879509680507,0.4462516186348467,2400.0100795312474,0.9850816509794499,2441.475276928231,0.20819962711824622,2143.8765993285238,0.3417561688801181,2218.8835077585554,0.6493373460167078
301,2081.567632036725,1.2513476025888783,2019.0708977187958,0.5137920526726157,2400.0100795312474,1.1296630568321349,2441.475276928231,0.3744899031142995,2141.8005751223386,0.5961001737882148,2216.7848922674675,0.7730785577992286
302,2081.38617215982,1.2970209916132878,2015.157366513409,0.38706793218032753,2400.0100795312474,1.0501980514238416,2441.475276928231,0.5340407915925421,2141.8005751223386,0.7099969643965532,2215.9658940510094,0.7956649462413105
303,2081.38617215982,1.217663818857633,2015.157366513409,0.8873948644913673,2400.0100795312474,1.1446989150843825,2441.475276928231,0.4391708901351186,2141.8005751223386,0.845666239246122,2215.9658940510094,0.9069189455629246
304,2081.38617215982,1.1950106757281864,2015.157366513409,0.41955529329046404,2400.0100795312474,1.1447900073727006,2441.475276928231,0.6269219996172245,2141.8005751223386,0.7893302535699762,2215.9658940510094,0.8351216459157105
305,2081.38617215982,1.1634367044927922,2015.157366513409,0.30652423396591855,2400.0100795312474,0.9244997513354983,2441.475276928231,0.4069614768659664,2141.8005751223386,0.7771150464363785,2215.9658940510094,0.7157074426193107
306,2081.38617215982,1.2508400670754807,2015.157366513409,0.33144665464807654,2400.0100795312474,1.0464556693953488,2441.475276928231,0.47093276746681084,2141.8005751223386,0.9028311502512272,2215.9658940510094,0.8005012617673888
307,2081.38617215982,1.0675044881363795,2015.157366513409,0.4930959028688259,2400.0100795312474,1.2437095403880052,2440.6597185729843,0.502803235225879,2141.8005751223386,0.7641661975983717,2215.80278237996,0.8142558728434922
308,2081.38617215982,1.147501391469361,2015.157366513409,0.5337725284488751,2400.0100795312474,1.1762320829047437,2438.753551738636,0.5632253707917437,2141.8005751223386,0.9094659411181079,2215.4215490130905,0.8660394629465664
309,2081.38617215982,1.2783408986823954,2015.157366513409,0.46253657383446795,2400.0100795312474,1.1110664197921134,2436.159845861433,1.150393777191527,2141.8005751223386,0.9765874792615755,2214.9028078376496,0.9957850297524159
310,2081.38617215982,1.2835455299905567,2015.157366513409,0.41828947050565396,2400.0100795312474,1.23491519992439,2436.159845861433,1.2072965288746074,2141.8005751223386,0.9965503771039576,2214.9028078376496,1.028119421279833
311,2081.38617215982,1.182793556873707,2015.157366513409,0.4066572460287318,2400.0100795312474,1.4199185274398296,2432.7265854974557,0.855384737985553,2141.8005751223386,1.094334425656616,2214.216155764854,0.9918176987968875
312,2081.38617215982,1.1256224498662155,2015.157366513409,0.41638583342779106,2400.0100795312474,1.2076761490408556,2423.6959062047795,1.277482396798744,2141.8005751223386,1.209762757462977,2212.4100199063187,1.0473859173193167
313,2078.8481037822185,1.1973570858657714,2015.157366513409,0.429185609937081,2400.0100795312474,1.1788181159493993,2423.6959062047795,0.57226271861162,2141.8005751223386,1.0775358507886978,2211.902406230799,0.8910318762305138
314,2078.8481037822185,1.4433898089097141,2015.157366513409,0.4711181429217561,2400.0100795312474,1.1506091830675593,2423.6959062047795,0.7379394848042308,2141.8005751223386,1.068498950607553,2211.902406230799,0.9743111140621628
315,2078.8481037822185,1.5077177614134654,2015.157366513409,0.17415509047149166,2400.0100795312474,1.3391160731615706,2423.6959062047795,0.4584065481728418,2135.83259056897,1.0179000440203914,2210.708809320125,0.8994591034479521
316,2078.8481037822185,0.9655923874923598,2015.157366513409,0.5961001737882148,2400.0100795312474,1.3321511461226059,2423.6959062047795,0.45077683161579063,2135.83259056897,0.8432685633819158,2210.708809320125,0.8375778204801774
317,2078.8481037822185,1.2028162998155205,2015.157366513409,0.502803235225879,2400.0100795312474,1.2222461801413107,2423.6959062047795,0.6344070365261818,2135.83259056897,0.49015833651246604,2210.708809320125,0.8104862176442715
318,2078.8481037822185,1.1812005100188343,2015.157366513409,0.3744899031142996,2400.0100795312474,1.152223175560559,2423.6959062047795,0.3760329341698415,2135.83259056897,0.429323728945887,2210.708809320125,0.7026540503618842
319,2078.8481037822185,1.1637658863574656,2015.157366513409,0.3087602741634221,2400.0100795312474,1.130698901541932,2423.6959062047795,0.5661901580213881,2135.83259056897,0.5662181493546948,2210.708809320125,0.7471266738877806
320,2078.8481037822185,1.227040066553842,2015.157366513409,0.5572587830720036,2400.0100795312474,0.92701851609444,2423.6959062047795,0.5970555318593077,2135.83259056897,0.6066065559771127,2210.708809320125,0.7829958907113411
321,2078.8481037822185,1.1047642765410601,2015.157366513409,0.3542416255601068,2400.0100795312474,1.0499633035604532,2423.6959062047795,0.4864550951977456,2135.83259056897,0.4573773033115737,2210.708809320125,0.690560320834188
322,2078.8481037822185,1.090799629482487,2015.157366513409,0.482925247215843,2400.0100795312474,0.9664246436558177,2423.6959062047795,0.7421726343550378,2135.83259056897,0.6238439907915075,2210.708809320125,0.7812332291001386
323,2078.8481037822185,1.264023725835928,2015.157366513409,0.4721058928119854,2400.0100795312474,1.0346100562121967,2423.6959062047795,0.6254877390469964,2135.83259056897,0.5011999948992696,2210.708809320125,0.7794854817612752
324,2078.8481037822185,1.1482917958196894,2015.157366513409,0.40687822146083014,2400.0100795312474,1.0834957811529984,2423.6959062047795,0.8498497151939925,2135.83259056897,0.6998971884132777,2210.708809320125,0.8376825404081577
325,2078.8481037822185,1.2360283269164893,2015.157366513409,0.5047763525586914,2400.0100795312474,0.8128751781550185,2423.6959062047795,0.8701767010752773,2135.83259056897,0.6846159642568811,2210.708809320125,0.8216945045924715
326,2078.8481037822185,1.234059373399535,2015.157366513409,0.6544395375602047,2400.0100795312474,0.8141817958064675,2423.6959062047795,0.6694350257728551,2135.83259056897,0.5822169443000736,2210.708809320125,0.7908665353678271
327,2078.8481037822185,1.1635507631486468,2015.157366513409,0.6340849463970124,2399.404982726941,0.8132590884464396,2423.6959062047795,0.7628286221889988,2135.83259056897,0.7134845190944823,2210.5877899592633,0.8174415878551159
328,2078.8481037822185,1.2932763004874774,2015.157366513409,0.6921932913585962,2394.874427977069,0.7712791367229526,2423.6959062047795,0.729818160872784,2135.83259056897,0.6860608781796591,2209.681679009289,0.8345255535242938
329,2078.8481037822185,1.1240490499686149,2015.157366513409,0.6708868858345535,2394.874427977069,0.8845362670496743,2423.6959062047795,0.9269946756137609,2135.83259056897,0.6727089825537155,2209.681679009289,0.8558351722040639
330,2078.8481037822185,1.1737256359481756,2015.157366513409,0.7032268097434554,2394.7148488172425,0.585232591648465,2423.6959062047795,0.9845793598759829,2135.83259056897,0.584456516325212,2209.6497631773236,0.8062441827082582
331,2078.8481037822185,1.3483831651422031,2015.157366513409,0.7478565233389662,2394.7148488172425,0.5463087116813158,2423.6959062047795,1.1095778689694684,2135.83259056897,0.5672228603104056,2209.6497631773236,0.8638698258884718
332,2078.8481037822185,1.3547051251593119,2015.157366513409,0.5948801449860693,2394.7148488172425,0.5434049589027805,2422.2849564127846,0.8644029113087446,2135.83259056897,0.5620216215584227,2209.367573218925,0.7838829523830657
333,2078.8481037822185,1.4253787230966075,2015.157366513409,0.636197464753075,2394.7148488172425,0.6632444875562951,2422.2849564127846,0.9100901857939566,2135.83259056897,0.6250795068868161,2209.367573218925,0.8519980736173501
334,2078.8481037822185,1.4396488726796024,2015.157366513409,0.5400275619778987,2394.7148488172425,0.6396413757623981,2422.2849564127846,1.2078605884654794,2135.83259056897,0.6448256108735893,2209.367573218925,0.8944008019517936
335,2078.8481037822185,1.319396594331023,2015.157366513409,0.5815914968429711,2394.7148488172425,0.6352902046970207,2411.821790821061,1.3207937318120733,2135.83259056897,0.6501493399646255,2207.27494010058,0.9014442735295427
336,2078.8481037822185,1.4509832813129422,2015.157366513409,0.48058543297583484,2394.7148488172425,0.7273757191053859,2411.821790821061,0.20819962711824622,2135.83259056897,0.6546466516943973,2207.27494010058,0.7043581424413612
337,2078.8481037822185,1.3071885883313077,2015.157366513409,0.4830778470178626,2394.7148488172425,0.6035966184539422,2411.821790821061,0.3744899031142995,2135.83259056897,0.67886011223444,2207.27494010058,0.6894426138303704
338,2078.8481037822185,1.1509502473504982,2015.157366513409,0.29634811062939964,2394.7148488172425,0.45555036535896504,2410.050907290578,0.37430452765935435,2135.83259056897,0.8052362735945944,2206.920763394484,0.6164779049185622
339,2078.8481037822185,1.307139241802101,2015.157366513409,0.5317881211880099,2394.7148488172425,0.5678464946658301,2410.050907290578,0.6118342136537313,2135.83259056897,0.7847948907667961,2206.920763394484,0.7606805924152937
340,2078.8481037822185,1.2423574692644828,2015.157366513409,0.3639645145927632,2394.7148488172425,0.6107507358079962,2410.050907290578,0.9146536353840727,2135.83259056897,0.8114344069901026,2206.920763394484,0.7886321524078835
341,2078.8481037822185,1.3117296651333887,1994.1353379541956,0.4611791489167381,2394.7148488172425,0.5794232936109777,2410.050907290578,0.846473649655276,2135.83259056897,0.8154190044643802,2202.716357682641,0.8028449523561522
342,2078.8481037822185,1.180979417957602,1994.1353379541956,0.34175616888011817,2393.8001151399076,0.7278886599546648,2410.050907290578,0.8082147188282837,2135.83259056897,0.7978039971084997,2202.533410947174,0.7713285925458336
343,2065.4165407532164,1.4134211002051662,1994.1353379541956,0.3744899031142996,2393.8001151399076,0.7488166673791579,2410.050907290578,0.5690509663960421,2135.83259056897,0.9658613778948685,2199.847098341374,0.8143280029979069
344,2065.4165407532164,0.5652015629316357,1994.1353379541956,0.3744899031142996,2393.8001151399076,0.8827679957436285,2410.050907290578,0.49348964658774347,2135.83259056897,0.8751488766424106,2199.847098341374,0.6382195970039436
345,2065.4165407532164,0.502803235225879,1994.1353379541956,0.6381433239114489,2393.8001151399076,0.6195497846998367,2410.050907290578,0.6048391820014827,2135.83259056897,0.8488024114069912,2199.847098341374,0.6428275874491277
346,2065.4165407532164,0.5650161874766905,1994.1353379541956,0.5144407514234905,2393.8001151399076,0.5667479928621291,2410.050907290578,0.5793781924560651,2132.8596682714447,0.8168066860019225,2199.2525138818687,0.6084779620440596
347,2065.4165407532164,0.4069614768659664,1994.1353379541956,0.6573588525233226,2393.8001151399076,0.5446163162540886,2410.050907290578,0.6741097589110734,2129.691271952113,1.0133711931778482,2198.6188346180024,0.6592835195464598
348,2065.4165407532164,0.43917089013511856,1994.1353379541956,0.5247795940999557,2393.8001151399076,0.5836106529345341,2410.050907290578,0.606245324698492,2129.691271952113,0.4938570599749527,2198.6188346180024,0.5295327043686107
349,2065.4165407532164,0.48249242275446313,1994.1353379541956,0.4928020426157751,2393.8001151399076,0.743386601076362,2410.050907290578,0.8188876905839861,2129.691271952113,0.2987752246482513,2198.6188346180024,0.5672687963357675
350,2065.4165407532164,0.6236081208868716,1994.1353379541956,0.6037343889511638,2393.8001151399076,0.8820766093595502,2410.050907290578,0.7881718183604414,2129.691271952113,0.502803235225879,2198.6188346180024,0.6800788345567812
351,2065.4165407532164,0.696534142626014,1994.1353379541956,0.5938624467181127,2393.8001151399076,0.6758272593524378,2410.050907290578,0.6855583117253344,2129.691271952113,0.5931522877569214,2198.6188346180024,0.648986889635764
352,2065.4165407532164,0.5177801596365964,1994.1353379541956,0.43880013922522804,2393.8001151399076,0.7804148516632158,2410.050907290578,0.6897222143694904,2129.691271952113,0.5854817515149053,2198.6188346180024,0.6024398232818872
353,2064.0828268708065,0.7736109116505387,1994.1353379541956,0.3744899031142996,2393.8001151399076,0.8386489824857112,2410.050907290578,0.6995318248712522,2129.691271952113,0.6211180182278437,2198.3520918415206,0.6614799280699291
354,2064.0828268708065,0.7238970740269302,1994.1353379541956,0.4389855146801733,2393.8001151399076,0.7336875665629788,2410.050907290578,0.8094753880765249,2129.691271952113,0.3844341888400064,2198.3520918415206,0.6180959464373228
355,2064.0828268708065,1.2704060946127806,1994.1353379541956,0.6489290404500297,2393.231987367557,0.7899565381227934,2410.050907290578,0.8754380579695422,2129.691271952113,0.3207824075474811,2198.23846628705,0.7811024277405255
356,2064.0828268708065,1.4090810940120122,1994.1353379541956,0.4944068109106694,2393.231987367557,1.063574580012054,2410.050907290578,0.7027992707701407,2129.691271952113,0.5320275950096656,2198.23846628705,0.8403778701429083
357,2064.0828268708065,1.2770280710945823,1994.1353379541956,0.49775501019612656,2393.231987367557,1.2962306185718868,2410.050907290578,0.8557502120087228,2129.691271952113,0.3994290110744703,2198.23846628705,0.8652385845891578
358,2064.0828268708065,1.3052767754680183,1994.1353379541956,0.8073040531878526,2393.231987367557,1.3531498456641768,2410.050907290578,1.0094254145062398,2129.691271952113,0.5778984934152903,2198.23846628705,1.0106109164483155
359,2064.0828268708065,1.199249999231712,1994.1353379541956,0.8840034707058422,2393.231987367557,1.3433793506486107,2410.050907290578,0.8308467827307694,2129.691271952113,0.7932253459560848,2198.23846628705,1.0101409898546039
360,2064.0828268708065,1.1589287171350444,1994.1353379541956,0.8184560751639437,2393.231987367557,1.256616813046043,2410.050907290578,0.7438371989997875,2129.691271952113,0.7336617299080498,2198.23846628705,0.9423001068505737
361,2064.0828268708065,1.12579797466503,1994.1353379541956,0.7917710695724757,2393.231987367557,1.1962798492609,2410.050907290578,0.8946653601747576,2129.691271952113,0.9115883529127542,2198.23846628705,0.9840205213171835
362,2064.0828268708065,1.2188669686961884,1994.1353379541956,0.7846208252534208,2393.231987367557,1.126148994762084,2410.050907290578,0.990921553706154,2129.691271952113,0.8642483590179509,2198.23846628705,0.9969613402871597
363,2064.0828268708065,1.1195706700571075,1994.1353379541956,0.7335674647380995,2393.231987367557,1.2357509874221795,2410.050907290578,1.1286564913168853,2129.691271952113,0.6855120340598428,2198.23846628705,0.9806115295188229
364,2064.0828268708065,1.1336962827925057,1994.1353379541956,0.8475308341999711,2393.231987367557,1.1708890431301238,2410.050907290578,1.0726959747387161,2129.691271952113,0.9003203535546427,2198.23846628705,1.0250264976831918
365,2064.0828268708065,1.1743072874946392,1994.1353379541956,0.7319786908159188,2393.231987367557,1.0845649042868044,2410.050907290578,1.172339929495995,2129.691271952113,0.871754404882849,2198.23846628705,1.0069890433952413
366,2064.0828268708065,1.1144044811728635,1994.1353379541956,0.6132105330865847,2393.231987367557,1.1490482168702025,2410.050907290578,1.1595680398547328,2129.691271952113,0.894178263015607,2198.23846628705,0.986081906799998
367,2064.0828268708065,1.179692914309443,1994.1353379541956,0.6696702149917354,2393.231987367557,1.1435524057896624,2410.050907290578,1.0937394054375689,2129.691271952113,0.9631504533500471,2198.23846628705,1.0099610787756914
368,2064.0828268708065,1.1527428002201745,1994.1353379541956,0.7785420937653748,2392.921515604642,1.2001628917596625,2384.7465789193047,1.0428346141226852,2129.691271952113,0.8449325278728593,2193.1155062602124,1.0038429855481512
369,2064.0828268708065,1.3710057157123885,1994.1353379541956,0.744511169531963,2392.921515604642,1.0315999563705736,2384.7465789193047,0.47074739201186566,2129.691271952113,0.934565823128637,2193.1155062602124,0.9104860113510856
370,2061.4274944235704,1.237290504426188,1991.511095223864,0.6319140697618634,2392.921515604642,1.1871894074223335,2384.7465789193047,0.502803235225879,2129.691271952113,1.0791730804951212,2192.0595912246986,0.9276740594662769
371,2061.4274944235704,1.3525823926091232,1961.6393885089008,1.0575050592719382,2392.921515604642,1.1842823161814728,2384.7465789193047,0.40677610141102116,2129.691271952113,1.038408430206353,2186.085249881706,1.0079108599359816
372,2061.4274944235704,1.2505581249094746,1961.6393885089008,0.8406469111318766,2392.921515604642,1.3037581422096753,2384.7465789193047,0.37430452765935435,2129.691271952113,1.0089065887039832,2186.085249881706,0.9556348589228728
373,2061.4274944235704,1.065171704060219,1961.6393885089008,0.8130244071455082,2392.921515604642,1.175284883300055,2384.7465789193047,0.3087602741634221,2129.691271952113,1.064010936387618,2186.085249881706,0.8852504410113644
374,2061.4274944235704,1.1240103790140281,1961.6393885089008,0.7908975807841819,2392.921515604642,1.1638310642236738,2384.7465789193047,0.43898551468017327,2129.691271952113,1.2186996416874556,2186.085249881706,0.9472848360779025
375,2061.4274944235704,1.06873530916953,1961.6393885089008,0.7475892514381112,2392.921515604642,1.0820151690213502,2384.7256323044858,0.5212589174244923,2129.691271952113,1.2264892569437105,2186.081060558742,0.9292175807994388
376,2061.4274944235704,1.2026246003715344,1961.6393885089008,0.5405495896463459,2392.921515604642,1.1333765568962102,2383.6850284375087,0.6335288200321776,2116.64370334856,1.005600349405765,2183.2634260646364,0.9031359832704066
377,2061.4274944235704,0.8463195809628099,1961.6393885089008,0.5408192955899873,2392.921515604642,1.1959566276724467,2380.191519106058,0.5911092499446007,2116.64370334856,0.40677610141102116,2182.564724198346,0.7161961711161731
378,2061.4274944235704,0.8009558620252425,1961.6393885089008,0.604299986198542,2392.921515604642,1.1539893082306605,2380.191519106058,0.7416306918044689,2116.64370334856,0.24198200328248617,2182.564724198346,0.70857157030828
379,2061.4274944235704,0.8929270859017161,1957.4585448856785,0.7014535209285827,2392.921515604642,1.005371800920639,2380.191519106058,0.4069614768659664,2116.64370334856,0.4069614768659663,2181.728555473702,0.6827350722965739
380,2061.4274944235704,1.0909672677987061,1954.810420064573,1.139553052192115,2392.921515604642,1.253461702765456,2380.191519106058,0.3744899031142995,2116.64370334856,0.39898147513701054,2181.1989305094808,0.8514906802015174
381,2061.4274944235704,1.0384173376935488,1954.810420064573,0.8900008321667672,2392.921515604642,1.2279729154511807,2380.191519106058,0.24198200328248617,2116.64370334856,0.8059472080108645,2181.1989305094808,0.8408640593209695
382,2061.4274944235704,1.0337663218647954,1954.810420064573,0.7140286854750925,2392.921515604642,1.2526854615208423,2380.191519106058,0.37411915220440917,2116.64370334856,0.45159511846314065,2181.1989305094808,0.765238947905656
383,2060.6135241052216,1.0460872056151922,1954.810420064573,0.6301943360661622,2392.921515604642,1.2393866370742432,2380.191519106058,0.47093276746681084,2116.64370334856,0.49503972230307486,2181.036136445811,0.7763281337050967
384,2060.6135241052216,1.0563115563399876,1954.810420064573,0.6405213142895346,2392.921515604642,1.4306200990082825,2380.191519106058,0.3087602741634221,2116.64370334856,0.4666513809756946,2181.036136445811,0.7805729249553843
385,2060.6135241052216,1.2680431484694472,1954.810420064573,0.6418725158326215,2392.8152219757553,1.2873773858406719,2380.191519106058,0.43917089013511856,2116.64370334856,0.4793490711006758,2181.0148777200334,0.8231626022757069
386,2060.6135241052216,1.4624721430632956,1954.810420064573,0.847892781853657,2392.8152219757553,1.3218995531974844,2380.191519106058,0.5028032352258789,2116.64370334856,0.6483962680060842,2181.0148777200334,0.9566927962692799
387,2060.6135241052216,1.409418433631433,1954.810420064573,0.9312097976250296,2386.570503956631,1.3378113145312152,2380.191519106058,0.4711181429217561,2116.64370334856,0.2874291193100658,2179.7659341162084,0.8873973616039
388,2060.6135241052216,1.449676408587144,1954.810420064573,0.942776911603805,2386.570503956631,0.8957128570937383,2380.191519106058,0.40677610141102116,2116.64370334856,0.5258554715132983,2179.7659341162084,0.8441595500418014
389,2060.6135241052216,1.563148460265281,1954.810420064573,0.9835050345052387,2386.570503956631,0.7357788517195095,2380.191519106058,0.3665869170957799,2116.64370334856,0.5022471606349437,2179.7659341162084,0.8302532848441505
390,2060.6135241052216,1.5154698277751815,1954.810420064573,1.211271397320271,2386.570503956631,0.4407706622674444,2380.191519106058,0.18748848763385753,2116.64370334856,0.7609590302201464,2179.7659341162084,0.82319188104338
391,2060.6135241052216,1.4557695741191112,1954.810420064573,1.0939527048078888,2386.570503956631,0.5325067056640653,2380.191519106058,0.2774151557301209,2116.64370334856,0.6537787983417971,2179.7659341162084,0.8026845877325967
392,2060.6135241052216,1.3037656038333045,1954.810420064573,1.0099685312756375,2386.570503956631,0.6649229133207315,2380.191519106058,0.5597478591229729,2116.64370334856,0.6689657771757385,2179.7659341162084,0.8414741369456771
393,2060.6135241052216,1.2274862835075087,1954.810420064573,0.8068605941433278,2386.570503956631,0.4523185561060758,2380.191519106058,0.4793490711006763,2116.64370334856,0.5888411067457239,2179.7659341162084,0.7109711223206625
394,2060.6135241052216,1.1302517145756892,1954.810420064573,1.0549921889224763,2386.570503956631,0.4629841097719282,2380.191519106058,0.7606428375828871,2116.64370334856,0.6298272896107466,2179.7659341162084,0.8077396280927454
395,2060.6135241052216,1.1598859913017803,1952.7198359386362,0.9147026019223101,2386.570503956631,0.6450496728483074,2380.191519106058,0.6231805033286143,2116.64370334856,0.3931130238567243,2179.3478172910213,0.7471863586515474
396,2055.9058778617764,1.2339994951122124,1952.7198359386362,1.003345862498739,2386.570503956631,0.651641924126032,2380.191519106058,0.3971913313871713,2116.64370334856,0.5068203118814109,2178.4062880423326,0.758599785001113
397,2055.9058778617764,1.3254017603483457,1952.7198359386362,1.120108318622876,2386.570503956631,0.5321363737773266,2380.191519106058,0.5940333641800856,2116.64370334856,0.4568690546847299,2178.4062880423326,0.8057097743226727
398,2055.9058778617764,0.7615810200219699,1952.7198359386362,0.9219432802189566,2386.260032193716,0.5097120828404491,2380.191519106058,0.5992834104472394,2116.64370334856,0.5196915662411805,2178.3441936897493,0.6624422719539591
399,2055.9058778617764,0.8200090369833795,1952.7198359386362,0.9083376968634571,2386.260032193716,0.5829976067618146,2380.170572491239,0.6109012597602195,2116.64370334856,0.6873700300667897,2178.3400043667853,0.7219231260871319
400,2055.9058778617764,0.610999224159223,1952.7198359386362,0.8417015858635098,2386.260032193716,0.6197151444294245,2380.170572491239,0.6349677572660207,2116.64370334856,0.742385643032541,2178.3400043667853,0.6899538709501438
401,2055.9058778617764,0.5915027119598311,1952.7198359386362,0.8931224348540453,2386.260032193716,0.7570404056893153,2380.170572491239,0.8049121916592834,2116.64370334856,0.8335925049705091,2178.3400043667853,0.7760340498265969
402,2055.9058778617764,0.5682940306032906,1952.7198359386362,0.9419545466875332,2386.1537385648294,0.5489986655638459,2380.170572491239,0.7269322146147886,2111.676045719382,0.9343314250412723,2177.3252141151725,0.7441021765021462
403,2055.9058778617764,0.5291120532242636,1942.8152614840528,1.0931363630806126,2386.1537385648294,0.7927319749716676,2380.170572491239,0.7529383857717966,2106.1218356669606,1.152692610951969,2174.233457213772,0.8641222776000619
404,2055.9058778617764,0.532506705664066,1941.26670302738,0.3087602741634221,2386.1537385648294,0.7075940293155775,2380.170572491239,0.6556099805443443,2106.1218356669606,0.6816088477873784,2173.923745522437,0.5772159674949576
405,2055.9058778617764,0.4653566046032502,1941.26670302738,0.5731905097876571,2378.2625767,0.7071748124501348,2380.170572491239,0.6193618571681163,2106.1218356669606,0.7337807629973194,2172.345513149471,0.6197729094012956
406,2055.9058778617764,0.4901583365124664,1941.26670302738,0.7603366195898191,2378.2625767,0.3087602741634221,2380.170572491239,0.7419214913893618,2106.1218356669606,0.7241571535080431,2172.345513149471,0.6050667750326225
407,2055.9058778617764,0.5137920526726157,1941.26670302738,1.031016328828776,2378.2625767,0.34157079342517294,2380.170572491239,0.6550553198122417,2106.1218356669606,1.0093908932343298,2172.345513149471,0.7101650775946272
408,2055.9058778617764,0.451147582525681,1941.26670302738,0.8051673049686491,2378.2625767,0.4069614768659664,2380.170572491239,0.730542290194723,2106.1218356669606,0.7849662297240533,2172.345513149471,0.6357569768558146
409,2055.9058778617764,0.49032792460894153,1941.26670302738,0.5504930371921388,2378.2625767,0.2755022189642114,2380.170572491239,0.8169194886864142,2106.1218356669606,0.8038367706349558,2172.345513149471,0.5874158880173324
410,2055.9058778617764,0.4144373926850114,1940.2235025812352,0.5527192053039447,2378.2625767,0.40677610141102116,2380.170572491239,0.9674276651220127,2106.1218356669606,0.6517548060141652,2172.136873060242,0.598623034107231
411,2055.9058778617764,0.534040791592542,1940.2235025812352,0.572219370084974,2378.2625767,0.6269219996172245,2380.170572491239,0.8674992452761174,2106.1218356669606,0.6424917208936647,2172.136873060242,0.6486346254929044
412,2055.9058778617764,0.40677610141102116,1940.2235025812352,0.9246856479613931,2378.2625767,0.4069614768659663,2380.170572491239,1.0239826430370738,2106.1218356669606,0.7669789177288013,2172.136873060242,0.7058769574008512
413,2055.9058778617764,0.471118142921756,1940.2235025812352,0.8989924398225129,2378.2625767,0.565386938386581,2380.170572491239,0.976590141132837,2106.1218356669606,0.6892186001234772,2172.136873060242,0.7202612524774329
414,2055.9058778617764,0.49102502336012427,1940.2235025812352,0.8922870813399626,2378.2625767,0.43917089013511845,2380.170572491239,0.8456103204274548,2106.1218356669606,0.7512038685445359,2172.136873060242,0.6838594367614392
415,2055.9058778617764,0.7371238389270879,1940.2235025812352,0.7723791448926087,2378.2625767,0.43917089013511845,2380.170572491239,0.8021205869329473,2106.1218356669606,0.9400821321290449,2172.136873060242,0.7381753186033615
416,2055.9058778617764,0.8209724620661095,1940.2235025812352,0.7185702155143614,2378.2625767,0.4711181429217561,2380.170572491239,0.6665992767470157,2106.1218356669606,0.6271647856592045,2172.136873060242,0.6608849765816893
417,2055.9058778617764,1.1465262297456555,1937.2631074470296,0.6199050370417436,2378.2625767,0.4391708901351186,2380.170572491239,0.6355405682735823,2106.1218356669606,0.5851112874677059,2171.5447940334006,0.6852508025327613
418,2055.9058778617764,1.1662552320930422,1937.2631074470296,1.108015497765758,2378.2625767,0.3085748987084769,2380.170572491239,0.8364347663404935,2106.1218356669606,0.657199848342221,2171.5447940334006,0.8152960486499984
419,2055.9058778617764,1.1083995838348155,1937.2631074470296,0.9457771989214946,2378.2625767,0.27550221896421145,2380.170572491239,0.7689227996548665,2106.1218356669606,0.7029357372075128,2171.5447940334006,0.7603075077165802
420,2055.9058778617764,1.1776990873645043,1937.2631074470296,0.7929224358113484,2378.2625767,0.5026178597709338,2380.170572491239,0.6673851855517273,2106.1218356669606,0.5972291098131451,2171.5447940334006,0.7475707356623318
421,2055.9058778617764,1.302414627587606,1937.2631074470296,0.8017774690192825,2378.2625767,0.5633141769289403,2380.170572491239,0.5701372596022384,2106.1218356669606,0.6219537377403377,2171.5447940334006,0.771919454175681
422,2055.9058778617764,1.282794431744075,1937.2631074470296,0.8875534410246088,2378.2625767,0.45822117271789553,2380.170572491239,0.6448004934512096,2106.1218356669606,0.6029664909966613,2171.5447940334006,0.77526720598689
423,2055.9058778617764,1.366435795860947,1937.2631074470296,0.7886412632249777,2378.2625767,0.43917089013511856,2380.170572491239,0.5610872801984196,2106.1218356669606,0.6599236328367933,2171.5447940334006,0.7630517724512512
424,2055.9058778617764,1.1776546877756973,1937.2631074470296,0.8808239257829381,2378.2625767,0.20819962711824624,2380.170572491239,0.5659600515595572,2106.1218356669606,0.5291174290225101,2171.5447940334006,0.6723511442517898
425,2055.9058778617764,1.2518582976516137,1937.2631074470296,0.8480481980784663,2378.2625767,0.37448990311429964,2380.170572491239,0.8029596809990074,2106.1218356669606,0.6068515620624892,2171.5447940334006,0.7768415283811752
426,2055.9058778617764,1.2145048716215179,1937.2631074470296,0.8406929569723115,2378.2625767,0.4711181429217561,2372.3301613127082,0.7604600477446049,2106.1218356669606,0.7705686908215217,2169.9767117976944,0.8114689420163422
427,2055.9058778617764,1.1919025927913711,1937.2631074470296,0.9093069371938736,2378.2625767,0.40677610141102116,2367.517014882387,0.6715081221441609,2106.1218356669606,0.6992469744738914,2169.014082511631,0.7757481456028636
428,2055.9058778617764,1.2485498578906722,1937.2631074470296,0.8709014098235365,2378.2625767,0.4193236316424993,2367.517014882387,0.8404973270752213,2106.1218356669606,0.7713112674421427,2169.014082511631,0.8301166987748145
429,2055.9058778617764,1.310940938992949,1937.2631074470296,0.813021289427207,2378.2625767,0.4377601049346152,2367.517014882387,0.8635482358558054,2106.1218356669606,0.5298331090048154,2169.014082511631,0.7910207356430783
430,2055.9058778617764,1.3741997178867316,1937.2631074470296,0.9149881921454595,2378.2625767,0.5943603037377924,2367.517014882387,0.9106432958270464,2106.1218356669606,0.47377319284040437,2169.014082511631,0.8535929404874867
431,2055.9058778617764,1.3636208953638098,1937.2631074470296,0.8632015143715637,2378.2625767,0.6467681909004543,2367.517014882387,0.9137237591781119,2106.1218356669606,0.6262888266169084,2169.014082511631,0.8827206372861696
432,2055.9058778617764,1.4741842070761453,1937.2631074470296,0.7540322991053724,2378.2625767,0.7284885091157701,2367.517014882387,0.9692558527898962,2106.1218356669606,0.5133580272752498,2169.014082511631,0.8878637790724868
433,2055.9058778617764,1.4377001958698692,1937.2631074470296,0.9339314955724521,2378.2625767,0.6961411695631898,2361.7573028502275,0.9418158748117312,2106.1218356669606,0.5998935934105254,2167.8621401051983,0.9218964658455537
434,2044.6819093303668,1.4833536506764533,1937.2631074470296,0.7649845109443907,2378.2625767,0.8116961374359765,2361.7573028502275,0.973880318269706,2106.1218356669606,0.5690820872564492,2165.6173463989167,0.9205993409165952
435,2044.6819093303668,0.4709327674668108,1937.2631074470296,0.8132890467359302,2378.2625767,0.7902114074851676,2361.7573028502275,0.8194442905021091,2100.7825511429874,0.6665607722402525,2164.549489494122,0.712087656886054
436,2044.6819093303668,0.4694815692270555,1937.2631074470296,0.6719445600933457,2378.2625767,0.70215746616265,2361.7573028502275,0.6178969382387873,2099.965571493119,0.837375545382774,2164.3860935641487,0.6597712158209225
437,2044.6819093303668,0.46898415193666787,1937.2631074470296,0.8761626171519993,2378.1029975401734,0.7794261112898324,2361.7573028502275,0.46170016116137896,2099.965571493119,0.9265639069583876,2164.3541777321834,0.7025673896996533
438,2044.6819093303668,0.4874074592395297,1937.2631074470296,0.8565212710219859,2378.1029975401734,0.5659058575692152,2361.7573028502275,0.7067976872526984,2099.965571493119,1.0399139818996093,2164.3541777321834,0.7313092513966076
439,2044.6819093303668,0.4195552932904641,1936.9919037413083,0.7699372798145117,2378.1029975401734,0.681974375296867,2361.7573028502275,0.6746989730827565,2099.965571493119,1.1655114154909811,2164.299936991039,0.742335467395116
440,2044.6819093303668,0.5766852783912417,1936.9919037413083,0.9391905236781136,2378.1029975401734,0.8159053186857411,2361.7573028502275,0.8274528825377618,2099.965571493119,1.009203124878244,2164.299936991039,0.8336874256342204
441,2044.6819093303668,0.3542416255601068,1936.9919037413083,0.7125434633300396,2378.1029975401734,0.7746010658914904,2361.7573028502275,0.7748817260130623,2099.965571493119,0.9854456903932624,2164.299936991039,0.7203427142375923
442,2044.6819093303668,0.5241479587269474,1936.9919037413083,0.9187021852893408,2378.1029975401734,0.96264941929644,2361.7573028502275,0.8134373607721099,2099.965571493119,0.9382666698174337,2164.299936991039,0.8314407187804544
443,2044.6819093303668,0.49995237987806745,1935.8040986834321,0.7350434336991961,2378.1029975401734,0.7731920239995069,2361.7573028502275,0.6877904535336046,2099.965571493119,1.1670812015002499,2164.062375979464,0.772611898522125
444,2044.6819093303668,0.41932158550699,1935.8040986834321,0.9629509256101946,2378.1029975401734,0.682300614034032,2361.7573028502275,0.8933789246161264,2099.965571493119,1.1461238447111404,2164.062375979464,0.8208151788956968
445,2044.6819093303668,0.45159511846314077,1935.5328949777108,1.2258513045599595,2378.1029975401734,0.666921154938378,2361.7573028502275,0.655335227868114,2099.965571493119,1.145723107530274,2164.0081352383195,0.8290851826719733
446,2044.6819093303668,0.7076896833834605,1935.5328949777108,1.5088333082881693,2378.1029975401734,0.6732397701330534,2361.7573028502275,0.7470603325052135,2099.965571493119,1.232046911192239,2164.0081352383195,0.973774001100427
447,2044.6819093303668,0.502803235225879,1935.5328949777108,1.322485107262029,2378.1029975401734,0.6962224841012568,2361.7573028502275,0.7329497828509163,2099.965571493119,1.1771269281291332,2164.0081352383195,0.8863175075138428
448,2044.6819093303668,0.517644394938968,1935.5328949777108,1.3758488150366777,2378.1029975401734,0.6811472123601531,2361.7573028502275,0.83067646614355,2099.965571493119,1.001855960781766,2164.0081352383195,0.881434569852223
449,2044.6819093303668,0.34175616888011817,1935.5328949777108,1.2759007472729715,2378.1029975401734,0.7089954775504395,2361.7573028502275,0.7833685354236578,2099.965571493119,1.1931345121414378,2164.0081352383195,0.8606310882537249
450,2044.6819093303668,0.40478666619591136,1935.5328949777108,1.2262813016695122,2378.1029975401734,0.9633591056121477,2361.7573028502275,0.691915942348284,2099.965571493119,1.2085983209394882,2164.0081352383195,0.8989882673530687
451,2044.6819093303668,0.36459742598516803,1935.5328949777108,1.4147608323193368,2378.1029975401734,0.8172221145373224,2361.7573028502275,0.8683192073925394,2099.965571493119,1.2144431645159672,2164.0081352383195,0.9358685489500667
452,2044.6819093303668,0.47093276746681084,1935.5328949777108,1.4043437438185014,2378.1029975401734,0.7714191136331923,2361.7573028502275,0.9084450533436942,2099.965571493119,1.0209196961321687,2164.0081352383195,0.9152120748788736
453,2044.6819093303668,0.483698609897404,1935.5328949777108,1.291357517092256,2378.1029975401734,0.9712447526147828,2361.7573028502275,0.847298000871135,2099.965571493119,1.02672151360029,2164.0081352383195,0.9240640788151737
454,2044.6819093303668,0.489535514112128,1935.5328949777108,1.3319183940769945,2378.1029975401734,0.923312736037965,2361.7573028502275,0.8459383620162484,2099.965571493119,0.9704706314976616,2164.0081352383195,0.9122351275481995
455,2044.6819093303668,0.534040791592542,1935.5328949777108,1.3348515134680472,2378.1029975401734,0.8863756509552517,2361.7573028502275,0.9798536694985952,2099.965571493119,1.0051092367745311,2164.0081352383195,0.9480461724577935
456,2044.6819093303668,0.5652015629316357,1935.5328949777108,1.3801859589773096,2378.1029975401734,0.9337019229849963,2361.7573028502275,0.7695627683962221,2099.965571493119,1.221731610035033,2164.0081352383195,0.9740767646650393
457,2044.6819093303668,0.3087602741634221,1935.5328949777108,1.3409656981064233,2378.1029975401734,1.0450175341286196,2361.7573028502275,0.796979820344845,2099.965571493119,1.1060977955887883,2164.0081352383195,0.9195642244664196
458,2044.6819093303668,0.6572962895087728,1935.5328949777108,1.3521642883001586,2378.1029975401734,1.1522300120871205,2361.7573028502275,0.722873856948468,2099.965571493119,0.9238380139210947,2164.0081352383195,0.9616804921531228
459,2044.6819093303668,0.24198200328248617,1935.5328949777108,1.4145234489594083,2378.1029975401734,1.158090463388449,2361.7573028502275,0.8269096894935286,2099.965571493119,1.0994364192698498,2164.0081352383195,0.9481884048787445
460,2044.6819093303668,0.43917089013511856,1935.5328949777108,1.439414854638654,2378.1029975401734,0.8489062481527118,2361.7573028502275,0.8361379290278639,2099.965571493119,1.201351636997064,2164.0081352383195,0.9529963117902824
461,2044.6819093303668,0.3417561688801181,1935.5328949777108,1.4098974271802454,2378.1029975401734,0.6443157744401148,2361.7573028502275,0.9614372131024677,2099.5469678333243,1.2473553275111322,2163.924414506361,0.9209523822228156
462,2044.6819093303668,0.3087602741634221,1928.5575688222034,1.3535621773211068,2378.1029975401734,0.7922175534577989,2361.7573028502275,0.7550809212551203,2099.5469678333243,1.2142398306969024,2162.5293492752594,0.8847721513788702
463,2044.6819093303668,0.3744899031142996,1927.9749376689276,0.6803420643812255,2377.952104937085,0.693727985086749,2361.7573028502275,0.9331467053867899,2099.5469678333243,1.3124436730996365,2162.3826445239865,0.7988300662137402
464,2044.6819093303668,0.2753168435092662,1927.9749376689276,0.36441205053022285,2377.952104937085,0.8789069944577238,2361.7573028502275,0.903920739052693,2099.5469678333243,1.285634647212506,2162.3826445239865,0.7416382549524825
465,2044.6819093303668,0.5804839358389603,1927.9749376689276,0.4611939660220884,2377.952104937085,0.8279926194577515,2361.7573028502275,1.0683942808846714,2099.5469678333243,1.4362241284938548,2162.3826445239865,0.8748577861394653
466,2044.6819093303668,0.3984834551062425,1927.9749376689276,0.6166285519516688,2377.952104937085,0.9061460008929311,2361.7573028502275,1.1703027619366377,2099.5469678333243,1.4276159423861015,2162.3826445239865,0.9038353424547164
467,2044.6819093303668,0.5534955147849195,1927.9749376689276,0.6588417034351325,2377.952104937085,0.7361789256326569,2361.7573028502275,1.1196128917426138,2099.5469678333243,1.3415611086091876,2162.3826445239865,0.8819380288409022
468,2044.6819093303668,0.33214005482219555,1927.9749376689276,0.8152325603187861,2377.952104937085,0.6639005059741127,2361.7573028502275,1.101438780702931,2099.5469678333243,1.487779586972845,2162.3826445239865,0.8800982977581742
469,2044.6819093303668,0.39311302385672414,1927.9749376689276,0.7050581750667511,2377.952104937085,0.7622832400444508,2361.7573028502275,1.1665807481844994,2099.5469678333243,1.4184691520038106,2162.3826445239865,0.8891008678312472
470,2044.6819093303668,0.5812815532388959,1927.9749376689276,0.8798034804218428,2377.952104937085,0.8502054893668298,2360.456708575192,1.0775437298681216,2099.5469678333243,1.3229698814176756,2162.122525668979,0.9423608268626731
471,2044.6819093303668,0.6786112906515712,1927.9749376689276,0.8023379631587185,2377.952104937085,0.6312304732884946,2360.456708575192,1.249688137078375,2099.5469678333243,1.382138660302854,2162.122525668979,0.9488013048960028
472,2044.6819093303668,0.5319850893315786,1927.9749376689276,0.7044868075931678,2377.952104937085,0.8367131526478081,2360.456708575192,1.26239537219473,2099.5469678333243,1.5459420248349984,2162.122525668979,0.9763044893204565
473,2044.6819093303668,0.6821251117834349,1927.9749376689276,0.4904520156475796,2377.952104937085,0.8203011762954338,2360.456708575192,1.472305235454811,2099.5469678333243,1.4468801145350119,2162.122525668979,0.9824127307432542
474,2044.6819093303668,0.5360817757328741,1927.9749376689276,0.636484838856689,2377.952104937085,0.8184872361664566,2360.456708575192,1.5074692993624914,2099.5469678333243,1.2871653680746655,2162.122525668979,0.9571377036386354
475,2044.6819093303668,0.6000329691119708,1927.9749376689276,0.4376093916446154,2376.7798675614167,0.872705702875161,2360.456708575192,1.347736034077552,2099.5469678333243,1.3839631732397588,2161.8880781938456,0.9284094541898116
476,2044.6819093303668,0.6572170009687215,1927.9749376689276,0.5307933469417951,2376.7798675614167,1.125521569441685,2360.456708575192,1.157693635875644,2099.5469678333243,1.4215828547283504,2161.8880781938456,0.9785616815912391
477,2044.6819093303668,0.7866590533396699,1927.9749376689276,0.3417561688801181,2376.7798675614167,1.320819574893332,2360.456708575192,1.2805342331005933,2099.5469678333243,1.2909855680441311,2161.8880781938456,1.0041509196515688
478,2044.6819093303668,0.701730061014868,1927.9749376689276,0.5026178597709338,2376.7798675614167,1.430825266777641,2360.456708575192,1.2874391242791814,2099.5469678333243,1.258736252684394,2161.8880781938456,1.0362697129054037
479,2044.6819093303668,0.7020332428915547,1927.9749376689276,0.36861801660469384,2376.7798675614167,1.308157311715458,2360.456708575192,1.1018684025622711,2099.5469678333243,1.1444433465052581,2161.8880781938456,0.9250240640558471
480,2044.6819093303668,0.7162397434977962,1927.9749376689276,0.4041256004591113,2376.7798675614167,1.3561674286335443,2360.456708575192,1.2248966458294375,2099.5469678333243,1.1573286187604348,2161.8880781938456,0.9717516074360647
481,2044.6819093303668,0.7140654156885845,1927.7037339632063,0.4083812060180524,2376.7798675614167,1.2827080258700638,2360.456708575192,1.2981091270165352,2099.5469678333243,1.2006651552413024,2161.833837452701,0.9807857859669078
482,2044.6819093303668,0.7499309639997048,1927.7037339632063,0.43091270988231156,2376.7798675614167,1.2306494126579832,2360.456708575192,1.1849929751134247,2099.5469678333243,1.1775424618687256,2161.833837452701,0.9548057047044299
483,2044.6819093303668,0.895570782468902,1927.7037339632063,0.565510412554452,2376.7798675614167,1.1550591475707148,2360.456708575192,1.108037636586858,2099.5469678333243,1.4384490259288154,2161.833837452701,1.0325254010219485
484,2044.6819093303668,0.6610850197010928,1927.7037339632063,0.7582337065436437,2376.7798675614167,1.260827012461264,2360.456708575192,1.181633576301438,2099.5469678333243,1.2210967750265826,2161.833837452701,1.0165752180068042
485,2044.6819093303668,0.8228148643474822,1927.7037339632063,0.8843374333775257,2376.7798675614167,1.2079257577437645,2360.456708575192,1.1166510833623071,2099.5469678333243,1.220685107532593,2161.833837452701,1.0504828492727345
486,2044.6819093303668,0.827125419510369,1927.7037339632063,0.7210606762076953,2376.7798675614167,1.1929860143660518,2360.456708575192,1.1799394841406716,2099.5469678333243,1.0703110518742882,2161.833837452701,0.9982845292198153
487,2044.6819093303668,0.7372594089846212,1927.7037339632063,0.9689170166684555,2376.7798675614167,1.2446169931890299,2360.456708575192,1.0119462012358973,2099.5469678333243,1.101837875867601,2161.833837452701,1.0129154991891212
488,2044.6819093303668,0.702894531539331,1927.7037339632063,0.9227501686840217,2376.7798675614167,1.1683225884611663,2360.456708575192,1.006795698150452,2099.5469678333243,1.1367335296461307,2161.833837452701,0.9874993032962204
489,2044.6819093303668,0.7662089501193734,1927.7037339632063,1.0059402166748395,2376.7798675614167,1.3186871413924055,2360.456708575192,1.1961694280011337,2099.5469678333243,1.1915758199853275,2161.833837452701,1.0957163112346158
490,2044.6819093303668,0.8309734478582684,1927.7037339632063,0.9111496772331994,2376.7798675614167,1.3805546713238546,2360.456708575192,1.045563041077873,2092.120784613457,1.2501646371589084,2160.3486008087275,1.0836810949304208
491,2044.6819093303668,0.7780602192899938,1927.7037339632063,1.182353819609862,2376.7798675614167,1.3980500362153516,2360.456708575192,1.0873434578638694,2092.120784613457,0.7275275330729433,2160.3486008087275,1.034667013210404
492,2044.6819093303668,0.7218790850532196,1927.7037339632063,1.1295156071334316,2376.7798675614167,1.384019841623539,2360.456708575192,1.121635379775326,2092.120784613457,0.5001335277184378,2160.3486008087275,0.9714366882607909
493,2044.6819093303668,0.9270041761528619,1927.7037339632063,0.9668096772120658,2376.7798675614167,1.3818715701833575,2360.456708575192,1.0785152258135586,2092.120784613457,0.5650161874766906,2160.3486008087275,0.983843367367707
494,2044.6819093303668,0.8721957678658613,1927.7037339632063,1.268769327367356,2376.7798675614167,1.4112815502957743,2360.456708575192,1.087541673906187,2092.120784613457,0.40677610141102116,2160.3486008087275,1.0093128841692398
495,2044.6819093303668,0.8819069369339488,1927.7037339632063,1.219018358418632,2376.7798675614167,1.4437970575707066,2360.456708575192,1.2407833517681883,2092.120784613457,0.41503554681757354,2160.3486008087275,1.04010825030181
496,2044.6819093303668,0.7729814116447554,1927.7037339632063,1.1740361002704272,2376.62028840159,1.4326821870236717,2360.456708575192,1.1570756799559474,2092.120784613457,0.5851558066208953,2160.316684976762,1.0243862371031394
497,2044.6819093303668,0.7219135861165642,1927.7037339632063,1.2719106844364456,2376.62028840159,1.567801016757188,2359.6160321883904,1.2017063660661769,2092.120784613457,0.39617136945142156,2160.148549699402,1.0319006045655592
498,2044.6819093303668,0.8377807678204845,1927.7037339632063,1.3499364474733706,2376.62028840159,1.5655706140051078,2359.6160321883904,1.3050868972200367,2092.120784613457,0.5685067034268307,2160.148549699402,1.125376285989166
499,2044.6819093303668,0.7682358583563949,1927.7037339632063,1.2760539842206242,2376.62028840159,1.5976204895879405,2359.6160321883904,1.4679494306204892,2092.120784613457,0.5975188551552374,2160.148549699402,1.1414757235881372
500,2044.6819093303668,0.7307597830179983,1927.7037339632063,1.335928605538402,2364.8587330907367,1.427011371144249,2359.6160321883904,1.4666607285209927,2092.120784613457,0.49327672468701905,2157.7962386372315,1.0907274425817322
