generation,fitness_run_1,diversity_run_1,fitness_run_2,diversity_run_2,fitness_run_3,diversity_run_3,fitness_run_4,diversity_run_4,fitness_run_5,diversity_run_5,fitness_average,diversity_average
1,3661.9567409708798,2.926913986552157,3634.511133974973,3.0068604241400863,3759.2048782790075,2.8587291723997508,3658.91167012126,2.882698837544007,3671.8277435112054,3.0063376296941,3677.2824333714657,2.9363080100660204
2,3638.753540318457,3.0404969978187446,3634.511133974973,3.0949373023224607,3660.125250396082,2.811964559890775,3658.91167012126,2.8941665107269405,3668.3931313053754,2.888386252589081,3652.1389452232297,2.9459903246696006
3,3638.753540318457,3.04255039799462,3549.431947294927,2.8384245240597528,3660.125250396082,2.847844156771067,3629.5144727471315,2.9655423835597814,3668.3931313053754,3.0500726179423125,3629.2436684123945,2.9488868160655066
4,3565.3095268666516,3.072025671184687,3549.431947294927,2.810424376551158,3660.125250396082,2.9594366125500597,3627.703233322217,2.9197447353336603,3668.3931313053754,2.768416682101121,3614.192617837051,2.906009615544137
5,3565.3095268666516,2.935746721186284,3549.431947294927,2.9060278809520983,3660.125250396082,2.9037566014431926,3627.2773057191403,2.965199800925824,3659.868122456649,2.8990422959857085,3612.4024305466896,2.9219546600986215
6,3528.57278291792,2.8974851523047045,3546.414328399803,2.8388001392256297,3612.320431285806,2.9083955644786195,3618.1992161000526,2.9407272356307215,3587.632522165166,2.933778127449235,3578.627856173749,2.903837243817782
7,3381.5790587953834,2.807678307745721,3518.7573399260978,2.8641088608669687,3457.921692112941,2.92205439623338,3528.7235869069877,2.9937567274848806,3587.632522165166,2.849636390414648,3494.9228399813155,2.8874469365491198
8,3381.5790587953834,2.8408063322714634,3518.7573399260978,2.8280626958254733,3457.921692112941,2.9017416844189645,3528.7235869069877,2.9903407741299004,3587.632522165166,2.9130197875466286,3494.9228399813155,2.8947942548384864
9,3381.5790587953834,2.9243817409649884,3518.7573399260978,2.8586723894335555,3457.921692112941,2.818987894321627,3528.7235869069877,2.9243804477469766,3418.94389532449,2.8024581836979015,3461.18511461318,2.8657761312330097
10,3381.5790587953834,2.945425868935066,3518.7573399260978,2.9109619850311286,3457.921692112941,2.9066616997348556,3474.391424714129,2.9697278098338833,3418.94389532449,2.9770971940456454,3450.3186821746085,2.9419749115161156
11,3381.5790587953834,2.8510738307922705,3518.7573399260978,2.7814805864573566,3457.921692112941,2.8239896753598512,3474.391424714129,2.9845903365202573,3418.94389532449,2.981326487237669,3450.3186821746085,2.884492183273481
12,3381.5790587953834,2.9324196112623238,3518.7573399260978,2.8697363898980734,3457.921692112941,2.7891677907602164,3474.391424714129,2.927256577326462,3418.94389532449,2.9377473132569967,3450.3186821746085,2.8912655365008146
13,3381.5790587953834,3.0349485677351247,3518.7573399260978,2.8583517687902242,3457.921692112941,2.8524706012082763,3474.391424714129,3.007530267772785,3418.94389532449,2.860975818383609,3450.3186821746085,2.9228554047780038
14,3381.5790587953834,2.8876185518446036,3518.7573399260978,2.975545382222054,3457.921692112941,2.7929223526794518,3461.750214394494,3.004553351902674,3418.94389532449,2.8494865581852773,3447.790440110681,2.9020252393668122
15,3381.5790587953834,2.89787935587361,3518.7573399260978,2.944422066122087,3457.921692112941,2.8857042374235933,3294.9697305455347,2.937247199327203,3418.94389532449,2.8970325773086727,3414.4343433408894,2.912457087211033
16,3381.5790587953834,3.0076330393228106,3425.306839500202,2.888159419737912,3457.921692112941,2.970086022298446,3294.9697305455347,2.931710882345559,3418.94389532449,3.0334541203775363,3395.74424325571,2.9662086968164525
17,3381.5790587953834,2.9462222837644525,3425.306839500202,2.9159336900126847,3457.921692112941,2.826816886913355,3294.9697305455347,2.882339267113767,3418.94389532449,2.919964982705137,3395.74424325571,2.898255422101879
18,3381.5790587953834,3.0561542525911447,3425.306839500202,2.9093705353125436,3457.921692112941,2.8478406632177102,3294.9697305455347,2.786077896210804,3418.94389532449,2.926789775689368,3395.74424325571,2.905246624604314
19,3381.5790587953834,3.0251536664360605,3333.914000630871,2.9608365040569367,3457.921692112941,2.8843678230519654,3294.9697305455347,2.826229540229286,3418.94389532449,2.9463674733953473,3377.465675481844,2.9285910014339196
20,3381.5790587953834,3.0472986967067177,3333.914000630871,2.8281998159305464,3457.921692112941,2.9429076371324197,3294.9697305455347,2.967373873488955,3418.94389532449,3.007584352375577,3377.465675481844,2.958672875126843
21,3381.5790587953834,3.0594445820810563,3333.914000630871,2.7708263674193363,3457.921692112941,2.866569999686186,3294.9697305455347,2.8338762638786896,3418.94389532449,2.9358605420932604,3377.465675481844,2.893315551031706
22,3381.5790587953834,2.9610214277431024,3302.0329899597914,2.8775863273028097,3457.921692112941,2.8283629666513987,3294.9697305455347,2.871282884052737,3418.94389532449,2.96594322767103,3371.089473347628,2.900839366684216
23,3381.5790587953834,2.9069303620000504,3302.0329899597914,2.8349431784629395,3427.889342460396,2.920394532238049,3294.9697305455347,2.904716067645582,3418.94389532449,2.9457239155863717,3365.0830034171186,2.9025416111865985
24,3381.5790587953834,2.9862741506952686,3302.0329899597914,2.845858192372894,3426.2994415190456,2.9119720552161295,3294.9697305455347,2.9110093106662336,3418.94389532449,2.972442197609799,3364.7650232288493,2.925511181312065
25,3381.5790587953834,2.8151415258319314,3302.0329899597914,2.7940184732890407,3426.2994415190456,2.944033297956086,3294.9697305455347,3.1574536822480574,3418.94389532449,2.882505338257409,3364.7650232288493,2.918630463516505
26,3381.5790587953834,2.9012118729859506,3302.0329899597914,2.8493255629058463,3388.166055653915,2.8906964174833005,3294.9697305455347,2.9781899727835652,3418.94389532449,2.936990463846248,3357.138346055823,2.911282858000982
27,3381.5790587953834,2.948549268172853,3302.0329899597914,2.863444301172278,3388.166055653915,2.8625132150929593,3294.9697305455347,2.856123244218122,3418.94389532449,2.76268937355189,3357.138346055823,2.8586638804416205
28,3381.5790587953834,2.816329385181772,3302.0329899597914,2.8958373874716177,3366.729565481054,3.0106158173342696,3294.9697305455347,2.9186472842074918,3418.94389532449,2.795385809710341,3352.851048021251,2.887363136781098
29,3381.5790587953834,2.884091459338456,3302.0329899597914,2.9273112950629265,3366.729565481054,2.819388630021278,3294.9697305455347,2.894721292856187,3418.94389532449,2.8789628643905982,3352.851048021251,2.880895108333889
30,3381.5790587953834,2.8837705628746373,3302.0329899597914,2.9318749690717096,3366.729565481054,2.9526206680158253,3294.9697305455347,2.7707142866340746,3418.94389532449,2.924561217714288,3352.851048021251,2.892708340862107
31,3381.5790587953834,2.8987457983083833,3302.0329899597914,2.75335562455099,3366.729565481054,3.115568537713138,3294.9697305455347,2.8654000181903716,3418.94389532449,3.008070931479767,3352.851048021251,2.9282281820485303
32,3381.5790587953834,2.89620970310175,3302.0329899597914,2.9339328825159816,3366.729565481054,2.842391907270635,3294.9697305455347,2.9698406236432446,3418.94389532449,2.9434919587598127,3352.851048021251,2.917173415058285
33,3381.5790587953834,2.9608718873231425,3302.0329899597914,2.885222896707154,3366.729565481054,2.90742391137384,3294.9697305455347,3.0268249654698267,3418.94389532449,3.0910563041638595,3352.851048021251,2.9742799930075643
34,3381.5790587953834,2.9587930592963563,3302.0329899597914,2.900670576965971,3366.729565481054,2.9479106261172205,3294.9697305455347,3.008025609316775,3418.94389532449,3.0077604361642956,3352.851048021251,2.9646320615721233
35,3381.5790587953834,2.970596265266094,3302.0329899597914,2.951913965347389,3366.729565481054,2.8571772999738156,3294.9697305455347,2.9767516460164813,3418.94389532449,2.967769806850265,3352.851048021251,2.944841796690809
36,3381.5790587953834,2.9867655108184805,3302.0329899597914,2.9048208432890434,3366.729565481054,2.93665457835388,3294.9697305455347,2.876791864291273,3325.475716564789,2.9576109994263033,3334.1574122693105,2.9325287592357965
37,3381.5790587953834,3.061033317410417,3302.0329899597914,2.9044470571740018,3366.729565481054,2.910086594005474,3294.9697305455347,2.837467812325765,3325.475716564789,2.8596631852347105,3334.1574122693105,2.914539593230074
38,3381.5790587953834,2.980043096482354,3278.1445928457506,2.968018213742038,3366.729565481054,2.969147512730541,3294.9697305455347,2.858132398393319,3325.475716564789,2.916081506883504,3329.379732846502,2.9382845456463516
39,3381.5790587953834,2.9095012133679847,3278.1445928457506,2.940730268454944,3366.729565481054,2.934501871567188,3294.9697305455347,2.8639880877789476,3325.475716564789,2.8316822447325976,3329.379732846502,2.8960807371803323
40,3381.5790587953834,2.882514999310059,3278.1445928457506,2.9862818116522853,3366.729565481054,3.011947417928833,3294.9697305455347,2.8544234699901896,3325.475716564789,2.9104649104621148,3329.379732846502,2.929126521868697
41,3381.5790587953834,2.9506038812921327,3278.1445928457506,2.8929838688059406,3366.729565481054,2.9619243577191057,3294.9697305455347,2.9651865476558252,3325.475716564789,2.864968875988274,3329.379732846502,2.927133506292256
42,3381.5790587953834,2.935478304574438,3278.1445928457506,2.9352538448698793,3366.729565481054,2.8841000473452203,3294.9697305455347,2.9479642327576983,3325.475716564789,2.989132242476835,3329.379732846502,2.9383857344048137
43,3381.5790587953834,2.852158601613346,3278.1445928457506,2.82309684873491,3366.729565481054,2.8573760726826594,3294.9697305455347,2.9149569610190174,3325.475716564789,2.9112470149286915,3329.379732846502,2.8717670997957248
44,3381.5790587953834,2.9135232322493887,3278.1445928457506,2.7967785431189154,3366.729565481054,2.8820072065036197,3294.9697305455347,2.8921473289833908,3325.475716564789,2.8632391118379825,3329.379732846502,2.8695390845386592
45,3381.5790587953834,2.852019768897138,3278.1445928457506,2.9528643070833165,3366.729565481054,2.905811602212794,3294.9697305455347,2.9405900386310244,3325.475716564789,2.9078392903639028,3329.379732846502,2.9118250014376352
46,3381.5790587953834,2.8415707977853657,3278.1445928457506,2.940683206643785,3366.729565481054,2.9018515353818572,3294.9697305455347,2.9457411868181698,3325.475716564789,2.934670615493445,3329.379732846502,2.9129034684245245
47,3381.5790587953834,2.8401540806930896,3278.1445928457506,2.887088995881909,3366.729565481054,2.875769616789528,3294.9697305455347,2.938044001951644,3325.475716564789,2.9096530382522365,3329.379732846502,2.890141946713681
48,3381.5790587953834,2.924421344963556,3278.1445928457506,2.7927558248668363,3366.729565481054,2.8096506877414953,3294.9697305455347,3.0278275543234807,3325.475716564789,2.962111958913978,3329.379732846502,2.903353474161869
49,3381.5790587953834,2.8731485103238463,3278.1445928457506,2.728626507133335,3366.729565481054,2.8322640415840312,3294.9697305455347,2.959035483517859,3325.475716564789,2.839193920147615,3329.379732846502,2.8464536925413375
50,3381.5790587953834,2.9466982621717426,3278.1445928457506,2.8105465483557683,3366.729565481054,2.817681374484682,3294.9697305455347,2.950316073397219,3325.475716564789,2.9126063656360794,3329.379732846502,2.887569724809098
51,3381.5790587953834,2.955535655526895,3278.1445928457506,2.8549767633074974,3366.729565481054,2.8234127687079056,3294.9697305455347,2.929255713587306,3325.475716564789,2.814944642005351,3329.379732846502,2.875625108626991
52,3381.5790587953834,2.8405422006989003,3278.1445928457506,2.87116518869589,3366.729565481054,2.867545101268152,3294.9697305455347,2.9163539063297512,3325.475716564789,2.8403473079040085,3329.379732846502,2.8671907409793405
53,3381.5790587953834,3.0244221931569473,3278.1445928457506,2.829690114842559,3366.729565481054,2.971193303691356,3294.9697305455347,2.921528708804463,3325.475716564789,2.894215405399214,3329.379732846502,2.9282099451789074
54,3381.5790587953834,2.864640566595559,3278.1445928457506,2.840713820539761,3366.729565481054,2.9074971928580706,3294.9697305455347,2.8333395635609926,3325.475716564789,2.8108968180566807,3329.379732846502,2.8514175923222127
55,3381.5790587953834,3.1335645069052758,3278.1445928457506,2.9014275617228984,3366.729565481054,2.8803397137685467,3294.9697305455347,2.8963404576447345,3325.475716564789,2.892880867130242,3329.379732846502,2.9409106214343397
56,3381.5790587953834,2.8591332934983966,3278.1445928457506,2.7843552206205127,3366.729565481054,2.8594788189988636,3294.9697305455347,2.816017361731095,3325.475716564789,2.8967239710078716,3329.379732846502,2.8431417331713478
57,3381.5790587953834,2.914902119381988,3278.1445928457506,2.798029292984661,3366.729565481054,2.929754325509655,3294.9697305455347,2.963802933573402,3325.475716564789,2.8277179124190086,3329.379732846502,2.886841316773743
58,3381.5790587953834,2.9474704008882413,3278.1445928457506,2.804009748112871,3366.729565481054,2.9444148714232026,3294.9697305455347,2.842260315551462,3325.475716564789,2.872001988610178,3329.379732846502,2.882031464917191
59,3381.5790587953834,2.8755887604297814,3278.1445928457506,2.930246936559344,3366.729565481054,2.8538469759900815,3294.9697305455347,2.869336970113963,3325.475716564789,2.784575465633584,3329.379732846502,2.862719021745351
60,3381.5790587953834,2.845523966234196,3278.1445928457506,2.926701844660195,3366.729565481054,3.0727060004543487,3294.9697305455347,2.857268870047722,3325.475716564789,2.93616356712114,3329.379732846502,2.9276728497035203
61,3381.5790587953834,2.9135468279880765,3278.1445928457506,2.923796850374471,3366.729565481054,2.857778361602135,3294.9697305455347,2.969122346428351,3325.475716564789,2.8072602680770555,3329.379732846502,2.8943009308940177
62,3381.5790587953834,2.9019366081641444,3278.1445928457506,2.875391657604877,3338.205473883332,2.848518932670395,3294.9697305455347,2.9616609861810637,3325.475716564789,2.9047187310611444,3323.674914526958,2.898445383136325
63,3381.5790587953834,2.8917950249228914,3278.1445928457506,2.9494332545169573,3338.205473883332,2.8669078915706185,3294.9697305455347,3.0102203526961877,3325.475716564789,2.742166086043005,3323.674914526958,2.8921045219499315
64,3381.5790587953834,2.8766837144929993,3278.1445928457506,2.8518521926081357,3338.205473883332,2.8771556159733693,3294.9697305455347,2.9212855801188806,3325.475716564789,2.8811944832575627,3323.674914526958,2.8816343172901897
65,3381.5790587953834,3.0155117898673267,3278.1445928457506,2.862244852967267,3338.205473883332,2.8951257165346576,3294.9697305455347,2.9610176924649187,3325.475716564789,2.958333771143807,3323.674914526958,2.9384467645955956
66,3381.5790587953834,2.9566194177243013,3278.1445928457506,2.8693753024208295,3338.205473883332,2.9299914688240647,3294.9697305455347,2.981713520601393,3325.475716564789,2.877585794990421,3323.674914526958,2.9230571009122017
67,3381.5790587953834,3.036790963573974,3278.1445928457506,2.883082816310153,3338.205473883332,2.9334331277573007,3294.9697305455347,2.885739745676926,3325.475716564789,2.7815483784019746,3323.674914526958,2.904119006344066
68,3381.5790587953834,2.8537390827207236,3278.1445928457506,2.881705729510432,3338.205473883332,2.9624670675334017,3294.9697305455347,2.9287379957773956,3325.475716564789,2.8426560824740377,3323.674914526958,2.8938611916031984
69,3381.5790587953834,2.907807911166507,3278.1445928457506,2.8681682462207534,3338.205473883332,2.9677694535672847,3294.9697305455347,2.948262754953159,3325.475716564789,2.903834605968068,3323.674914526958,2.9191685943751544
70,3381.5790587953834,2.8768730636926567,3278.1445928457506,2.898682308789682,3338.205473883332,2.9151507783884676,3294.9697305455347,2.9694041703096605,3302.6318604053918,2.8520558551068937,3319.1061432950787,2.902433235257472
71,3381.5790587953834,2.838814284312705,3278.1445928457506,2.8314007078594696,3338.205473883332,2.9148284012577315,3294.9697305455347,2.9096356937728807,3302.6318604053918,2.847586002775677,3319.1061432950787,2.868453017995693
72,3381.5790587953834,2.894098699525499,3278.1445928457506,2.917529529680902,3338.205473883332,2.913659694429545,3294.9697305455347,2.901808447354323,3302.6318604053918,2.8693751086870734,3319.1061432950787,2.8992942959354684
73,3381.5790587953834,2.8543520122954087,3278.1445928457506,2.909888270460864,3338.205473883332,2.8862932599058326,3294.9697305455347,2.8570424658892493,3285.6252249277145,2.9026588303942926,3315.704816199543,2.882046967789129
74,3381.5790587953834,2.8965331981758378,3278.1445928457506,2.8434113497970848,3338.205473883332,2.9200737875448897,3294.9697305455347,2.849649490981893,3285.6252249277145,2.9076470430387387,3315.704816199543,2.883462973907689
75,3381.5790587953834,2.9536618989264234,3278.1445928457506,2.944689224672674,3338.205473883332,2.9738304530644126,3294.9697305455347,2.886243962198378,3285.6252249277145,2.9242733020954637,3315.704816199543,2.9365397681914702
76,3381.5790587953834,2.862188241070141,3278.1445928457506,2.9680413456516535,3338.205473883332,2.885794072062405,3294.9697305455347,2.840028264113702,3285.6252249277145,2.916315087896785,3315.704816199543,2.894473402158937
77,3381.5790587953834,2.926883656340794,3278.1445928457506,2.877739748616551,3338.205473883332,2.913074128411083,3294.9697305455347,2.7778649697787183,3285.6252249277145,2.874296748805358,3315.704816199543,2.873971850390501
78,3381.5790587953834,2.9142894167912967,3278.1445928457506,2.858339285521957,3338.205473883332,2.7595073371418217,3294.9697305455347,2.905951736270366,3285.6252249277145,2.8858694220085472,3315.704816199543,2.8647914395467975
79,3381.5790587953834,2.881730309314351,3278.1445928457506,2.8902924299930457,3338.205473883332,2.907463191450937,3294.9697305455347,2.852989811439625,3285.6252249277145,2.84482286638079,3315.704816199543,2.87545972171575
80,3381.5790587953834,2.880378269529715,3278.1445928457506,2.844063815485996,3338.205473883332,2.9150030077187243,3294.9697305455347,3.0296105717978223,3285.6252249277145,2.896657137984413,3315.704816199543,2.913142560503334
81,3381.5790587953834,2.9267037607926185,3278.1445928457506,2.9782376670511335,3338.205473883332,2.8519359935735693,3294.9697305455347,2.8908020142634974,3285.6252249277145,2.8988551147252806,3315.704816199543,2.90930691008122
82,3381.5790587953834,2.9842865499964812,3278.1445928457506,2.8766210161192127,3338.205473883332,2.8610631619756206,3294.9697305455347,2.8781213686060485,3285.6252249277145,2.83167465388498,3315.704816199543,2.8863533501164684
83,3381.5790587953834,2.933100067761655,3278.1445928457506,2.8579269584728864,3338.205473883332,2.8061042587450324,3294.9697305455347,2.875064851898845,3285.6252249277145,2.91078837883937,3315.704816199543,2.8765969031435574
84,3381.5790587953834,2.9570503822595025,3278.1445928457506,2.887464153926725,3338.205473883332,2.9244600980486455,3294.9697305455347,2.8609866494254534,3285.6252249277145,2.8934049850127344,3315.704816199543,2.904673253734612
85,3381.5790587953834,2.8797133748144765,3278.1445928457506,2.890701322635292,3338.205473883332,2.958981398354894,3294.9697305455347,2.922858260543238,3285.6252249277145,2.883741113075314,3315.704816199543,2.9071990938846426
86,3381.5790587953834,2.863784062923334,3278.1445928457506,2.8958675895686157,3338.205473883332,2.7921208681484027,3294.9697305455347,2.910341876354533,3285.6252249277145,2.8380347729508713,3315.704816199543,2.8600298339891514
87,3381.5790587953834,2.840518227260498,3278.1445928457506,2.8159517468106774,3338.205473883332,2.794844224236811,3294.9697305455347,2.9475486544456544,3285.6252249277145,2.744724362572888,3315.704816199543,2.828717443065306
88,3381.5790587953834,2.8735658422103256,3278.1445928457506,2.837247174659996,3338.205473883332,2.9027755057389175,3294.9697305455347,2.9682163074229626,3285.6252249277145,2.8138055394397568,3315.704816199543,2.8791220738943917
89,3381.5790587953834,2.8282479165039613,3278.1445928457506,2.896631233936984,3338.205473883332,2.792520760884659,3294.9697305455347,2.9682367972858748,3285.6252249277145,2.8307215465700337,3315.704816199543,2.8632716510363028
90,3381.5790587953834,2.8212750029149736,3278.1445928457506,2.940250433869978,3338.205473883332,2.848397085124356,3294.9697305455347,3.0622597717064752,3285.6252249277145,2.8386111365494613,3315.704816199543,2.902158686033049
91,3381.5790587953834,2.9150087270836753,3278.1445928457506,2.935054881665131,3338.205473883332,2.836180179068146,3294.9697305455347,2.990777587278697,3285.6252249277145,2.784422715691005,3315.704816199543,2.8922888181573305
92,3381.5790587953834,2.848933692380201,3278.1445928457506,2.912046762720593,3338.205473883332,2.8978485686179156,3294.9697305455347,2.9025880502536863,3285.6252249277145,2.90697374193814,3315.704816199543,2.8936781631821074
93,3381.5790587953834,2.937823520069825,3278.1445928457506,2.9599771194603233,3338.205473883332,2.818636487603603,3294.9697305455347,2.975640337300808,3285.6252249277145,2.892660821977817,3315.704816199543,2.916947657282475
94,3381.5790587953834,2.919177929683207,3278.1445928457506,2.8914445803170015,3338.205473883332,2.8511139405292747,3294.9697305455347,3.1457581622539563,3285.6252249277145,2.852150791388611,3315.704816199543,2.9319290808344105
95,3381.5790587953834,2.899391128588923,3278.1445928457506,2.947338326128,3338.205473883332,2.935530511267842,3294.9697305455347,2.8776507017410853,3285.6252249277145,2.942732187732908,3315.704816199543,2.9205285710917517
96,3381.5790587953834,2.9540134147344204,3278.1445928457506,2.974078931888869,3338.205473883332,2.8999711338198337,3294.9697305455347,2.802336817001298,3285.6252249277145,2.867490873061269,3315.704816199543,2.899578234101138
97,3381.5790587953834,2.9792440214698055,3278.1445928457506,2.9260763110338748,3338.205473883332,2.8729224492347707,3294.9697305455347,2.9443397446962885,3285.6252249277145,2.918009126759793,3315.704816199543,2.9281183306389065
98,3381.5790587953834,2.9169051612427275,3278.1445928457506,2.890798308710552,3338.205473883332,2.9120460073575307,3294.9697305455347,2.8467640130572485,3285.6252249277145,2.8652284455040524,3315.704816199543,2.886348387174422
99,3381.5790587953834,2.9680270567341447,3278.1445928457506,2.9685826752809135,3338.205473883332,2.9628435303650384,3294.9697305455347,2.8959051951340222,3285.6252249277145,2.8481527446839348,3315.704816199543,2.9287022404396104
100,3381.5790587953834,2.875436464097673,3278.1445928457506,2.96079391492958,3338.205473883332,2.914131671399717,3294.9697305455347,2.904114943107477,3285.6252249277145,2.865820742803331,3315.704816199543,2.9040595472675554
101,3381.5790587953834,2.8972685697669314,3278.1445928457506,2.8784534828991624,3338.205473883332,3.0091233832630384,3294.9697305455347,2.9523930915221968,3285.6252249277145,2.9026833382200463,3315.704816199543,2.927984373134275
102,3381.5790587953834,2.871015248801859,3278.1445928457506,2.778828141844727,3338.205473883332,3.052204757830699,3294.9697305455347,2.9032993634589923,3285.6252249277145,2.8457404295899242,3315.704816199543,2.89021758830524
103,3381.5790587953834,2.84109054165723,3278.1445928457506,2.8596205762510176,3338.205473883332,3.0498165538505964,3294.9697305455347,2.8781733854014995,3285.6252249277145,2.8994745410866885,3315.704816199543,2.905635119649406
104,3377.2657701891158,2.892278243804232,3278.1445928457506,2.821682308679156,3338.205473883332,3.0663843436814493,3294.9697305455347,2.797354202127116,3285.6252249277145,2.9632313436818767,3314.842158478289,2.908186088394766
105,3377.2657701891158,2.82528194834231,3278.1445928457506,2.799087887935372,3338.205473883332,2.981184524217106,3294.9697305455347,2.8431029990995746,3285.6252249277145,2.976423104880918,3314.842158478289,2.8850160928950563
106,3377.2657701891158,2.834548948304668,3278.1445928457506,2.8103138392460063,3274.121235202355,2.867342783517961,3294.9697305455347,2.7982946100637394,3285.6252249277145,2.9177037576921974,3302.025310742094,2.845640787764915
107,3377.2657701891158,2.9311225034135266,3278.1445928457506,2.7992350672848025,3274.121235202355,2.9170573124566066,3294.9697305455347,2.8714434476504858,3285.6252249277145,2.9140655482659406,3302.025310742094,2.8865847758142724
108,3377.2657701891158,2.8765364855986,3278.1445928457506,2.782136421414332,3274.121235202355,2.9682867919724463,3294.9697305455347,2.788720849948304,3285.6252249277145,2.922449155109081,3302.025310742094,2.8676259408085523
109,3348.833790907876,2.921283243832366,3278.1445928457506,2.7609377714204815,3274.121235202355,2.896702578057921,3294.9697305455347,2.954753101824052,3285.6252249277145,2.827097887061849,3296.3389148858455,2.872154916439334
110,3348.833790907876,2.8996402602647406,3278.1445928457506,2.8488932778754026,3274.121235202355,2.9376026466096317,3294.9697305455347,3.2061499022295306,3285.6252249277145,2.9735764287041477,3296.3389148858455,2.9731725031366905
111,3348.833790907876,2.927451869831918,3278.1445928457506,2.7554588300046197,3274.121235202355,2.8558262932880862,3294.9697305455347,2.9323503318470383,3285.6252249277145,3.1734572052199113,3296.3389148858455,2.928908906038315
112,3348.833790907876,2.9693244816278885,3278.1445928457506,2.82190453129456,3251.7718550485197,2.9357236920666305,3294.9697305455347,3.040974296444766,3285.6252249277145,2.91988186763856,3291.8690388550785,2.937561773814481
113,3348.833790907876,2.987447955942573,3278.1445928457506,2.893413149434636,3172.4084698932716,2.904743205842736,3294.9697305455347,2.9690752659721875,3285.6252249277145,2.8687140160450553,3275.9963618240295,2.9246787186474377
114,3348.833790907876,2.992503330776877,3278.1445928457506,2.8841405470676116,3172.4084698932716,2.9197437516753366,3294.9697305455347,2.890474627485314,3285.6252249277145,2.7982463686941674,3275.9963618240295,2.897021725139861
115,3273.525286037528,2.9275395435615676,3278.1445928457506,2.8465801250121405,3172.4084698932716,3.020607291970173,3294.9697305455347,2.8629715297485028,3285.6252249277145,2.8758740389660904,3260.93466084996,2.9067145058516948
116,3273.525286037528,2.984097544782603,3278.1445928457506,2.887766704683028,3172.4084698932716,2.9915894196441455,3294.9697305455347,2.823103735845235,3285.6252249277145,2.8711386473523564,3260.93466084996,2.911539210461474
117,3273.525286037528,2.9547981965491283,3278.1445928457506,2.843522612350241,3172.4084698932716,3.0671487105999655,3294.9697305455347,2.837036614563893,3285.6252249277145,2.959861376043023,3260.93466084996,2.9324735020212502
118,3273.525286037528,2.905751039957535,3278.1445928457506,2.913388374680221,3172.4084698932716,3.048073410078201,3294.9697305455347,2.892022713533318,3285.6252249277145,2.978613747481486,3260.93466084996,2.947569857146152
119,3273.525286037528,2.9516412226844952,3278.1445928457506,2.8251004589625914,3172.4084698932716,3.076358217504741,3294.9697305455347,2.94509070780814,3285.6252249277145,2.9518765088143666,3260.93466084996,2.950013423154867
120,3273.525286037528,2.9102377877895136,3278.1445928457506,2.8571363281024635,3172.4084698932716,2.9727529827436054,3294.9697305455347,2.9804325846717634,3285.6252249277145,2.8301275419592917,3260.93466084996,2.9101374450533277
121,3273.525286037528,2.891691087187939,3278.1445928457506,2.909327693877491,3172.4084698932716,2.9608554065204378,3294.9697305455347,2.9239245885084233,3285.6252249277145,2.889789330646972,3260.93466084996,2.9151176213482524
122,3273.525286037528,2.968048669770372,3278.1445928457506,2.9839738524009194,3172.4084698932716,3.035327588431483,3294.9697305455347,2.8291321889227365,3285.6252249277145,2.9122406312402047,3260.93466084996,2.9457445861531433
123,3273.525286037528,3.012232284010646,3278.1445928457506,2.9407073311285723,3172.4084698932716,2.769764033277975,3294.9697305455347,2.7640607808763678,3285.6252249277145,2.8596619763549636,3260.93466084996,2.869285281129705
124,3273.525286037528,2.9321948324488933,3278.1445928457506,2.8564970868387705,3172.4084698932716,2.8867604946679224,3294.9697305455347,2.8992593090690617,3285.6252249277145,2.836367764124634,3260.93466084996,2.8822158974298566
125,3273.525286037528,2.9510897821206368,3278.1445928457506,2.936193610351325,3172.4084698932716,2.9072450567028723,3294.9697305455347,2.8259562274067167,3285.6252249277145,2.9357031953539314,3260.93466084996,2.9112375743870964
126,3273.525286037528,2.960759588728539,3278.1445928457506,2.8950639240973515,3172.4084698932716,2.9635989852534887,3294.9697305455347,2.90290631843462,3285.6252249277145,2.909878746052388,3260.93466084996,2.9264415125132777
127,3273.525286037528,2.8532120338259697,3278.1445928457506,2.8366354871426247,3172.4084698932716,2.96205732576616,3294.9697305455347,2.8795608397233794,3285.6252249277145,2.922032906767661,3260.93466084996,2.890699718645159
128,3273.525286037528,2.8085852807089977,3278.1445928457506,2.863542837841806,3172.4084698932716,3.032178803227006,3294.9697305455347,2.9771456359006025,3285.6252249277145,2.8937400811691245,3260.93466084996,2.9150385277695072
129,3273.525286037528,2.878148995510052,3278.1445928457506,2.9257715073288204,3172.4084698932716,2.8846544559809084,3294.9697305455347,3.005662856174419,3285.6252249277145,2.960360676740209,3260.93466084996,2.930919698346882
130,3273.525286037528,2.8168544110877813,3278.1445928457506,2.78090593935205,3172.4084698932716,2.9215227319546533,3294.9697305455347,2.943911924476114,3285.6252249277145,2.8971132968972952,3260.93466084996,2.8720616607535785
131,3273.525286037528,2.8737351854251676,3278.1445928457506,2.8980084761097737,3172.4084698932716,2.907333316475701,3294.9697305455347,3.003577919173509,3285.6252249277145,2.937294319615688,3260.93466084996,2.923989843359968
132,3273.525286037528,2.896260005426249,3278.1445928457506,2.904530594183606,3172.4084698932716,2.920405185770136,3294.9697305455347,2.984162295265399,3285.6252249277145,2.9433456191404823,3260.93466084996,2.9297407399571744
133,3273.525286037528,2.875424094080806,3278.1445928457506,3.049699818396883,3172.4084698932716,2.9150372313259405,3294.9697305455347,2.933213403987416,3285.6252249277145,2.8909270623557584,3260.93466084996,2.9328603220293608
134,3273.525286037528,2.786862955235623,3278.1445928457506,2.989556403341423,3172.4084698932716,2.9048158739021153,3294.9697305455347,2.894613855418481,3285.6252249277145,2.8924500497196437,3260.93466084996,2.893659827523457
135,3273.525286037528,2.8109547420380316,3278.1445928457506,2.8657236650273377,3172.4084698932716,2.813912119316186,3294.9697305455347,2.8026502996794016,3285.6252249277145,2.946034469441516,3260.93466084996,2.8478550591004943
136,3273.525286037528,2.7458396226882456,3278.1445928457506,2.8974950875569023,3172.4084698932716,2.8903708161171053,3294.9697305455347,2.843122574402098,3285.6252249277145,2.9641148240863044,3260.93466084996,2.868188584970131
137,3273.525286037528,2.854542623747881,3278.1445928457506,2.8854297014627646,3172.4084698932716,2.809982298183076,3294.9697305455347,2.915926854407943,3285.6252249277145,2.9460618101579925,3260.93466084996,2.8823886575919313
138,3273.525286037528,3.0849418974148315,3278.1445928457506,2.937745738950134,3172.4084698932716,2.846210918093315,3294.9697305455347,2.951147094116867,3285.6252249277145,2.90463900398514,3260.93466084996,2.9449369305120574
139,3273.525286037528,2.8728840250562757,3278.1445928457506,2.9876634263054993,3172.4084698932716,2.886130755310787,3294.9697305455347,2.904630006511838,3285.6252249277145,2.8970867607597897,3260.93466084996,2.909678994788838
140,3273.525286037528,2.897649467870069,3278.1445928457506,2.9938691096581316,3172.4084698932716,2.940234049825585,3294.9697305455347,2.9129896081106628,3285.6252249277145,2.8669397041607034,3260.93466084996,2.922336387925031
141,3273.525286037528,2.8694895851716375,3278.1445928457506,3.0586487664335547,3172.4084698932716,2.9298111641542914,3294.9697305455347,2.9342229529089368,3285.6252249277145,2.8659123107559457,3260.93466084996,2.9316169558848726
142,3273.525286037528,2.9637357183134876,3278.1445928457506,2.9411047716461245,3172.4084698932716,2.9039053195160918,3294.9697305455347,2.868110716824457,3285.6252249277145,2.8892313000947425,3260.93466084996,2.913217565278981
143,3273.525286037528,2.845558211226613,3278.1445928457506,3.0027730923091,3172.4084698932716,2.8695624201278753,3294.9697305455347,2.836994149540518,3285.6252249277145,2.8623440530275412,3260.93466084996,2.8834463852463292
144,3273.525286037528,2.9126788333374924,3278.1445928457506,3.003713867810281,3172.4084698932716,2.9187794597610446,3294.9697305455347,2.899479294859555,3285.6252249277145,2.8925897958283286,3260.93466084996,2.92544825031934
145,3273.525286037528,2.935251434118501,3278.1445928457506,2.9785031540713476,3172.4084698932716,2.870574367778071,3294.9697305455347,2.8813852773553155,3285.6252249277145,2.871389147415894,3260.93466084996,2.907420676147826
146,3273.525286037528,2.9781834089795263,3278.1445928457506,2.8771976219069177,3172.4084698932716,2.8785763411736327,3294.9697305455347,2.955044934685544,3285.6252249277145,2.8590602952848383,3260.93466084996,2.9096125204060916
147,3273.525286037528,2.883561214668602,3278.1445928457506,2.94052835643453,3172.4084698932716,2.847283579128444,3294.9697305455347,3.0284106557145423,3285.6252249277145,2.883300397881974,3260.93466084996,2.916616840765619
148,3273.525286037528,2.8742509888415513,3278.1445928457506,2.9446765201195215,3172.4084698932716,2.7351754119278144,3294.9697305455347,2.9234817955350243,3285.6252249277145,2.8598652139668737,3260.93466084996,2.8674899860781573
149,3273.525286037528,2.8202662724956604,3278.1445928457506,3.015759663795025,3172.4084698932716,2.8623079584966034,3294.9697305455347,2.9615478855890793,3285.6252249277145,2.8707269597876026,3260.93466084996,2.906121748032794
150,3273.525286037528,2.88085033064101,3278.1445928457506,3.007155158959138,3172.4084698932716,2.858108089326713,3294.9697305455347,2.913011266421782,3285.6252249277145,2.8893559679922642,3260.93466084996,2.909696162668181
151,3273.525286037528,2.8006815855167186,3278.1445928457506,2.9555470682565,3172.4084698932716,2.7875998696990036,3294.9697305455347,2.8363207294568733,3285.6252249277145,2.844648630529825,3260.93466084996,2.844959576691784
152,3273.525286037528,2.8851725099683896,3278.1445928457506,2.9706952536376816,3172.4084698932716,2.9090028137199693,3294.9697305455347,2.89720484561827,3285.6252249277145,2.7591537547611176,3260.93466084996,2.884245835541085
153,3273.525286037528,2.88867267625121,3278.1445928457506,2.953331976364946,3172.4084698932716,2.856341639585901,3294.9697305455347,2.9614582588243508,3285.6252249277145,2.790314611290782,3260.93466084996,2.890023832463438
154,3273.525286037528,2.9313483631367503,3278.1445928457506,2.9210252244812076,3172.4084698932716,2.8428086551179574,3294.9697305455347,2.9518741466914573,3285.6252249277145,2.849372401017514,3260.93466084996,2.8992857580889777
155,3273.525286037528,2.9023092910772696,3278.1445928457506,2.998056822683133,3172.4084698932716,2.900211872376703,3294.9697305455347,2.9463153722625393,3285.6252249277145,2.8622622944631013,3260.93466084996,2.9218311305725493
156,3273.525286037528,2.8772073333706425,3278.1445928457506,3.040823634099623,3172.4084698932716,2.8784128222044427,3294.9697305455347,2.83670431011624,3285.6252249277145,2.7744290657539024,3260.93466084996,2.8815154331089703
157,3273.525286037528,2.7756796897604485,3278.1445928457506,3.0493300819791354,3172.4084698932716,2.9817254146171406,3294.9697305455347,2.8713058245401593,3285.6252249277145,2.7909613725937,3260.93466084996,2.8938004766981167
158,3273.525286037528,2.876577959815918,3278.1445928457506,3.1112774678907082,3172.4084698932716,3.0530601051349606,3294.9697305455347,2.833677111508515,3285.6252249277145,2.841658184371425,3260.93466084996,2.9432501657443053
159,3273.525286037528,2.78156176068207,3278.1445928457506,3.0316172169792677,3172.4084698932716,3.0480653398627915,3294.9697305455347,2.9361370645813345,3285.6252249277145,2.7761740422555112,3260.93466084996,2.914711084872195
160,3273.525286037528,2.9055849739068025,3278.1445928457506,3.0471524512550716,3172.4084698932716,3.0051345632958095,3294.9697305455347,2.920294603377503,3285.6252249277145,2.733499650420505,3260.93466084996,2.9223332484511384
161,3273.525286037528,2.9581838227062804,3278.1445928457506,2.876675827252188,3172.4084698932716,3.113938561912249,3294.9697305455347,2.8906044536614806,3285.6252249277145,2.8242149520935684,3260.93466084996,2.932723523525153
162,3273.525286037528,2.8790338952681735,3278.1445928457506,2.895762125088002,3172.4084698932716,2.983771947063113,3294.9697305455347,2.933615956111531,3285.6252249277145,2.8295914845931374,3260.93466084996,2.9043550816247916
163,3273.525286037528,2.8833331755137075,3278.1445928457506,2.9232520756947182,3172.4084698932716,2.976034453046497,3294.9697305455347,2.9243392513668005,3285.6252249277145,2.849426565881443,3260.93466084996,2.911277104300633
164,3273.525286037528,2.884606107213891,3278.1445928457506,2.9277790172510323,3172.4084698932716,2.9316068235443695,3294.9697305455347,2.8967813581665776,3285.6252249277145,2.8185455077150436,3260.93466084996,2.8918637627781827
165,3273.525286037528,2.7930731594320486,3278.1445928457506,2.922066029118407,3172.4084698932716,2.9967878009186686,3294.9697305455347,2.9881040738212303,3285.6252249277145,2.854433382680902,3260.93466084996,2.910892889194251
166,3273.525286037528,2.8656006875934623,3278.1445928457506,2.9776960059094875,3172.4084698932716,2.96610515206956,3294.9697305455347,2.8476720739067085,3285.6252249277145,2.8840509733644444,3260.93466084996,2.9082249785687324
167,3273.525286037528,2.8686217269836667,3278.1445928457506,2.974099564886412,3172.4084698932716,2.9802716502234294,3294.9697305455347,2.793523706382172,3285.6252249277145,2.866397664538046,3260.93466084996,2.8965828626027452
168,3273.525286037528,2.850890638929683,3278.1445928457506,2.9416881302723867,3172.4084698932716,2.874264826888085,3294.9697305455347,2.769745483238369,3285.6252249277145,2.8734265683995726,3260.93466084996,2.862003129545619
169,3273.525286037528,2.88020577215019,3278.1445928457506,2.9910303999155805,3172.4084698932716,2.8459223207969675,3294.9697305455347,2.772978911451959,3285.6252249277145,2.7582226131269088,3260.93466084996,2.8496720034883216
170,3273.525286037528,2.892217438269047,3278.1445928457506,3.0074926799387782,3172.4084698932716,2.917316662949855,3294.9697305455347,2.9026901323811423,3285.6252249277145,2.8434866795279246,3260.93466084996,2.912640718613349
171,3273.525286037528,3.0135639893317347,3278.1445928457506,2.9674218695089185,3172.4084698932716,2.9169683646086897,3294.9697305455347,2.8642108386036558,3285.6252249277145,2.903636337166529,3260.93466084996,2.933160279843906
172,3273.525286037528,2.8836049363759844,3278.1445928457506,2.9922429783335933,3172.4084698932716,2.8880919423783658,3294.9697305455347,2.8722678635822554,3285.6252249277145,2.929274054859768,3260.93466084996,2.9130963551059934
173,3273.525286037528,2.931831157190889,3278.1445928457506,2.9900998779234382,3172.4084698932716,2.956800234763209,3294.9697305455347,2.850167699513915,3285.6252249277145,2.9322612850980625,3260.93466084996,2.9322320508979027
174,3273.525286037528,2.873416825700541,3278.1445928457506,3.188730683384421,3172.4084698932716,2.9373602820995277,3294.9697305455347,2.7403385771466278,3285.6252249277145,2.8414487188186515,3260.93466084996,2.9162590174299536
175,3273.525286037528,2.8632157469439865,3278.1445928457506,2.916713963821539,3172.4084698932716,3.0530640401533264,3294.9697305455347,2.8052904086900985,3285.6252249277145,2.7781231612270427,3260.93466084996,2.8832814641671987
176,3273.525286037528,2.8315462859745377,3278.1445928457506,2.933930217890267,3172.4084698932716,3.0874178068445377,3294.9697305455347,2.8623501497686985,3285.6252249277145,2.719863864747243,3260.93466084996,2.8870216650450566
177,3273.525286037528,2.908066771898445,3278.1445928457506,2.875348120326364,3172.4084698932716,2.969434599798793,3294.9697305455347,2.8276156616794768,3285.6252249277145,2.734015753124605,3260.93466084996,2.862896181365537
178,3273.525286037528,2.9589732657563856,3278.1445928457506,2.861627187119728,3172.4084698932716,2.8902776943107735,3294.9697305455347,2.791206947131362,3285.6252249277145,2.7596155537241343,3260.93466084996,2.852340129608477
179,3273.525286037528,2.949195821061976,3278.1445928457506,2.960488743428682,3172.4084698932716,2.988169769227815,3294.9697305455347,2.8254607878523057,3285.6252249277145,2.797404745096197,3260.93466084996,2.904143973333395
180,3273.525286037528,2.9465272474114217,3278.1445928457506,2.905488357620675,3172.4084698932716,2.9758856574092882,3294.9697305455347,2.877457567842138,3285.6252249277145,2.8236709196827725,3260.93466084996,2.905805949993259
181,3267.001334811129,3.0242126110413747,3278.1445928457506,2.840836161918923,3172.4084698932716,2.9124970165260566,3294.9697305455347,2.8770060819101535,3285.6252249277145,2.807516962193087,3259.6298706046805,2.8924137667179193
182,3267.001334811129,2.9787256169079774,3278.1445928457506,2.887475317452198,3172.4084698932716,2.8875936636811477,3294.9697305455347,2.7989038292913593,3285.6252249277145,2.755747145702462,3259.6298706046805,2.861689114607029
183,3267.001334811129,2.95830205096508,3278.1445928457506,2.8187404589544056,3172.4084698932716,2.925326862116812,3294.9697305455347,2.8078914713439973,3285.6252249277145,2.793431674387176,3259.6298706046805,2.860738503553494
184,3267.001334811129,3.0086340020167106,3278.1445928457506,2.796256611278483,3172.4084698932716,2.9738856990981395,3294.9697305455347,2.7743808430650847,3285.6252249277145,2.9551024326404445,3259.6298706046805,2.9016519176197724
185,3267.001334811129,2.97125249656819,3278.1445928457506,2.746316339373632,3172.4084698932716,2.9792206782893107,3294.9697305455347,2.8563558966672367,3285.6252249277145,2.884492968612377,3259.6298706046805,2.8875276759021498
186,3267.001334811129,2.936688558974348,3278.1445928457506,2.839080736836587,3172.4084698932716,3.0922327607448814,3294.9697305455347,2.8355699411841466,3285.6252249277145,2.8667501567536195,3259.6298706046805,2.9140644308987165
187,3267.001334811129,2.93423197663003,3278.1445928457506,2.8077342098862355,3172.4084698932716,2.99050377313176,3294.9697305455347,2.8058564478751826,3285.6252249277145,2.7605016573061216,3259.6298706046805,2.859765612965866
188,3267.001334811129,2.9342052482897976,3278.1445928457506,2.743426787059833,3172.4084698932716,2.9914530709445906,3294.9697305455347,2.899987585742081,3285.6252249277145,2.9497205356790213,3259.6298706046805,2.903758645543064
189,3267.001334811129,2.958127966080044,3278.1445928457506,2.8736958803859713,3172.4084698932716,2.975619485575266,3294.9697305455347,2.869990001540959,3285.6252249277145,2.80526827757066,3259.6298706046805,2.89654032223058
190,3267.001334811129,2.831102684610326,3278.1445928457506,2.9340377486617957,3172.4084698932716,2.970845416123545,3294.9697305455347,2.885085771071348,3285.6252249277145,2.893281883372594,3259.6298706046805,2.902870700767922
191,3267.001334811129,2.934416131041618,3278.1445928457506,2.9416704851954587,3172.4084698932716,2.8990175777721507,3294.9697305455347,2.9858089809856736,3285.6252249277145,2.929935450585143,3259.6298706046805,2.938169725116009
192,3267.001334811129,2.9303612935720142,3278.1445928457506,2.9188105533420052,3172.4084698932716,2.9467181859492344,3294.9697305455347,2.8419270299871773,3285.6252249277145,2.963225999307926,3259.6298706046805,2.9202086124316717
193,3267.001334811129,2.8722084295588464,3278.1445928457506,3.0100917767319735,3172.4084698932716,2.9040618779165923,3294.9697305455347,2.740933991592956,3285.6252249277145,2.841054200978557,3259.6298706046805,2.8736700553557846
194,3267.001334811129,2.967653430585407,3278.1445928457506,3.0584811892648878,3172.4084698932716,2.9110849573798068,3294.9697305455347,2.7745542393507825,3285.6252249277145,2.8560499487986157,3259.6298706046805,2.9135647530759
195,3267.001334811129,2.905090576274031,3278.1445928457506,2.8949733202968857,3172.4084698932716,2.954414382542248,3294.9697305455347,2.9020023509347546,3285.6252249277145,2.8596127953643937,3259.6298706046805,2.9032186850824626
196,3267.001334811129,2.8444975612175294,3278.1445928457506,2.8312357618014223,3172.4084698932716,2.971559798673013,3294.9697305455347,2.9738868616849237,3285.6252249277145,2.907990771845587,3259.6298706046805,2.9058341510444947
197,3267.001334811129,2.8519508219468497,3278.1445928457506,3.0234570006408164,3172.4084698932716,3.0441617609329263,3294.9697305455347,2.8937614456766134,3285.6252249277145,2.915436558194743,3259.6298706046805,2.9457535174783898
198,3267.001334811129,2.840624768898411,3278.1445928457506,2.990372533531245,3172.4084698932716,2.9997492586278347,3294.9697305455347,2.95572071324167,3285.6252249277145,2.815025716837188,3259.6298706046805,2.9202985982272702
199,3267.001334811129,2.9148381870512114,3278.1445928457506,3.0735803547731613,3172.4084698932716,2.9077185273039,3294.9697305455347,2.891183831807783,3285.6252249277145,2.8738824090998256,3259.6298706046805,2.9322406620071764
200,3267.001334811129,2.931462890821927,3278.1445928457506,3.0394814348455172,3172.4084698932716,2.956272282415204,3294.9697305455347,2.938789100861293,3285.6252249277145,2.8543029684444754,3259.6298706046805,2.9440617354776832
201,3267.001334811129,2.9280375683062236,3278.1445928457506,2.9720572752870287,3172.4084698932716,2.8725213855498746,3294.9697305455347,2.9649484704210116,3285.6252249277145,2.797809142075025,3259.6298706046805,2.9070747683278326
202,3267.001334811129,2.9113619684076397,3278.1445928457506,3.028740659040421,3172.4084698932716,2.939130951709596,3294.9697305455347,2.911021920266198,3285.6252249277145,2.8181299770706767,3259.6298706046805,2.921677095298906
203,3267.001334811129,2.937209555955207,3278.1445928457506,2.908817310151642,3172.4084698932716,3.0354747783308156,3294.9697305455347,3.0009404407154294,3285.6252249277145,2.8996803739057895,3259.6298706046805,2.956424491811777
204,3267.001334811129,2.9076850363220488,3278.1445928457506,3.013374950322348,3172.4084698932716,2.985978387256849,3294.9697305455347,2.8146419274673837,3285.6252249277145,2.9369552374190726,3259.6298706046805,2.93172710775754
205,3267.001334811129,2.883751512179975,3278.1445928457506,2.9325068787302704,3172.4084698932716,2.9050370497648066,3294.9697305455347,2.8317503703070175,3285.6252249277145,2.839957912883402,3259.6298706046805,2.8786007447730944
206,3267.001334811129,2.870406900563741,3278.1445928457506,2.897500478416019,3172.4084698932716,2.9312638052680677,3294.9697305455347,2.8173334267465693,3285.6252249277145,2.895773230452865,3259.6298706046805,2.882455568289452
207,3267.001334811129,2.8633805372019743,3278.1445928457506,2.8955778779003456,3172.4084698932716,2.9118395614321004,3294.9697305455347,2.849997721599423,3285.6252249277145,2.8418232377423465,3259.6298706046805,2.8725237871752376
208,3267.001334811129,2.8415388163972715,3278.1445928457506,2.8850512460768947,3172.4084698932716,2.933228863016267,3294.9697305455347,2.917493735412095,3285.6252249277145,2.772760970420708,3259.6298706046805,2.8700147262646474
209,3267.001334811129,2.9695701847365115,3278.1445928457506,2.8400701798361463,3172.4084698932716,3.0288285265770925,3294.9697305455347,2.8236404555891896,3285.6252249277145,2.7785562823590273,3259.6298706046805,2.8881331258195937
210,3267.001334811129,2.87206720908086,3278.1445928457506,2.8019106756435894,3172.4084698932716,2.9976411647891026,3294.9697305455347,2.7945577286171175,3285.6252249277145,2.8632297609547233,3259.6298706046805,2.865881307817079
211,3267.001334811129,2.937762943845266,3278.1445928457506,2.9059565088617294,3172.4084698932716,2.8807145707093356,3294.9697305455347,2.798935109496221,3285.6252249277145,2.8647666875828235,3259.6298706046805,2.877627164099075
212,3267.001334811129,2.9403841790601883,3278.1445928457506,2.8826864630453226,3172.4084698932716,2.873700626924479,3294.9697305455347,2.7622747182397216,3285.6252249277145,2.937289171937469,3259.6298706046805,2.879267031841436
213,3267.001334811129,3.0589666550237347,3278.1445928457506,2.8316929959898545,3172.4084698932716,2.8365512612514756,3294.9697305455347,2.781004110698609,3285.6252249277145,2.875462779863452,3259.6298706046805,2.8767355605654252
214,3267.001334811129,2.9923401781759638,3278.1445928457506,2.870159511678064,3172.4084698932716,2.8626877806722244,3294.9697305455347,2.7303515868136374,3285.6252249277145,2.91939776378602,3259.6298706046805,2.874987364225182
215,3267.001334811129,3.0193136715370534,3278.1445928457506,2.8288858234404857,3172.4084698932716,2.8950904740509693,3294.9697305455347,2.6886053151224396,3285.6252249277145,3.000307588377209,3259.6298706046805,2.8864405745056314
216,3267.001334811129,2.9062413836474073,3278.1445928457506,2.8966906230931544,3172.4084698932716,2.848009015474184,3294.9697305455347,2.783340078316851,3285.6252249277145,2.8157019944877586,3259.6298706046805,2.849996619003871
217,3267.001334811129,2.762075686489333,3278.1445928457506,2.8948791803429574,3172.4084698932716,2.874988053050941,3294.9697305455347,2.7866809416372527,3285.6252249277145,2.839904520066509,3259.6298706046805,2.831705676317399
218,3267.001334811129,2.922192251438591,3278.1445928457506,2.791537437567969,3172.4084698932716,2.9312557739766656,3294.9697305455347,2.8731116059180097,3285.6252249277145,2.8446178590100257,3259.6298706046805,2.872542985582252
219,3267.001334811129,2.901939870856891,3278.1445928457506,2.9383674603670666,3172.4084698932716,2.9757543130705795,3294.9697305455347,2.8315474821544573,3285.6252249277145,2.8466339919282344,3259.6298706046805,2.8988486236754456
220,3267.001334811129,2.930687170341231,3278.1445928457506,2.9513565638104433,3172.4084698932716,2.863109541098423,3294.9697305455347,2.7745480214964804,3285.6252249277145,2.9464871188954764,3259.6298706046805,2.893237683128411
221,3267.001334811129,2.897880012565765,3278.1445928457506,2.9825463810151844,3172.4084698932716,2.9791956764418357,3294.9697305455347,2.8809189041165397,3285.6252249277145,2.9016514632711146,3259.6298706046805,2.9284384874820875
222,3267.001334811129,2.9535657645287836,3278.1445928457506,2.871988994550024,3172.4084698932716,3.1218611975596215,3294.9697305455347,2.8367021400516115,3285.6252249277145,2.8970653640341926,3259.6298706046805,2.9362366921448464
223,3267.001334811129,2.9509577188684477,3278.1445928457506,2.8859281093830695,3172.4084698932716,2.913761547593009,3294.9697305455347,2.8004201424626753,3285.6252249277145,2.8741539236998817,3259.6298706046805,2.8850442884014162
224,3267.001334811129,2.975872965301113,3278.1445928457506,2.8930297210988596,3172.4084698932716,2.8402505922270165,3294.9697305455347,2.8983650262873297,3285.6252249277145,2.926407028628663,3259.6298706046805,2.906785066708596
225,3267.001334811129,2.926539023157124,3278.1445928457506,2.8599421724958534,3172.4084698932716,2.9256479948498746,3294.9697305455347,2.872999808874141,3285.6252249277145,2.933946785265875,3259.6298706046805,2.903815156928574
226,3267.001334811129,2.9412489349562114,3278.1445928457506,2.947443480941828,3172.4084698932716,2.8373712879805066,3294.9697305455347,2.8173714513787145,3285.6252249277145,2.8883370489755205,3259.6298706046805,2.886354440846556
227,3267.001334811129,2.9532660498654315,3278.1445928457506,2.930934354314607,3172.4084698932716,2.9167426603367796,3294.9697305455347,2.918276392744612,3285.6252249277145,2.8357441511241546,3259.6298706046805,2.9109927216771174
228,3267.001334811129,2.8845080945895774,3278.1445928457506,2.999113735425828,3172.4084698932716,2.7238045576817496,3294.9697305455347,2.9191513577260224,3285.6252249277145,2.7972796355557135,3259.6298706046805,2.864771476195778
229,3267.001334811129,2.9979666149107134,3278.1445928457506,3.0210411635705734,3172.4084698932716,2.8889221376278664,3294.9697305455347,2.8792368403437316,3285.6252249277145,2.860508855172984,3259.6298706046805,2.929535122325174
230,3267.001334811129,2.9461003222927196,3278.1445928457506,3.080001366762056,3172.4084698932716,2.920056209515834,3294.9697305455347,2.8861141920447912,3285.6252249277145,2.98124849695541,3259.6298706046805,2.962704117514162
231,3267.001334811129,2.8898910692867594,3278.1445928457506,3.0167640417171735,3172.4084698932716,2.959647687059772,3294.9697305455347,2.907597498083856,3285.6252249277145,3.0063958831029827,3259.6298706046805,2.9560592358501085
232,3267.001334811129,2.842548127229892,3278.1445928457506,3.0841994906891834,3172.4084698932716,2.9710926678876213,3294.9697305455347,2.8968933850506042,3285.6252249277145,3.018204897381547,3259.6298706046805,2.96258771364777
233,3267.001334811129,2.8666188788054967,3278.1445928457506,2.9574561155628074,3172.4084698932716,2.9300977162216073,3294.9697305455347,3.043706138900629,3285.6252249277145,2.91345744421626,3259.6298706046805,2.94226725874136
234,3267.001334811129,2.753094601924533,3278.1445928457506,3.0799113621094785,3172.4084698932716,2.885148854134472,3294.9697305455347,3.0155918073118237,3285.6252249277145,2.964129528302976,3259.6298706046805,2.939575230756657
235,3267.001334811129,2.923511278364394,3278.1445928457506,2.8710662522293937,3172.4084698932716,2.8389859449329458,3294.9697305455347,2.9814365934430844,3285.6252249277145,2.9553991507790993,3259.6298706046805,2.914079843949783
236,3267.001334811129,2.8829496630912073,3278.1445928457506,2.893341977346696,3172.4084698932716,2.9142936986488643,3294.9697305455347,2.883049150413179,3285.6252249277145,2.9361948835913165,3259.6298706046805,2.9019658746182526
237,3267.001334811129,2.874218079446923,3278.1445928457506,2.7632187467340192,3172.4084698932716,2.9242658407497153,3294.9697305455347,2.861018135004662,3285.6252249277145,2.996715647492408,3259.6298706046805,2.8838872898855454
238,3267.001334811129,2.8153790837054538,3278.1445928457506,2.8282521168068055,3172.4084698932716,2.8141550515546996,3294.9697305455347,2.866557268363926,3285.6252249277145,2.8980460172921245,3259.6298706046805,2.844477907544602
239,3267.001334811129,2.7425279045945627,3278.1445928457506,2.7334452135962737,3172.4084698932716,2.8529527677187443,3294.9697305455347,2.976073855298673,3285.6252249277145,2.984492734879799,3259.6298706046805,2.8578984952176105
240,3267.001334811129,2.8087133638032555,3278.1445928457506,2.9223053071529304,3172.4084698932716,2.858896048840066,3294.9697305455347,2.8705204404588422,3285.6252249277145,3.0013651925383185,3259.6298706046805,2.892360070558682
241,3267.001334811129,3.0627839734342936,3278.1445928457506,2.7588638497209574,3172.4084698932716,2.9164930062132157,3294.9697305455347,2.8434233171553362,3285.6252249277145,2.962106762051951,3259.6298706046805,2.908734181715151
242,3267.001334811129,3.0303225078881444,3278.1445928457506,2.800669747568331,3172.4084698932716,2.9525774782804577,3294.9697305455347,2.8235442468851604,3285.6252249277145,2.9244364588296765,3259.6298706046805,2.9063100878903536
243,3267.001334811129,2.945160675922095,3278.1445928457506,2.930233526994999,3172.4084698932716,2.780651019579228,3294.9697305455347,2.846249325718977,3285.6252249277145,2.965755227895544,3259.6298706046805,2.8936099552221686
244,3267.001334811129,2.8387931189272737,3278.1445928457506,2.8347791285421096,3172.4084698932716,2.830893720675603,3294.9697305455347,2.843262329921352,3285.6252249277145,3.066516950454964,3259.6298706046805,2.8828490497042605
245,3267.001334811129,2.968523351085378,3278.1445928457506,2.8861616621331847,3172.4084698932716,2.90640828484475,3294.9697305455347,2.8460340552671974,3285.6252249277145,2.925574933811597,3259.6298706046805,2.906540457428421
246,3267.001334811129,2.932322675704718,3278.1445928457506,2.835821954641414,3172.4084698932716,2.993895627506613,3294.9697305455347,2.8894385322144966,3285.6252249277145,2.9612694170331006,3259.6298706046805,2.9225496414200687
247,3267.001334811129,3.021435260933141,3278.1445928457506,2.95292717161477,3172.4084698932716,2.8721493456045346,3294.9697305455347,2.8015742162897537,3285.6252249277145,2.8615315402199566,3259.6298706046805,2.9019235069324316
248,3267.001334811129,2.890974338272944,3278.1445928457506,2.882125703920668,3172.4084698932716,2.93784487881234,3294.9697305455347,2.8542909631827005,3285.6252249277145,2.8137870746360947,3259.6298706046805,2.8758045917649495
249,3267.001334811129,2.9511944727682606,3278.1445928457506,2.9516270764922066,3172.4084698932716,2.9173545700736896,3294.9697305455347,2.900051266740538,3285.6252249277145,2.8572317327000887,3259.6298706046805,2.9154918237549565
250,3267.001334811129,2.8929016956488063,3278.1445928457506,2.997893674305078,3172.4084698932716,2.853855981453502,3294.9697305455347,2.8618162491497228,3285.6252249277145,2.819040811557707,3259.6298706046805,2.885101682422963
251,3267.001334811129,3.019874946284702,3278.1445928457506,3.0199677159795177,3172.4084698932716,2.9366234388141863,3294.9697305455347,2.880610127911408,3285.6252249277145,2.8736303680379995,3259.6298706046805,2.9461413194055632
252,3267.001334811129,2.896440044247648,3278.1445928457506,3.052688781852527,3172.4084698932716,2.9617159738120407,3294.9697305455347,2.974944071975776,3285.6252249277145,2.8091130887394535,3259.6298706046805,2.938980392125489
253,3267.001334811129,2.906121443563179,3278.1445928457506,3.0023540667489486,3172.4084698932716,2.992547877208062,3294.9697305455347,2.8827235439604104,3285.6252249277145,2.9644590892173803,3259.6298706046805,2.949641204139596
254,3267.001334811129,2.8169178553697454,3278.1445928457506,2.948629092314816,3172.4084698932716,2.8669092564125496,3294.9697305455347,2.887852180597288,3285.6252249277145,2.953106938307774,3259.6298706046805,2.894683064600435
255,3267.001334811129,2.8153043446679753,3278.1445928457506,2.8793344128629292,3172.4084698932716,2.913438269561146,3294.9697305455347,2.942420063669157,3285.6252249277145,2.9152619514141147,3259.6298706046805,2.8931518084350647
256,3267.001334811129,2.80937177403236,3278.1445928457506,2.9579065150267523,3172.4084698932716,3.008448194206707,3294.9697305455347,2.9287822103956676,3285.6252249277145,2.9853260372143136,3259.6298706046805,2.93796694617516
257,3267.001334811129,2.8731909707363363,3278.1445928457506,2.8408748245087363,3172.4084698932716,2.9453293349094145,3294.9697305455347,2.985873375600432,3285.6252249277145,2.9445784985406296,3259.6298706046805,2.9179694008591097
258,3267.001334811129,2.8889823806833377,3278.1445928457506,2.88884295206674,3172.4084698932716,2.8861766929707526,3294.9697305455347,2.887955897748192,3285.6252249277145,3.0302676082876405,3259.6298706046805,2.9164451063513326
259,3267.001334811129,2.9157971920038346,3278.1445928457506,2.8727048474752874,3172.4084698932716,2.8907654619368137,3294.9697305455347,2.9437528878544073,3285.6252249277145,2.9410508723283355,3259.6298706046805,2.9128142523197353
260,3267.001334811129,2.9823643762957683,3278.1445928457506,2.796324920527032,3172.4084698932716,2.9175638597381597,3294.9697305455347,2.934535234138914,3285.6252249277145,2.921553445524026,3259.6298706046805,2.9104683672447798
261,3267.001334811129,2.957363482448284,3278.1445928457506,2.7732681886099577,3172.4084698932716,2.8562006850957644,3294.9697305455347,3.011231898723295,3285.6252249277145,2.925332730315952,3259.6298706046805,2.9046793970386506
262,3267.001334811129,2.965916486338972,3278.1445928457506,2.8903832910116534,3172.4084698932716,2.904730675259119,3294.9697305455347,3.170816623143261,3285.6252249277145,3.0311782732981705,3259.6298706046805,2.992605069810235
263,3267.001334811129,2.9580517673052746,3278.1445928457506,2.7630082850686586,3172.4084698932716,3.0004495954661308,3294.9697305455347,3.0161576903531486,3285.6252249277145,3.0380374894565687,3259.6298706046805,2.955140965529956
264,3267.001334811129,2.92323255661064,3278.1445928457506,2.866296721961143,3172.4084698932716,2.8957774604123987,3294.9697305455347,2.9820473302492716,3285.6252249277145,3.0308925698246276,3259.6298706046805,2.9396493278116163
265,3267.001334811129,2.9278195360796686,3278.1445928457506,2.929416523488874,3172.4084698932716,2.7774878009002135,3294.9697305455347,3.0575754934131147,3285.6252249277145,3.0376834421428525,3259.6298706046805,2.945996559204945
266,3267.001334811129,2.9727469755871585,3278.1445928457506,2.8255996194284503,3172.4084698932716,2.8191713345143024,3294.9697305455347,3.0293640068006376,3285.6252249277145,2.8811300262735497,3259.6298706046805,2.9056023925208194
267,3267.001334811129,2.8912271441627575,3278.1445928457506,2.8877455183518244,3172.4084698932716,2.860299465871597,3294.9697305455347,2.9218049192643707,3285.6252249277145,2.8828655946652533,3259.6298706046805,2.8887885284631603
268,3267.001334811129,2.8462613142211466,3278.1445928457506,2.8307195797393074,3172.4084698932716,2.950172069774422,3294.9697305455347,2.9622976235869283,3285.6252249277145,3.17465074247233,3259.6298706046805,2.9528202659588265
269,3267.001334811129,2.9258109633858704,3278.1445928457506,2.8797259812219873,3172.4084698932716,2.8934530678931094,3294.9697305455347,2.969988870366993,3285.6252249277145,2.919657258391167,3259.6298706046805,2.9177272282518256
270,3267.001334811129,2.9246986084667177,3278.1445928457506,2.878232166531937,3172.4084698932716,2.9178580050413934,3294.9697305455347,2.9919252365764133,3285.6252249277145,3.0448098969036113,3259.6298706046805,2.9515047827040144
271,3267.001334811129,2.923066865196925,3278.1445928457506,2.87113367722352,3172.4084698932716,2.861377210999175,3294.9697305455347,2.9568594497732392,3230.677475522051,2.908951622751107,3248.6403207235476,2.904277765188793
272,3267.001334811129,2.8048392001877316,3278.1445928457506,2.891479608073906,3172.4084698932716,2.851203920255386,3294.9697305455347,2.9937227892421503,3230.677475522051,2.8986806467078883,3248.6403207235476,2.8879852328934126
273,3267.001334811129,2.8927874459886973,3278.1445928457506,3.0146619803481003,3172.4084698932716,2.8838428596014927,3294.9697305455347,2.9519134930206983,3230.677475522051,2.876420407711192,3248.6403207235476,2.923925237334036
274,3267.001334811129,2.9491740950576193,3278.1445928457506,2.948373554490204,3172.4084698932716,2.8490178730277624,3294.9697305455347,3.105848875998297,3230.677475522051,2.9262602497212886,3248.6403207235476,2.955734929659034
275,3267.001334811129,2.880385812209352,3278.1445928457506,2.896864247041865,3172.4084698932716,2.90626374544749,3294.9697305455347,2.98802641455447,3230.677475522051,2.8504042569459513,3248.6403207235476,2.904388895239826
276,3267.001334811129,2.8905506668149994,3278.1445928457506,2.865055810310275,3172.4084698932716,2.928527932318017,3294.9697305455347,2.9747419519570846,3230.677475522051,2.9322427044627672,3248.6403207235476,2.918223813172629
277,3267.001334811129,2.917425705845493,3278.1445928457506,2.9667099613868784,3172.4084698932716,2.8038814483512247,3294.9697305455347,2.927008220704489,3230.677475522051,2.807776000833772,3248.6403207235476,2.8845602674243715
278,3267.001334811129,2.946096954003144,3278.1445928457506,2.8390406966087802,3172.4084698932716,2.7288381934317667,3294.9697305455347,2.909757501870276,3230.677475522051,2.8693367384261417,3248.6403207235476,2.858614016868022
279,3267.001334811129,2.9398076917107745,3278.1445928457506,2.9070395961539037,3172.4084698932716,2.7838750512846615,3294.9697305455347,2.9643569060875756,3230.677475522051,2.9382550007445296,3248.6403207235476,2.906666849196289
280,3267.001334811129,2.959663452653097,3278.1445928457506,2.870236718151343,3172.4084698932716,2.8443161179308816,3294.9697305455347,2.887929845329529,3230.677475522051,2.857376904526974,3248.6403207235476,2.8839046077183648
281,3267.001334811129,2.979495104947402,3278.1445928457506,2.8877802277227946,3172.4084698932716,2.9512062147150644,3294.9697305455347,2.9266355584006183,3230.677475522051,2.8318326403090355,3248.6403207235476,2.9153899492189828
282,3267.001334811129,2.957202000604616,3278.1445928457506,2.9647685104537964,3133.740031076365,2.9306408560682704,3294.9697305455347,2.8235663194886693,3230.677475522051,2.8395604802001193,3240.9066329601656,2.903147633363094
283,3267.001334811129,2.8264850301079116,3278.1445928457506,3.014326211575304,3133.740031076365,2.9219707960595303,3294.9697305455347,2.8648759946564595,3230.677475522051,2.935881316249509,3240.9066329601656,2.9127078697297426
284,3267.001334811129,2.877174090693795,3278.1445928457506,2.9732823065331373,3133.740031076365,2.9523840370675396,3294.9697305455347,2.8259439024249584,3230.677475522051,2.8491291810880153,3240.9066329601656,2.8955827035614887
285,3267.001334811129,2.9334342715408726,3278.1445928457506,2.9257323544260934,3133.740031076365,2.964098718344321,3294.9697305455347,2.886400161718745,3230.677475522051,2.8564800191122726,3240.9066329601656,2.913229105028461
286,3267.001334811129,3.1120939362065965,3278.1445928457506,2.8878572448255464,3133.740031076365,2.872573555404833,3294.9697305455347,2.861258862843159,3230.677475522051,2.875914415277789,3240.9066329601656,2.9219396029115847
287,3267.001334811129,2.8872126961595574,3278.1445928457506,2.880911318353516,3133.740031076365,2.8612552869143744,3294.9697305455347,2.9420607749304484,3230.677475522051,2.96940148558404,3240.9066329601656,2.9081683123883875
288,3267.001334811129,2.9486438146628355,3278.1445928457506,2.8796044121170707,3133.740031076365,2.8747456308519492,3294.9697305455347,2.8910485610211096,3230.677475522051,2.9077855090875437,3240.9066329601656,2.9003655855481023
289,3267.001334811129,2.8733925105845124,3278.1445928457506,2.9758470298679796,3133.740031076365,2.8071631480547405,3294.9697305455347,2.8466113845003442,3230.677475522051,2.903586450044541,3240.9066329601656,2.8813201046104235
290,3267.001334811129,2.785551470395551,3278.1445928457506,2.9206845592189414,3133.740031076365,2.7628848251922205,3294.9697305455347,2.896611354524123,3230.677475522051,2.920090805317581,3240.9066329601656,2.8571646029296836
291,3267.001334811129,2.7610461755093128,3278.1445928457506,2.9581155431657344,3133.740031076365,2.794479752049537,3294.9697305455347,2.9345110038826836,3230.677475522051,2.854212400229637,3240.9066329601656,2.8604729749673807
292,3267.001334811129,2.8419123367637185,3278.1445928457506,3.006291834377739,3133.740031076365,2.844433181992612,3294.9697305455347,2.9081030082277883,3230.677475522051,2.882160383942627,3240.9066329601656,2.8965801490608967
293,3267.001334811129,2.8772567118713934,3278.1445928457506,2.9997757868915484,3133.740031076365,2.8044134736914703,3294.9697305455347,2.905868244652424,3230.677475522051,2.903362053694539,3240.9066329601656,2.8981352541602754
294,3267.001334811129,2.799276894438051,3278.1445928457506,2.889520547028269,3133.740031076365,2.83856159968748,3294.9697305455347,3.0197186946467234,3230.677475522051,2.8613625530545757,3240.9066329601656,2.88168805777102
295,3267.001334811129,2.9046190469507795,3278.1445928457506,2.8795447760358046,3133.740031076365,2.905607199419168,3294.9697305455347,2.9719813204295638,3230.677475522051,2.8075475830293506,3240.9066329601656,2.8938599851729334
296,3267.001334811129,2.88972690480023,3278.1445928457506,2.9425565390215978,3133.740031076365,2.9440239717345884,3294.9697305455347,3.0041731145070294,3230.677475522051,2.8906307235174924,3240.9066329601656,2.934222250716188
297,3267.001334811129,2.8039350909164655,3278.1445928457506,2.9351880720715737,3133.740031076365,2.9182065630367124,3294.9697305455347,2.8557371182975433,3230.677475522051,2.91253530497651,3240.9066329601656,2.8851204298597612
298,3267.001334811129,2.8622822112676043,3278.1445928457506,3.0204209640521427,3133.740031076365,2.9104957642181195,3294.9697305455347,3.0080677326856065,3230.677475522051,2.969463334786021,3240.9066329601656,2.9541460014018988
299,3267.001334811129,2.971796081735519,3278.1445928457506,3.0231453266749138,3133.740031076365,2.825988426900677,3294.9697305455347,2.9088027684552604,3230.677475522051,2.9052813842836516,3240.9066329601656,2.9270027976100046
300,3267.001334811129,2.841721682416269,3278.1445928457506,2.9249178512572263,3133.740031076365,2.942398060657614,3294.9697305455347,2.913679438885137,3230.677475522051,2.9948873497626516,3240.9066329601656,2.9235208765957794
301,3267.001334811129,2.8501576071908596,3278.1445928457506,2.8791621483781005,3133.740031076365,2.84717231417483,3294.9697305455347,2.9238617305569456,3230.677475522051,2.9870841873892,3240.9066329601656,2.8974875975379875
302,3267.001334811129,2.921743175774758,3278.1445928457506,2.868933891663041,3133.740031076365,2.884044853070395,3294.9697305455347,2.9109661507203484,3230.677475522051,3.0257780865795976,3240.9066329601656,2.922293231561628
303,3267.001334811129,2.981101068603174,3278.1445928457506,2.933443206948885,3133.740031076365,2.803676523521291,3294.9697305455347,2.788724591653258,3230.677475522051,3.059300324107898,3240.9066329601656,2.9132491429669014
304,3267.001334811129,2.9256966202237527,3278.1445928457506,2.9090260631421003,3133.740031076365,2.7743449131934494,3294.9697305455347,2.819577409186888,3230.677475522051,2.954786122407437,3240.9066329601656,2.8766862256307255
305,3267.001334811129,2.950798333044718,3278.1445928457506,2.9675034914270744,3133.740031076365,2.7789879453117727,3294.9697305455347,2.8644742076734007,3230.677475522051,3.0280846741416507,3240.9066329601656,2.917969730319723
306,3267.001334811129,2.88503086542749,3278.1445928457506,2.885940242547444,3133.740031076365,2.8995325157185903,3294.9697305455347,2.7881274404183594,3230.677475522051,3.0184084181643125,3240.9066329601656,2.895407896455239
307,3267.001334811129,2.9462839780549444,3278.1445928457506,2.82530507530774,3133.740031076365,2.8112302154945508,3294.9697305455347,2.8294806507626347,3230.677475522051,2.918061023474029,3240.9066329601656,2.86607218861878
308,3267.001334811129,2.985270532771131,3278.1445928457506,2.946719294381393,3133.740031076365,2.788022815978918,3294.9697305455347,2.8454878848809235,3230.677475522051,2.9209380984868254,3240.9066329601656,2.897287725299838
309,3267.001334811129,3.1017304335249203,3278.1445928457506,2.866445224290369,3133.740031076365,2.8325921471644433,3294.9697305455347,2.869509874815992,3230.677475522051,2.8622130776093657,3240.9066329601656,2.906498151481018
310,3267.001334811129,2.983021751475008,3278.1445928457506,2.8183453016101696,3133.740031076365,2.9706566861862846,3294.9697305455347,2.8560298321841273,3230.677475522051,2.9307499076241665,3240.9066329601656,2.911760695815951
311,3267.001334811129,2.990030437069203,3278.1445928457506,2.8762991891473133,3133.740031076365,2.877254636186728,3294.9697305455347,2.9329481902097605,3230.677475522051,2.858028514167557,3240.9066329601656,2.9069121933561126
312,3267.001334811129,2.962357771120833,3278.1445928457506,2.870587466215587,3133.740031076365,2.866052494755358,3294.9697305455347,2.8791709636973537,3230.677475522051,2.7321767601526608,3240.9066329601656,2.8620690911883586
313,3267.001334811129,2.9666475725061083,3278.1445928457506,2.7349176540523055,3133.740031076365,2.9538560492709856,3294.9697305455347,2.94499169629213,3230.677475522051,2.8600315213638243,3240.9066329601656,2.8920888986970708
314,3267.001334811129,2.9092994541552857,3278.1445928457506,2.7796773629220115,3133.740031076365,2.96628643826126,3294.9697305455347,2.937034656791822,3230.677475522051,2.8136908370558973,3240.9066329601656,2.881197749837255
315,3267.001334811129,2.8737933766381225,3278.1445928457506,2.854063089692322,3133.740031076365,2.8504792137865866,3294.9697305455347,2.852018731207349,3230.677475522051,2.8601545468753002,3240.9066329601656,2.8581017916399363
316,3267.001334811129,2.9497787253637595,3278.1445928457506,2.9143745023466177,3133.740031076365,2.9119193575067626,3294.9697305455347,2.922980274155432,3230.677475522051,2.7743416213789938,3240.9066329601656,2.894678896150313
317,3267.001334811129,2.823325643196359,3278.1445928457506,2.746637274325671,3133.740031076365,2.9552096195548683,3294.9697305455347,2.893708136873443,3230.677475522051,2.9683566134657973,3240.9066329601656,2.8774474574832274
318,3267.001334811129,2.931757849771743,3278.1445928457506,2.914283578887599,3133.740031076365,2.8769060286546817,3294.9697305455347,2.8645211060174027,3230.677475522051,2.916801661824977,3240.9066329601656,2.9008540450312807
319,3267.001334811129,2.9308251078425127,3278.1445928457506,2.7548366680383123,3133.740031076365,2.874361889113156,3294.9697305455347,2.934445537730767,3230.677475522051,2.888208014362086,3240.9066329601656,2.8765354434173664
320,3267.001334811129,2.84797617978713,3278.1445928457506,2.869094044436485,3133.740031076365,2.910414635794291,3294.9697305455347,2.8317906582290298,3230.677475522051,2.9153791059178595,3240.9066329601656,2.874930924832959
321,3267.001334811129,2.798034429541315,3278.1445928457506,2.8893706328781033,3133.740031076365,2.88326558510401,3294.9697305455347,2.86865760571728,3230.677475522051,2.857949590714491,3240.9066329601656,2.85945556879104
322,3267.001334811129,2.9569977384397976,3278.1445928457506,2.856733557660348,3133.740031076365,2.9598638072612355,3294.9697305455347,2.8375431577570502,3230.677475522051,2.8541091512800487,3240.9066329601656,2.893049482479696
323,3267.001334811129,2.8533017173851647,3278.1445928457506,2.9579158018476495,3133.740031076365,2.919595888497812,3294.9697305455347,2.7856708226832487,3230.677475522051,2.9033960682094295,3240.9066329601656,2.883976059724661
324,3267.001334811129,2.922227745873003,3278.1445928457506,2.9177192298921772,3133.740031076365,2.9187869935646176,3294.9697305455347,2.81894324515974,3230.677475522051,3.010425441644788,3240.9066329601656,2.9176205312268655
325,3267.001334811129,2.94540676815878,3278.1445928457506,2.917743709017426,3133.740031076365,2.944522467958211,3294.9697305455347,2.812539199966034,3230.677475522051,3.0263855155796953,3240.9066329601656,2.9293195321360295
326,3267.001334811129,2.9388788933247496,3278.1445928457506,2.988193776719774,3133.740031076365,2.944690718100969,3294.9697305455347,2.8485644260456757,3230.677475522051,2.873516980365071,3240.9066329601656,2.918768958911248
327,3267.001334811129,2.9012060402296105,3278.1445928457506,2.9955005229680185,3133.740031076365,2.9030876421871934,3294.9697305455347,2.9282792764252825,3230.677475522051,2.91763501638235,3240.9066329601656,2.929141699638491
328,3267.001334811129,2.9015055242599868,3278.1445928457506,2.9021449293167505,3133.740031076365,2.874358263481397,3294.9697305455347,2.915675712003849,3230.677475522051,2.982877006197412,3240.9066329601656,2.9153122870518793
329,3267.001334811129,2.916603138436189,3278.1445928457506,2.9368492609695296,3133.740031076365,2.879664383698996,3294.9697305455347,2.8517790910264753,3230.677475522051,3.0008613383226326,3240.9066329601656,2.9171514424907645
330,3267.001334811129,2.83530480265506,3278.1445928457506,2.9354924306182677,3133.740031076365,2.8607155472415258,3294.9697305455347,2.892374549805992,3230.677475522051,2.9603239129615244,3240.9066329601656,2.896842248656474
331,3267.001334811129,2.879747397018715,3278.1445928457506,2.976547817084857,3133.740031076365,2.8785195772008,3294.9697305455347,2.8306746434816996,3230.677475522051,2.9804585668949906,3240.9066329601656,2.9091896003362123
332,3267.001334811129,2.9607986850759875,3278.1445928457506,2.98098963807843,3133.740031076365,2.8755631358166918,3294.9697305455347,2.9274280266743644,3230.677475522051,2.91193292472146,3240.9066329601656,2.9313424820733873
333,3267.001334811129,2.9661339335114714,3278.1445928457506,3.04766259939589,3133.740031076365,2.8886869445287404,3294.9697305455347,2.802337049978631,3230.677475522051,2.938313980883732,3240.9066329601656,2.928626901659693
334,3267.001334811129,2.9569027375332633,3278.1445928457506,2.951882656426808,3133.740031076365,2.952990072761803,3294.9697305455347,2.8342047012532667,3230.677475522051,2.824192832142057,3240.9066329601656,2.9040346000234396
335,3267.001334811129,2.9657097791074523,3278.1445928457506,2.923313492221744,3133.740031076365,2.908054415606851,3294.9697305455347,2.831204416879349,3230.677475522051,2.8138490902996462,3240.9066329601656,2.8884262388230084
336,3267.001334811129,2.92706059137849,3278.1445928457506,3.0036880551225087,3133.740031076365,2.9749470784653416,3294.9697305455347,2.8942064780881314,3230.677475522051,2.893156612085123,3240.9066329601656,2.938611763027919
337,3267.001334811129,3.0202706683959644,3278.1445928457506,2.9277037600267652,3133.740031076365,2.9057313169950296,3294.9697305455347,2.8300528852903524,3230.677475522051,2.974581241256213,3240.9066329601656,2.931667974392865
338,3267.001334811129,2.9555338503068045,3278.1445928457506,3.0654326830008283,3133.740031076365,2.8595497901400853,3294.9697305455347,2.9372782512219877,3230.677475522051,2.933963245017229,3240.9066329601656,2.9503515639373874
339,3267.001334811129,2.9770836959573432,3278.1445928457506,2.9635391643326865,3133.740031076365,2.8508156489570635,3294.9697305455347,2.798212361186378,3230.677475522051,2.9360300472304264,3240.9066329601656,2.90513618353278
340,3267.001334811129,2.9947889724656895,3278.1445928457506,3.010170221704444,3133.740031076365,2.8945538981476098,3294.9697305455347,2.8249428201469886,3230.677475522051,2.9085694417527432,3240.9066329601656,2.926605070843495
341,3267.001334811129,2.8608564254707423,3278.1445928457506,2.8442480457989014,3133.740031076365,2.86389639750225,3294.9697305455347,2.854665637553292,3230.677475522051,2.901512677843302,3240.9066329601656,2.8650358368336977
342,3267.001334811129,3.016879393317917,3278.1445928457506,2.830035844693744,3133.740031076365,2.8660674191511153,3294.9697305455347,2.8094704107147854,3230.677475522051,2.9479710089308666,3240.9066329601656,2.8940848153616856
343,3267.001334811129,3.011972436013492,3278.1445928457506,2.8658295255055335,3133.740031076365,2.9244123676309215,3294.9697305455347,2.8403751733948033,3230.677475522051,2.84867249338875,3240.9066329601656,2.8982523991867004
344,3267.001334811129,2.867253063511754,3278.1445928457506,2.833334553656841,3133.740031076365,2.942464543822749,3294.9697305455347,2.898234674090871,3230.677475522051,2.8918389991645648,3240.9066329601656,2.8866251668493557
345,3267.001334811129,2.9124221229096547,3278.1445928457506,2.924954771985437,3133.740031076365,2.9550339456269894,3294.9697305455347,2.959495558979982,3230.677475522051,2.849615245710906,3240.9066329601656,2.9203043290425934
346,3267.001334811129,2.8989935042380224,3278.1445928457506,2.8567623194461333,3133.740031076365,2.9439328965991742,3294.9697305455347,2.8602478124063877,3230.677475522051,2.797280657259727,3240.9066329601656,2.871443437989889
347,3267.001334811129,2.9064346115933426,3258.7556148879457,2.8937811810915086,3133.740031076365,2.950476596589614,3294.9697305455347,2.9245426007678574,3230.677475522051,2.748812983921006,3237.0288373686044,2.8848095947926655
348,3267.001334811129,2.909881208455688,3258.7556148879457,2.960385236583121,3133.740031076365,3.076611227009038,3294.9697305455347,2.880966820097843,3230.677475522051,2.8283205783690257,3237.0288373686044,2.931233014102943
349,3267.001334811129,2.9350146449624455,3258.7556148879457,2.938147677337,3133.740031076365,2.96038931587036,3294.9697305455347,2.977846922217858,3230.677475522051,2.7322839173036177,3237.0288373686044,2.908736495538256
350,3267.001334811129,2.9540257208694913,3258.7556148879457,2.87839190614879,3133.740031076365,2.904225408617766,3294.9697305455347,2.9670414204171767,3230.677475522051,2.857075802352809,3237.0288373686044,2.9121520516812067
351,3267.001334811129,2.9367402702155134,3258.7556148879457,2.8132459804940293,3133.740031076365,2.8637022294711096,3294.9697305455347,2.9829883236706043,3230.677475522051,2.8496443355735908,3237.0288373686044,2.8892642278849694
352,3267.001334811129,2.9425573540307988,3258.7556148879457,2.779740559707599,3133.740031076365,2.8866763378509366,3294.9697305455347,2.9807311720763923,3230.677475522051,2.7962337849772396,3237.0288373686044,2.877187841728593
353,3267.001334811129,2.863669578612613,3258.7556148879457,2.9101637685231956,3133.740031076365,2.8878990256095527,3294.9697305455347,3.1451899867632878,3230.677475522051,2.813500982931327,3237.0288373686044,2.9240846684879953
354,3267.001334811129,2.9019701416204646,3258.7556148879457,2.8205275376938417,3133.740031076365,2.8600078667733135,3294.9697305455347,2.936641878179928,3230.677475522051,2.828934372582359,3237.0288373686044,2.8696163593699815
355,3267.001334811129,2.9801912755686955,3258.7556148879457,2.8376463303449744,3133.740031076365,2.881621233754841,3294.9697305455347,3.0511301560297177,3230.677475522051,2.956966449985203,3237.0288373686044,2.9415110891366862
356,3267.001334811129,2.9939224020217283,3258.7556148879457,2.7919493203213412,3133.740031076365,2.8935883545909924,3294.9697305455347,2.9466539105716727,3230.677475522051,2.9529485673981872,3237.0288373686044,2.915812510980784
357,3267.001334811129,2.887950066289127,3258.7556148879457,2.7617640836808324,3133.740031076365,2.890318506834511,3294.9697305455347,2.9046433442128654,3230.677475522051,2.951865717859921,3237.0288373686044,2.879308343775451
358,3267.001334811129,2.89078125980987,3258.7556148879457,2.8537771373652028,3133.740031076365,2.922328985212079,3294.9697305455347,2.8373054782451868,3230.677475522051,2.980256179692022,3237.0288373686044,2.896889808064872
359,3267.001334811129,2.819388259175947,3258.7556148879457,2.875911676292456,3133.740031076365,2.912390005147206,3294.9697305455347,2.8563037047922246,3230.677475522051,3.152455965831299,3237.0288373686044,2.9232899222478266
360,3267.001334811129,2.831280139408375,3258.7556148879457,2.8299699278450925,3133.740031076365,2.873596100108816,3294.9697305455347,2.906008570857074,3230.677475522051,2.9905650183516146,3237.0288373686044,2.8862839513141942
361,3267.001334811129,2.863386214814765,3258.7556148879457,2.982405196609934,3133.740031076365,2.8272324911586444,3294.9697305455347,2.8725630514489833,3230.677475522051,3.0346498773990467,3237.0288373686044,2.916047366286275
362,3267.001334811129,2.8377454616105515,3258.7556148879457,3.031858917842067,3133.740031076365,2.95585423142563,3294.9697305455347,2.8268453948180987,3230.677475522051,3.0093877929002035,3237.0288373686044,2.93233835971931
363,3267.001334811129,2.8552432896297653,3258.7556148879457,2.9996632596565718,3133.740031076365,2.9266107702653645,3294.9697305455347,2.8527390587882246,3230.677475522051,2.896168838585714,3237.0288373686044,2.9060850433851284
364,3267.001334811129,2.85306884729689,3258.7556148879457,3.015755201526676,3133.740031076365,3.0248898461327554,3294.9697305455347,2.9169600073775506,3230.677475522051,2.8959877363495714,3237.0288373686044,2.9413323277366885
365,3267.001334811129,2.8137446097698446,3258.7556148879457,3.0156735094023728,3133.740031076365,2.8211311630066995,3294.9697305455347,3.0660570120744715,3230.677475522051,2.9701906342793354,3237.0288373686044,2.9373593857065448
366,3267.001334811129,2.8190327438778953,3258.7556148879457,2.9912966328648887,3133.740031076365,2.892794867403294,3294.9697305455347,2.904347348902291,3230.677475522051,2.9118630984750435,3237.0288373686044,2.9038669383046827
367,3267.001334811129,2.8449236467163694,3258.7556148879457,2.947542264726231,3133.740031076365,2.945956003383181,3294.9697305455347,2.8177573271293554,3230.677475522051,2.9477032477300225,3237.0288373686044,2.9007764979370316
368,3267.001334811129,2.8186959115176355,3258.7556148879457,3.008279955067703,3133.740031076365,2.903139387509351,3294.9697305455347,2.8864651279259146,3230.677475522051,2.87007055285865,3237.0288373686044,2.897330186975851
369,3267.001334811129,2.8599301199501017,3258.7556148879457,2.9802389158259244,3133.740031076365,2.8892639560597315,3294.9697305455347,2.841404161917291,3230.677475522051,2.856710298641151,3237.0288373686044,2.8855094904788396
370,3267.001334811129,2.8244242767784264,3258.7556148879457,2.9379377299385214,3133.740031076365,2.8512761797776,3294.9697305455347,2.8734841827729976,3230.677475522051,2.8748211882090398,3237.0288373686044,2.8723887114953173
371,3267.001334811129,2.7494166675395846,3258.7556148879457,2.9205793779714653,3133.740031076365,2.8021394422905073,3294.9697305455347,2.934284449644445,3230.677475522051,2.940508849151886,3237.0288373686044,2.869385757319578
372,3267.001334811129,2.8308942475910337,3258.7556148879457,2.979536575720584,3133.740031076365,2.9198471472768532,3294.9697305455347,2.873155516355534,3230.677475522051,2.9152700749041984,3237.0288373686044,2.9037407123696406
373,3267.001334811129,2.79611223232415,3258.7556148879457,2.9312428515651074,3133.740031076365,2.899327046333406,3294.9697305455347,2.7879912992509612,3230.677475522051,2.9132063660049856,3237.0288373686044,2.865575959095722
374,3267.001334811129,2.7642595665179694,3258.7556148879457,2.819227565564341,3133.740031076365,2.82345282666198,3294.9697305455347,2.7451879602380234,3230.677475522051,2.88525449989325,3237.0288373686044,2.8074764837751127
375,3267.001334811129,2.82067073557961,3258.7556148879457,2.8811606363109137,3133.740031076365,2.8575484820717207,3294.9697305455347,2.8934010458608084,3230.677475522051,2.943382268713157,3237.0288373686044,2.8792326337072423
376,3267.001334811129,2.796811601404174,3258.7556148879457,2.882993895508448,3133.740031076365,2.8799856875949668,3294.9697305455347,2.79811877299976,3230.677475522051,2.861075343761993,3237.0288373686044,2.8437970602538685
377,3267.001334811129,2.816643484759178,3258.7556148879457,2.8474645648791794,3133.740031076365,2.897768559739477,3294.9697305455347,2.833503123118181,3230.677475522051,2.9114368063553315,3237.0288373686044,2.8613633077702696
378,3267.001334811129,2.81315115744167,3258.7556148879457,2.8345041051828797,3133.740031076365,3.0679498686198494,3294.9697305455347,2.837829602919623,3230.677475522051,2.8576277764389286,3237.0288373686044,2.88221250212059
379,3267.001334811129,2.9352521887997667,3258.7556148879457,2.840909660537266,3133.740031076365,3.0016747835734776,3294.9697305455347,2.8197818943956623,3230.677475522051,2.9309207938173527,3237.0288373686044,2.9057078642247047
380,3267.001334811129,2.9237371185661427,3258.7556148879457,2.8970659524028397,3133.740031076365,2.905381904461956,3294.9697305455347,2.8430505241743416,3230.677475522051,2.9441992776240857,3237.0288373686044,2.9026869554458736
381,3267.001334811129,2.970625796997268,3258.7556148879457,2.8723686142057443,3133.740031076365,2.8619968754095573,3294.9697305455347,2.8119634421183313,3230.677475522051,2.931856988286392,3237.0288373686044,2.8897623434034587
382,3267.001334811129,2.8598476828004316,3258.7556148879457,2.8420102020008278,3133.740031076365,2.8509263889946306,3294.9697305455347,2.7938365702416315,3230.677475522051,2.900704735236623,3237.0288373686044,2.8494651158548288
383,3267.001334811129,2.8534599628707698,3258.7556148879457,2.881255518810727,3133.740031076365,2.821400605835701,3294.9697305455347,2.8404106455995137,3230.677475522051,2.8727710859180102,3237.0288373686044,2.8538595638069446
384,3267.001334811129,2.9458662763939247,3258.7556148879457,2.9596434744159605,3133.740031076365,2.8264884852454273,3294.9697305455347,2.9169954210495783,3230.677475522051,2.888181577569089,3237.0288373686044,2.907435046934796
385,3267.001334811129,2.815652879621342,3258.7556148879457,2.8263096573416977,3133.740031076365,2.872380687149473,3294.9697305455347,2.9375240133636034,3230.677475522051,2.946191806941269,3237.0288373686044,2.879611808883477
386,3267.001334811129,2.8312418866043587,3258.7556148879457,2.8927072540051766,3133.740031076365,2.8201855209242868,3294.9697305455347,2.937378418891696,3230.677475522051,3.106431151779163,3237.0288373686044,2.9175888464409363
387,3267.001334811129,2.733929900620737,3258.7556148879457,2.9338655551040844,3133.740031076365,2.824140858387312,3294.9697305455347,2.9668472851589986,3230.677475522051,3.025674535452976,3237.0288373686044,2.896891626944822
388,3267.001334811129,2.7999110729348047,3258.7556148879457,2.83958519707081,3133.740031076365,2.7885279035929504,3294.9697305455347,2.9351121188442737,3230.677475522051,3.0048171623677264,3237.0288373686044,2.873590690962113
389,3267.001334811129,2.897410873854058,3258.7556148879457,2.9254744154415664,3133.740031076365,2.847300001854825,3294.9697305455347,2.8111369698695805,3230.677475522051,2.8801768825033056,3237.0288373686044,2.872299828704667
390,3267.001334811129,2.82959837124838,3258.7556148879457,2.843647729354969,3133.740031076365,2.8601972063670433,3294.9697305455347,2.7932623336985554,3230.677475522051,2.9119843208104936,3237.0288373686044,2.847737992295888
391,3267.001334811129,2.8313059113866057,3258.7556148879457,2.8529064234909893,3133.740031076365,2.9033645363681515,3294.9697305455347,2.8722933822320975,3230.677475522051,2.9711618666185955,3237.0288373686044,2.8862064240192877
392,3267.001334811129,2.807070812461483,3258.7556148879457,2.818220467093471,3133.740031076365,2.8759916902291915,3294.9697305455347,2.9242960810169047,3230.677475522051,2.9982701816661645,3237.0288373686044,2.8847698464934433
393,3267.001334811129,2.8690516428180852,3258.7556148879457,2.8659705215967404,3133.740031076365,3.0223844360916474,3294.9697305455347,2.9165683164576905,3230.677475522051,2.943032101949203,3237.0288373686044,2.923401403782673
394,3267.001334811129,2.860124906686548,3258.7556148879457,2.888213026513486,3133.740031076365,2.8905454355261457,3294.9697305455347,2.995519673151395,3230.677475522051,2.9299947691986383,3237.0288373686044,2.9128795622152426
395,3267.001334811129,2.8081288695472018,3258.7556148879457,2.921928182232942,3133.740031076365,2.924549929701968,3294.9697305455347,2.876745204368977,3230.677475522051,2.969894181726841,3237.0288373686044,2.900249273515586
396,3267.001334811129,2.9065799440706757,3234.467251461414,2.9424315872749185,3133.740031076365,2.9232689246424775,3294.9697305455347,2.9280658449191406,3230.677475522051,2.952414867695004,3232.1711646832982,2.930552233720443
397,3267.001334811129,2.9281005753759577,3234.467251461414,2.937515979500221,3133.740031076365,2.8559563305839393,3294.9697305455347,2.9333132296321507,3230.677475522051,2.8920117803223615,3232.1711646832982,2.909379579082926
398,3267.001334811129,2.918664361082717,3234.467251461414,2.867222617618715,3133.740031076365,2.9730039517693254,3294.9697305455347,2.846236746071059,3230.677475522051,2.7621420954126226,3232.1711646832982,2.8734539543908877
399,3267.001334811129,2.828318366427396,3234.467251461414,2.940955343889964,3133.740031076365,2.873744908925249,3294.9697305455347,2.8945061446320124,3230.677475522051,2.812856655327842,3232.1711646832982,2.8700762838404925
400,3267.001334811129,2.922382503888086,3234.467251461414,2.886696974016587,3133.740031076365,2.9244249019381927,3294.9697305455347,2.830958165726644,3230.677475522051,2.897319276438582,3232.1711646832982,2.8923563644016186
401,3267.001334811129,2.8607232969023735,3234.467251461414,2.97298173107245,3133.740031076365,2.909468367083333,3294.9697305455347,2.822263798463717,3230.677475522051,2.9847137958076018,3232.1711646832982,2.910030197865895
402,3267.001334811129,2.8668064447106443,3234.467251461414,2.930934470237382,3133.740031076365,2.8934734868502874,3294.9697305455347,2.848685257831982,3230.677475522051,2.850226333256829,3232.1711646832982,2.878025198577425
403,3267.001334811129,2.7865947158381474,3234.467251461414,2.9379281168233327,3133.740031076365,2.9599556946455996,3294.9697305455347,2.8796568316100557,3230.677475522051,2.7905360785343123,3232.1711646832982,2.8709342874902894
404,3267.001334811129,2.8275233295282587,3234.467251461414,2.9272976453198187,3133.740031076365,2.980359872259844,3294.9697305455347,2.931627121273957,3230.677475522051,2.9048439536260453,3232.1711646832982,2.914330384401585
405,3267.001334811129,2.813122644244393,3234.467251461414,2.9529534394749826,3133.740031076365,2.972647452399975,3294.9697305455347,2.910773270344728,3230.677475522051,2.884400586690783,3232.1711646832982,2.9067794786309724
406,3267.001334811129,2.8444658725919374,3234.467251461414,2.8236570754107326,3133.740031076365,2.9751785277672096,3294.9697305455347,2.832152489742104,3230.677475522051,2.827972936760218,3232.1711646832982,2.8606853804544405
407,3267.001334811129,2.8260590448312497,3234.467251461414,2.8175537772699166,3133.740031076365,2.9665948551425205,3294.9697305455347,2.8465874693176194,3230.677475522051,2.908897360484804,3232.1711646832982,2.873138501409222
408,3267.001334811129,2.9036969555704135,3234.467251461414,2.950726593813654,3133.740031076365,2.9826619799397807,3294.9697305455347,2.9106077632952254,3230.677475522051,2.82053508204456,3232.1711646832982,2.9136456749327264
409,3267.001334811129,3.0363617440405286,3234.467251461414,2.954973251973171,3133.740031076365,3.008538463018901,3294.9697305455347,2.9104772823979475,3230.677475522051,2.920445587888983,3232.1711646832982,2.966159265863906
410,3267.001334811129,2.9598986802444087,3234.467251461414,3.0907997598891477,3133.740031076365,2.8373717802560208,3294.9697305455347,3.0232742529506185,3230.677475522051,2.945256795499857,3232.1711646832982,2.9713202537680106
411,3267.001334811129,2.905880283643817,3234.467251461414,2.9163861706462813,3133.740031076365,2.9827184916200853,3294.9697305455347,2.956481078264042,3230.677475522051,2.9196352026798196,3232.1711646832982,2.936220245370809
412,3267.001334811129,2.918651413027586,3234.467251461414,2.8975536675979945,3133.740031076365,2.9538615204086778,3294.9697305455347,2.9250874662971897,3230.677475522051,3.0161971665032787,3232.1711646832982,2.9422702467669453
413,3267.001334811129,2.841447462915357,3234.467251461414,2.9394827035728546,3133.740031076365,2.910961528514061,3294.9697305455347,2.838592457957719,3230.677475522051,2.9685948779675684,3232.1711646832982,2.8998158061855124
414,3267.001334811129,2.88038338623468,3234.467251461414,2.928652914004756,3133.740031076365,2.881293076625059,3294.9697305455347,2.860808625891842,3230.677475522051,2.9797522353785943,3232.1711646832982,2.9061780476269865
415,3267.001334811129,2.8376188434303646,3234.467251461414,2.8266551398948554,3133.740031076365,2.943792783912258,3294.9697305455347,2.8689109408820572,3230.677475522051,2.9172566294489517,3232.1711646832982,2.878846867513697
416,3267.001334811129,2.773761956850095,3234.467251461414,2.874321497288864,3133.740031076365,2.889599999696447,3294.9697305455347,2.9021352283179356,3230.677475522051,2.9070741712830097,3232.1711646832982,2.86937857068727
417,3267.001334811129,2.7467985965583908,3234.467251461414,2.9027539796441317,3133.740031076365,2.9098545718609157,3294.9697305455347,2.8609605730865946,3230.677475522051,2.9314555478042594,3232.1711646832982,2.8703646537908583
418,3267.001334811129,2.835850280278968,3234.467251461414,2.8985259751832158,3133.740031076365,2.956114687527333,3133.950881676278,2.9876450283884113,3230.677475522051,2.9507631766427753,3199.9673949094476,2.9257798296041404
419,3267.001334811129,2.7513776728123007,3234.467251461414,2.8288191173299504,3133.740031076365,2.939568935413317,3133.950881676278,2.89553400017575,3230.677475522051,2.8070104154931053,3199.9673949094476,2.8444620282448847
420,3267.001334811129,2.8768966229442863,3234.467251461414,2.779578034840346,3133.740031076365,2.861638634367291,3133.950881676278,2.9463398683137534,3230.677475522051,2.927300552895006,3199.9673949094476,2.8783507426721364
421,3267.001334811129,2.8439284318974445,3234.467251461414,2.7797946670314975,3133.740031076365,2.831456724177461,3133.950881676278,2.9448471484010197,3230.677475522051,2.887570790928411,3199.9673949094476,2.8575195524871666
422,3267.001334811129,2.8403517182615223,3234.467251461414,2.8861530225795984,3133.740031076365,2.8145037507821735,3133.950881676278,2.9296393212925005,3230.677475522051,2.780872765602852,3199.9673949094476,2.8503041157037297
423,3267.001334811129,2.937136765549199,3234.467251461414,2.897233687916209,3133.740031076365,2.908300293299428,3133.950881676278,2.917083799229907,3230.677475522051,2.9117287620327947,3199.9673949094476,2.9142966616055075
424,3267.001334811129,2.8492189184600836,3234.467251461414,2.872569017265495,3133.740031076365,3.028637909917817,3133.950881676278,2.870122333770259,3230.677475522051,2.9428890859289867,3199.9673949094476,2.9126874530685276
425,3267.001334811129,2.873670726496624,3234.467251461414,2.8693297669464974,3133.740031076365,2.901814616695047,3133.950881676278,2.9145666129624472,3230.677475522051,2.9235788174756623,3199.9673949094476,2.896592108115256
426,3267.001334811129,2.813563963534678,3234.467251461414,2.950686774023678,3133.740031076365,2.8898302778745886,3133.950881676278,2.9419215741152014,3230.677475522051,3.003618835822589,3199.9673949094476,2.919924285074147
427,3267.001334811129,2.9113865961326635,3234.467251461414,2.9202675323593743,3133.740031076365,2.9267237408776183,3133.950881676278,2.857548528777714,3230.677475522051,2.962117379130688,3199.9673949094476,2.9156087554556116
428,3267.001334811129,2.850776966473913,3234.467251461414,2.8366464397493907,3133.740031076365,2.8080778092959537,3133.950881676278,2.835599113162314,3230.677475522051,2.889640425755379,3199.9673949094476,2.8441481508873903
429,3267.001334811129,2.835365890956249,3234.467251461414,2.797925884715334,3133.740031076365,2.8626012159814476,3133.950881676278,2.893793137367426,3230.677475522051,2.8773875469877055,3199.9673949094476,2.853414735201633
430,3267.001334811129,2.804323413993636,3234.467251461414,2.816396606604601,3133.740031076365,2.8900026985632286,3133.950881676278,2.9389546874293977,3230.677475522051,2.8937724242687977,3199.9673949094476,2.868689966171932
431,3267.001334811129,2.7519734503514046,3234.467251461414,2.8964532950454305,3133.740031076365,2.9204343604109604,3133.950881676278,2.9369625049331844,3230.677475522051,2.9482307605229674,3199.9673949094476,2.8908108742527894
432,3267.001334811129,2.8010073323252387,3234.467251461414,2.8755908604664695,3133.740031076365,2.7796173329444365,3133.950881676278,2.9426807076288837,3230.677475522051,3.0015571329892183,3199.9673949094476,2.8800906732708493
433,3267.001334811129,2.8028638315821177,3234.467251461414,2.7969933447969675,3133.740031076365,2.776021738611003,3133.950881676278,2.8647521556144486,3230.677475522051,2.947394123881204,3199.9673949094476,2.8376050388971485
434,3267.001334811129,2.8401668559796045,3234.467251461414,2.8837094249170847,3133.740031076365,2.8969345957749817,3133.950881676278,2.894937247259656,3230.677475522051,2.974102224013403,3199.9673949094476,2.897970069588946
435,3267.001334811129,2.984186666537278,3234.467251461414,2.9041349972375485,3133.740031076365,2.886984370123099,3133.950881676278,2.8898990027749187,3230.677475522051,2.989373098377795,3199.9673949094476,2.930915627010128
436,3267.001334811129,2.8598655412428884,3234.467251461414,2.873850003190337,3133.740031076365,2.768237585232634,3133.950881676278,2.877016934718391,3230.677475522051,3.0382119736186786,3199.9673949094476,2.8834364076005863
437,3267.001334811129,2.895753044225991,3234.467251461414,2.905635926096249,3133.740031076365,2.8409733093127176,3133.950881676278,2.9536615163450737,3230.677475522051,3.0267301796658326,3199.9673949094476,2.9245507951291727
438,3267.001334811129,2.9017686029399603,3234.467251461414,2.9063186564161105,3133.740031076365,2.8721364839282764,3133.950881676278,3.0170467641084415,3230.677475522051,2.9623597970392512,3199.9673949094476,2.931926060886408
439,3267.001334811129,2.9177538379907664,3234.467251461414,2.9317392391568324,3133.740031076365,2.921695187459578,3133.950881676278,2.9383689193073574,3230.677475522051,2.9680426700452296,3199.9673949094476,2.9355199707919533
440,3267.001334811129,2.8794757900713805,3234.467251461414,2.9764026109107,3133.740031076365,2.885691202724125,3133.950881676278,2.963334103802519,3230.677475522051,2.9711246037849937,3199.9673949094476,2.9352056622587432
441,3267.001334811129,2.8709679927076377,3234.467251461414,2.979377433333551,3133.740031076365,3.145158018662677,3133.950881676278,2.9929620074180776,3230.677475522051,2.9652801108262286,3199.9673949094476,2.990749112589634
442,3267.001334811129,2.884664655666888,3234.467251461414,3.0301896207601233,3133.740031076365,2.7987398143855646,3133.950881676278,2.9572648014518332,3230.677475522051,2.821917776950191,3199.9673949094476,2.89855533384292
443,3267.001334811129,2.9033558146355185,3234.467251461414,3.0194449091281417,3133.740031076365,2.8587763104700143,3133.950881676278,2.99130103123511,3230.677475522051,2.9050010391060805,3199.9673949094476,2.935575820914973
444,3267.001334811129,2.960416410098096,3234.467251461414,2.9633556951168885,3133.740031076365,2.8589105327492965,3133.950881676278,2.9824559829811577,3230.677475522051,2.945432832271568,3199.9673949094476,2.9421142906434015
445,3267.001334811129,2.974424801905464,3234.467251461414,2.882773946875471,3133.740031076365,2.854698062372273,3133.950881676278,2.9314543308190877,3230.677475522051,2.9444835205284994,3199.9673949094476,2.917566932500159
446,3267.001334811129,2.918300272687552,3234.467251461414,2.9280609069032617,3133.740031076365,2.836367295501048,3133.950881676278,2.9552489279421064,3230.677475522051,2.920839842420999,3199.9673949094476,2.9117634490909934
447,3267.001334811129,2.846218931116558,3234.467251461414,2.9744446872636665,3133.740031076365,3.0052062311684207,3133.950881676278,2.850933656070475,3230.677475522051,2.9817480641917036,3199.9673949094476,2.931710313962165
448,3267.001334811129,2.8736656470294513,3234.467251461414,2.8135693173381933,3133.740031076365,2.9400206922213536,3133.950881676278,2.8537040806189884,3230.677475522051,2.980640025844635,3199.9673949094476,2.8923199526105243
449,3267.001334811129,2.8315594938599484,3234.467251461414,2.914032007531283,3133.740031076365,2.8988978750604963,3133.950881676278,2.8226721097735243,3230.677475522051,2.8281726169701455,3199.9673949094476,2.8590668206390797
450,3267.001334811129,2.8013355017980586,3234.467251461414,2.8570403412256398,3133.740031076365,2.9890325819647012,3133.950881676278,2.869435664322527,3230.677475522051,2.8415784299056654,3199.9673949094476,2.8716845038433183
451,3267.001334811129,2.932731599430113,3234.467251461414,2.816435785234621,3133.740031076365,3.061499364165453,3133.950881676278,2.8936054674797846,3230.677475522051,2.8675483560596424,3199.9673949094476,2.9143641144739227
452,3267.001334811129,2.9882590505266884,3234.467251461414,2.795297197716321,3133.740031076365,2.943259155762188,3133.950881676278,2.8570051577011357,3230.677475522051,2.881245801313254,3199.9673949094476,2.893013272603917
453,3267.001334811129,3.133485189002961,3234.467251461414,2.934986561321198,3133.740031076365,2.9839940387607755,3133.950881676278,2.8965510705496826,3230.677475522051,2.8763897048865394,3199.9673949094476,2.965081312904231
454,3267.001334811129,2.8534648687686537,3234.467251461414,2.913419220354164,3133.740031076365,2.920830665875185,3133.950881676278,2.865730464702191,3230.677475522051,2.8929747094388665,3199.9673949094476,2.8892839858278117
455,3267.001334811129,2.82479484619371,3234.467251461414,2.8347653606932295,3133.740031076365,2.8844281338859257,3133.950881676278,2.831062666191163,3230.677475522051,2.9571089865256885,3199.9673949094476,2.8664319986979434
456,3267.001334811129,2.9283962193280373,3234.467251461414,2.882419986599495,3133.740031076365,2.861598396055714,3133.950881676278,2.7488740645226883,3230.677475522051,2.8607772652771115,3199.9673949094476,2.856413186356609
457,3267.001334811129,2.8860543343594633,3234.467251461414,2.844438856401135,3133.740031076365,2.805646807291835,3133.950881676278,2.8668731999986186,3230.677475522051,2.883259499518164,3199.9673949094476,2.8572545395138436
458,3267.001334811129,2.7441240639423254,3234.467251461414,2.8455877125385145,3133.740031076365,2.833458935947915,3133.950881676278,2.845769473027773,3230.677475522051,2.963761377071497,3199.9673949094476,2.8465403125056055
459,3267.001334811129,2.7990189840288346,3234.467251461414,2.8702143936776445,3133.740031076365,2.936012210942716,3133.950881676278,3.0171096362070617,3230.677475522051,2.8499844138984627,3199.9673949094476,2.894467927750944
460,3267.001334811129,2.906018209115732,3234.467251461414,2.9045936174810105,3133.740031076365,3.0053565891854714,3133.950881676278,2.88906532809866,3230.677475522051,2.8551382039235156,3199.9673949094476,2.9120343895608776
461,3267.001334811129,2.9076643623956375,3234.467251461414,2.883112727809071,3133.740031076365,2.9753226638065464,3133.950881676278,2.866265006151341,3230.677475522051,2.791536658624803,3199.9673949094476,2.88478028375748
462,3267.001334811129,2.8843960691814994,3234.467251461414,2.926886153599197,3133.740031076365,2.945515595191669,3133.950881676278,2.964932454559695,3230.677475522051,2.876824179355127,3199.9673949094476,2.9197108903774374
463,3267.001334811129,2.9527700146005027,3234.467251461414,2.9803080762973426,3133.740031076365,2.7938342359395114,3133.950881676278,2.993576027569773,3230.677475522051,2.8937602827724587,3199.9673949094476,2.922849727435918
464,3267.001334811129,2.938746361037742,3234.467251461414,2.975559194235018,3133.740031076365,2.8305269402946687,3133.950881676278,2.9848356928174677,3230.677475522051,2.9841576844148574,3199.9673949094476,2.942765174559951
465,3267.001334811129,2.8890130197995596,3234.467251461414,2.975230851293815,3133.740031076365,2.837402233364556,3133.950881676278,2.9669029062322645,3230.677475522051,2.9476090264650603,3199.9673949094476,2.923231607431051
466,3267.001334811129,2.8999852589617188,3234.467251461414,2.9947236239785675,3133.740031076365,2.8450567990445528,3133.950881676278,3.0078782488812683,3230.677475522051,2.9872904599094605,3199.9673949094476,2.9469868781551134
467,3267.001334811129,2.8630018573997473,3234.467251461414,2.8667539299546556,3133.740031076365,3.070500739518087,3133.950881676278,2.933650859898391,3230.677475522051,2.9696716074102403,3199.9673949094476,2.9407157988362242
468,3267.001334811129,2.81969927750494,3234.467251461414,2.9396636973229904,3133.740031076365,2.8567228241698954,3133.950881676278,2.891225296998844,3230.677475522051,2.97009579112378,3199.9673949094476,2.89548137742409
469,3267.001334811129,2.8725872521223854,3234.467251461414,2.9539681151855883,3133.740031076365,2.908940414152588,3133.950881676278,2.847440994332109,3230.677475522051,2.987356632401615,3199.9673949094476,2.914058681638857
470,3267.001334811129,2.8592642951934586,3234.467251461414,2.950229748474241,3133.740031076365,2.924783336017631,3133.950881676278,2.9567634990209086,3230.677475522051,2.9225222247310394,3199.9673949094476,2.922712620687456
471,3267.001334811129,2.7907260730578707,3234.467251461414,2.8967539743746697,3133.740031076365,2.9565349626901734,3133.950881676278,2.8822185755502545,3230.677475522051,2.8934751194800326,3199.9673949094476,2.8839417410306005
472,3267.001334811129,2.864578285814155,3234.467251461414,2.9191676226579037,3133.740031076365,2.8767186475232247,3133.950881676278,2.8991918121607934,3230.677475522051,2.961669827601059,3199.9673949094476,2.904265239151427
473,3267.001334811129,2.951612084356551,3234.467251461414,2.880033153550136,3133.740031076365,2.8969768463378327,3133.950881676278,2.8754832355225983,3230.677475522051,3.094406985318556,3199.9673949094476,2.9397024610171343
474,3267.001334811129,2.8752423673471545,3234.467251461414,2.979058451372467,3133.740031076365,2.897702048376051,3133.950881676278,2.960469407358908,3230.677475522051,3.1285778583079593,3199.9673949094476,2.9682100265525078
475,3267.001334811129,2.925907104675227,3234.467251461414,3.0260488925897535,3133.740031076365,2.9011969410456557,3133.950881676278,2.9295315967172573,3230.677475522051,2.936343141604688,3199.9673949094476,2.9438055353265162
476,3267.001334811129,2.8533491148595496,3234.467251461414,3.0792366157607907,3133.740031076365,2.914260441815049,3133.950881676278,2.9027926981287693,3230.677475522051,2.957423678583917,3199.9673949094476,2.941412509829615
477,3267.001334811129,2.8696248335299797,3234.467251461414,2.9466098588983676,3133.740031076365,2.8766718466620826,3133.950881676278,2.9100230511671485,3230.677475522051,2.903937405846861,3199.9673949094476,2.901373399220888
478,3267.001334811129,2.8661210876831027,3234.467251461414,2.88517301958153,3133.740031076365,2.8141989262419966,3133.950881676278,2.888536355853615,3230.677475522051,2.9117779365289556,3199.9673949094476,2.87316146517784
479,3267.001334811129,2.8715581381372304,3234.467251461414,2.934586875692495,3133.740031076365,2.8631649462792836,3133.950881676278,2.8823679600022594,3230.677475522051,2.8876496414503148,3199.9673949094476,2.8878655123123167
480,3267.001334811129,2.9244651366442045,3234.467251461414,2.8435919138375003,3133.740031076365,2.910064471980379,3133.950881676278,2.8935717223890713,3230.677475522051,2.900518049549665,3199.9673949094476,2.894442258880164
481,3267.001334811129,2.847835622313376,3234.467251461414,2.8925144616186333,3133.740031076365,2.897804097834308,3133.950881676278,2.996108274443702,3230.677475522051,2.837384353321132,3199.9673949094476,2.8943293619062307
482,3267.001334811129,2.8620211370091484,3234.467251461414,2.845924423107975,3133.740031076365,3.060178732159689,3133.950881676278,3.0339597402258525,3230.677475522051,2.8809650656608556,3199.9673949094476,2.9366098196327046
483,3267.001334811129,2.9303724691866964,3234.467251461414,2.918891479017615,3133.740031076365,2.8854695856334995,3133.950881676278,2.909021056953384,3230.677475522051,2.815745027715601,3199.9673949094476,2.8918999237013594
484,3267.001334811129,2.8045667132636503,3234.467251461414,2.86294660641549,3133.740031076365,2.8127041261181343,3133.950881676278,2.8941204092156054,3230.677475522051,2.8740123748731197,3199.9673949094476,2.8496700459771995
485,3267.001334811129,2.90207421455904,3234.467251461414,2.9061107719958725,3133.740031076365,2.8716758523836514,3133.950881676278,2.933478631133637,3230.677475522051,2.9185234477374262,3199.9673949094476,2.9063725835619256
486,3267.001334811129,2.906704380490104,3234.467251461414,2.990224557273757,3133.740031076365,2.917392335939876,3133.950881676278,2.9731012065042624,3230.677475522051,2.969799483142061,3199.9673949094476,2.951444392670012
487,3267.001334811129,2.867161754986356,3234.467251461414,2.8927790115779155,3133.740031076365,2.8685868196401576,3133.950881676278,2.90858555291879,3230.677475522051,2.9210549301232254,3199.9673949094476,2.891633613849289
488,3267.001334811129,2.9813568511892226,3234.467251461414,2.879182835726523,3133.740031076365,2.8934586950034182,3133.950881676278,2.9149788238105137,3230.677475522051,2.9101425558386773,3199.9673949094476,2.915823952313671
489,3267.001334811129,2.910800859432355,3234.467251461414,2.9424397142107765,3133.740031076365,2.850656001148009,3133.950881676278,2.912367823831936,3230.677475522051,2.9757142055871646,3199.9673949094476,2.9183957208420486
490,3267.001334811129,2.972901415188338,3234.467251461414,2.933652508218644,3133.740031076365,2.9705879292806854,3133.950881676278,2.990160870128933,3230.677475522051,2.961325084249805,3199.9673949094476,2.9657255614132807
491,3267.001334811129,3.006423295692986,3234.467251461414,2.9085320367621086,3133.740031076365,2.954518191897588,3133.950881676278,2.9553076405956165,3230.677475522051,2.9568285738536595,3199.9673949094476,2.9563219477603915
492,3267.001334811129,2.9150553731690216,3234.467251461414,2.838237219860203,3133.740031076365,2.863010834479019,3133.950881676278,2.9070682455295462,3230.677475522051,2.968874968379846,3199.9673949094476,2.898449328283527
493,3267.001334811129,2.8794104399050693,3234.467251461414,2.7380328203773554,3133.740031076365,2.8320442323593857,3133.950881676278,2.845115627104153,3230.677475522051,2.9944080677701734,3199.9673949094476,2.8578022375032277
494,3267.001334811129,2.9493344995836206,3234.467251461414,2.8963056574313906,3133.740031076365,2.92526549271343,3133.950881676278,2.8014289242872503,3230.677475522051,2.934825458439866,3199.9673949094476,2.9014320064911114
495,3267.001334811129,2.8825971807780006,3234.467251461414,3.0759183056542656,3133.740031076365,3.007604509147211,3133.950881676278,2.8553364892478403,3230.677475522051,2.902576179567573,3199.9673949094476,2.944806532878978
496,3267.001334811129,3.0058516644960362,3234.467251461414,2.7784448142420266,3133.740031076365,3.003128993820073,3133.950881676278,2.8655259550901118,3230.677475522051,2.9182340216557074,3199.9673949094476,2.9142370898607908
497,3267.001334811129,2.9557283025630516,3234.467251461414,2.7685510623863183,3133.740031076365,2.9881507568422,3133.950881676278,2.9490390917928155,3230.677475522051,2.972424958342824,3199.9673949094476,2.926778834385442
498,3267.001334811129,2.9043638707506823,3234.467251461414,2.7361291635760745,3133.740031076365,2.9716540508866522,3133.950881676278,3.0097620786227166,3230.677475522051,3.086747257060254,3199.9673949094476,2.9417312841792755
499,3267.001334811129,2.8503701965520625,3234.467251461414,2.8948933560967625,3133.740031076365,2.869371238081191,3133.950881676278,2.9829455075946596,3230.677475522051,3.0706397198658855,3199.9673949094476,2.933644003638112
500,3267.001334811129,2.8909164225197865,3234.467251461414,2.8646837049791474,3133.740031076365,2.9085761276113864,3133.950881676278,2.957909993917924,3230.677475522051,3.0037487038219024,3199.9673949094476,2.925166990570029
