generation,fitness_run_1,diversity_run_1,fitness_run_2,diversity_run_2,fitness_run_3,diversity_run_3,fitness_run_4,diversity_run_4,fitness_run_5,diversity_run_5,fitness_average,diversity_average
1,4294.015015469874,19.814672850083877,4277.275157387197,19.798051244859952,4227.00941724976,19.75457429004253,4240.625058015095,19.793676746868236,4212.755435873107,19.794958536774935,4250.336016799007,19.791186733725908
2,4294.015015469874,19.590022953983393,4277.275157387197,19.517925050058224,4219.408730749638,19.522983451335005,4164.248484771635,19.599541045276332,4151.544786731708,19.580028549215115,4221.29843502201,19.562100209973615
3,4294.015015469874,19.49430506385714,4277.275157387197,19.302368182947884,4219.408730749638,19.402039235433175,4164.248484771635,19.35816942109512,4151.544786731708,19.390156333013262,4221.29843502201,19.38940764726932
4,4294.015015469874,19.247909780248058,4233.645026198241,19.208082913031973,4091.37899048455,19.230414742493792,4164.248484771635,19.139410932167348,4151.544786731708,19.024748134295695,4186.966460731202,19.170113300447372
5,4214.664314426729,19.13832726992329,4233.645026198241,19.094196386446868,4091.37899048455,19.054427826530333,4164.248484771635,18.98818160290846,4151.544786731708,18.61409333142876,4171.096320522573,18.977845283447543
6,4214.664314426729,18.831805970596083,4132.067897709039,18.981415212760925,4091.37899048455,18.365829958417283,4164.248484771635,18.612161414131762,4151.544786731708,18.438312563887457,4150.780894824732,18.645905023958704
7,4178.404230478626,18.77006574155332,4132.067897709039,18.72351049003429,4091.37899048455,17.939315861596558,4164.248484771635,18.504819123224554,4100.956170126011,18.412420590592923,4133.411154713972,18.47002636140033
8,4178.404230478626,18.594504213890605,4132.067897709039,18.652985677319275,4091.37899048455,17.955593008851558,4034.601595987121,18.41986650774972,4100.956170126011,18.250402231282717,4107.48177695707,18.374670327818777
9,4178.404230478626,18.36639297550605,4132.067897709039,18.58392825319348,4052.611094375737,17.846642941428474,4034.601595987121,18.32746908580274,4100.956170126011,17.86527282686869,4099.728197735307,18.197941216559887
10,4163.608582125471,18.27457934494519,4132.067897709039,18.396654402405748,4052.611094375737,17.597669429280828,4034.601595987121,18.180477375720155,4100.956170126011,17.72536739153175,4096.769068064676,18.034949588776733
11,4138.529382707324,17.96796745417087,4132.067897709039,18.094146435668492,4052.611094375737,17.42420483383765,4034.601595987121,17.975432128174607,4100.956170126011,17.56874674442604,4091.7532281810463,17.806099519255532
12,4044.821000843985,18.007339204441223,4132.067897709039,17.737636769946594,4052.611094375737,17.019021568173052,4034.601595987121,17.821524254491827,4100.956170126011,17.216432335604132,4073.011551808379,17.560390826531364
13,4044.821000843985,17.801806914334602,4071.961133653371,17.480748050584936,4052.611094375737,16.763858854822193,4034.601595987121,17.50597755320824,4100.956170126011,17.16201669477941,4060.990198997245,17.342881613545877
14,4044.821000843985,17.465070632199843,4071.961133653371,17.337048061356214,4052.611094375737,16.624054143738693,4034.601595987121,17.416973205127473,4100.956170126011,16.985605558824442,4060.990198997245,17.165750320249334
15,4044.821000843985,17.29505915792073,4071.961133653371,16.70349463571613,4052.611094375737,16.161008559203783,4034.601595987121,16.815585719221417,3968.9850381029128,16.711176367744912,4034.595972592626,16.737264887961395
16,4044.821000843985,17.180146268096195,4071.961133653371,16.375458637688336,4052.611094375737,15.663657432793658,4034.601595987121,16.33040927720203,3968.9850381029128,16.52849009674826,4034.595972592626,16.415632342505695
17,4044.821000843985,17.169850333749903,3905.776328951555,16.20947980375404,4052.611094375737,15.446893670192294,4034.601595987121,15.809152570436437,3968.9850381029128,16.31330025945003,4001.3590116522623,16.18973532751654
18,4044.821000843985,16.98873575844923,3905.776328951555,16.05233069600156,4052.611094375737,14.980127405790315,4034.601595987121,15.264619236403242,3968.9850381029128,16.332098701639474,4001.3590116522623,15.923582359656763
19,4044.821000843985,16.881123093819475,3905.776328951555,15.91084984403989,3987.2986241237845,14.712985639172668,4034.601595987121,14.987590593991511,3968.9850381029128,16.196643553953024,3988.296517601872,15.737838544995313
20,4044.821000843985,16.477269583134667,3905.776328951555,15.701825596693277,3885.8514621004015,14.292896241002873,3942.333274170276,14.912551714225037,3968.9850381029128,16.02793298937554,3949.5534208338263,15.482495224886279
21,4044.821000843985,16.22730038514311,3905.776328951555,15.418652869842372,3885.8514621004015,13.738634864237197,3942.333274170276,14.874273615707951,3968.9850381029128,15.879050153617726,3949.5534208338263,15.227582377709671
22,4036.8612318331116,15.749908931821224,3905.776328951555,15.423911333537399,3885.8514621004015,13.614222528154912,3942.333274170276,14.723631895324411,3968.9850381029128,15.587697077653415,3947.9614670316514,15.019874353298272
23,4036.8612318331116,15.340549031148118,3905.776328951555,15.283013950189016,3885.8514621004015,13.585713305986081,3942.333274170276,14.645962419871607,3968.9850381029128,15.338839363468589,3947.9614670316514,14.838815614132681
24,4036.8612318331116,14.947731271672627,3905.776328951555,15.230523924028649,3885.8514621004015,13.474235487839884,3942.333274170276,14.487121009766673,3968.9850381029128,15.133640479386914,3947.9614670316514,14.65465043453895
25,4036.8612318331116,14.709968784808169,3905.776328951555,15.084642998593024,3885.8514621004015,13.326804881737482,3942.333274170276,14.393017346936283,3968.9850381029128,14.931174194047236,3947.9614670316514,14.489121641224438
26,3938.0515687291545,14.24350278024993,3905.776328951555,14.88203205685903,3885.8514621004015,13.033356379034277,3942.333274170276,14.229316616155296,3968.9850381029128,14.93927318792599,3928.1995344108605,14.265496204044902
27,3938.0515687291545,13.857984420600904,3905.776328951555,14.716513803659595,3885.8514621004015,12.774956140349314,3908.3600766624872,13.93173705076002,3968.9850381029128,14.934590170099872,3921.4048949093026,14.04315631709394
28,3938.0515687291545,13.091241551610816,3905.776328951555,14.606654397741403,3885.8514621004015,12.786780257904814,3856.5008537350495,13.724753728734438,3968.9850381029128,14.87472532719817,3911.0330503238147,13.816831052637928
29,3938.0515687291545,12.778053677471034,3905.776328951555,14.368581924500528,3885.8514621004015,12.741009117992531,3856.5008537350495,13.527076988233095,3968.9850381029128,14.752684756341932,3911.0330503238147,13.633481292907826
30,3913.317260036467,12.328852198629276,3905.776328951555,14.246997551999478,3867.3608068914837,12.557088141936243,3856.5008537350495,13.438496269035056,3968.9850381029128,14.55076037400618,3902.3880575434937,13.424438907121246
31,3913.317260036467,11.771388069068113,3905.776328951555,14.27120104218916,3867.3608068914837,12.350202024078415,3856.5008537350495,13.214403789539347,3910.4817673659927,14.210883058752763,3890.6874033961094,13.16361559672556
32,3852.331996534146,11.190308881339794,3905.776328951555,14.141473822880585,3715.114938310653,12.107800452485773,3856.5008537350495,13.27248254071108,3879.622628151955,13.99815824747241,3841.869349136671,12.942044788977928
33,3852.331996534146,10.934440864118757,3905.776328951555,14.03941259518029,3715.114938310653,11.865030879430176,3856.5008537350495,13.157179088463794,3879.622628151955,13.873542335093745,3841.869349136671,12.773921152457351
34,3852.331996534146,10.664094547607512,3905.776328951555,13.879169703131092,3715.114938310653,11.731669186771919,3817.789875769063,12.942426837375216,3879.622628151955,13.540741550422037,3834.1271535434744,12.551620365061556
35,3852.331996534146,10.512775211148703,3905.776328951555,13.779542804116497,3715.114938310653,11.571852367422883,3817.789875769063,12.781432050822357,3879.622628151955,13.31388421422984,3834.1271535434744,12.391897329548058
36,3852.331996534146,10.349716024643474,3905.776328951555,13.65728233390372,3715.114938310653,11.329017058430102,3685.471128949158,12.699523696365294,3879.622628151955,13.045269507338173,3807.663404179493,12.216161724136153
37,3852.331996534146,10.221839376859895,3905.776328951555,13.298358873910564,3715.114938310653,11.266181052893971,3685.471128949158,12.58614899276989,3879.622628151955,12.942732243012971,3807.663404179493,12.063052107889458
38,3852.2943913526124,10.021932122507389,3903.6022825548616,13.15424154095916,3610.1509539313274,11.052553738367498,3641.0619142692653,12.379065886921154,3879.622628151955,12.771192300888671,3777.346434052004,11.875797117928775
39,3807.345255151477,10.009683520095848,3903.6022825548616,13.112273461465941,3610.1509539313274,11.001710529943965,3577.2131770026813,12.202810116268838,3879.622628151955,12.589442295756086,3755.58685935846,11.783183984706135
40,3702.2035141446654,9.8942995399723,3903.6022825548616,12.873345871754399,3610.1509539313274,10.883140449753007,3577.2131770026813,12.027237974396797,3879.622628151955,12.382681179147454,3734.558511157098,11.61214100300479
41,3702.2035141446654,9.834955581205794,3903.6022825548616,12.740938554319934,3610.1509539313274,10.640287703116348,3558.1861001047737,11.89048293437653,3879.622628151955,12.198776921721851,3730.753095777517,11.461088338948091
42,3702.2035141446654,9.604266060946433,3903.6022825548616,12.454759957369891,3610.1509539313274,10.610029637852508,3558.1861001047737,11.798308047403875,3879.622628151955,12.075017958006773,3730.753095777517,11.308476332315895
43,3686.3432850342406,9.55443381317501,3826.3592130064303,12.237426329326741,3610.1509539313274,10.638171732985642,3558.1861001047737,11.785782652959286,3879.622628151955,11.877141034798699,3712.132436045745,11.218591112649076
44,3575.4286053791566,9.573001888438425,3826.3592130064303,12.088828831629613,3610.1509539313274,10.487988076575334,3558.1861001047737,11.781857100559874,3863.760640855729,11.787824251359124,3686.777102655483,11.143900029712475
45,3575.4286053791566,9.29141634366763,3826.3592130064303,12.005133428668904,3501.5286844483144,10.373894279907361,3513.7660488756774,11.741095416936671,3863.760640855729,11.721719367048028,3656.168638513061,11.026651767245719
46,3480.161092379899,9.04377041103969,3826.3592130064303,11.865666779440271,3501.5286844483144,10.260423819468102,3513.7660488756774,11.597923358243195,3776.523461641534,11.567544596099369,3619.667700070371,10.867065792858124
47,3435.386619569962,9.018179002519187,3823.4312401783104,11.813121761997767,3501.5286844483144,10.019876458137793,3513.7660488756774,11.37390228454336,3776.523461641534,11.553669122147435,3610.12721094276,10.755749725869109
48,3415.894707776968,8.850381472992824,3823.4312401783104,11.740795758918349,3465.1396746538862,9.875013136099899,3513.7660488756774,11.189178616175068,3760.6984931177185,11.49479706699556,3595.786032920512,10.63003321023634
49,3396.2669432650882,8.657524542098605,3823.4312401783104,11.680331886810647,3376.319334102141,9.70704859251805,3336.427477182949,10.962849930450906,3760.6984931177185,11.33463193124354,3538.628697569242,10.46847737662435
50,3396.2669432650882,8.424025097085686,3733.5445506026144,11.532484855855083,3365.8650782019618,9.5024994859839,3336.427477182949,10.863007325688734,3760.6984931177185,11.295773726994328,3518.5605084740664,10.323558098321547
51,3385.886961735698,8.197755886989002,3715.5716027084804,11.433525601919982,3289.6723337529183,9.372374718094655,3336.427477182949,10.625255803122844,3741.3772337045525,11.1155010673634,3493.7871218169203,10.148882615497977
52,3385.886961735698,8.20684449907379,3715.5716027084804,11.343871919525238,3289.6723337529183,9.2460519915562,3336.427477182949,10.486354202458456,3687.1215041940923,10.994899786882682,3482.9359759148283,10.055604479899275
53,3385.886961735698,8.01436767466684,3715.5716027084804,11.104783835766694,3289.6723337529183,9.159913774840568,3331.414507552686,10.314709656120863,3549.6437230235706,10.843162509946945,3454.4378257546714,9.887387490268381
54,3374.7591400365745,7.935790853219816,3715.5716027084804,11.040576790499784,3289.6723337529183,9.106261602111159,3160.3711372847397,10.161690154505072,3549.6437230235706,10.631112878582918,3418.0035873612565,9.77508645578375
55,3344.6170642534266,7.937550862961088,3715.5716027084804,10.6885060061929,3289.6723337529183,8.998386417029826,3104.784473032473,9.970391443987898,3549.6437230235706,10.458984900160742,3400.8578393541743,9.610763926066491
56,3276.815018812636,7.8016226474051935,3715.5716027084804,10.838747139088625,3288.02697477413,8.834582982837144,3104.784473032473,9.736757824954019,3527.7797041443737,10.030969501959163,3382.5955546944183,9.448536019248829
57,3222.314893479535,7.637890947626107,3715.5716027084804,10.828610166999214,3173.9902658989754,8.782452573132518,3104.784473032473,9.57918265712095,3401.003941456598,9.805468500161089,3323.533035315212,9.326720969007976
58,3185.9665507449563,7.418431176830994,3715.5716027084804,10.60290701901899,3173.9902658989754,8.671961218132783,3104.784473032473,9.628494249109195,3358.4477652243154,9.649546197812478,3307.75213152184,9.194267972180889
59,3185.9665507449563,7.32391200218601,3628.6118408680372,10.473880706374356,3173.9902658989754,8.415856369736593,3045.617870907113,9.474444091628861,3358.4477652243154,9.499634368012076,3278.5268587286796,9.037545507587579
60,3183.279776939776,7.29153646149247,3619.895829657338,10.27848726932178,3173.9902658989754,8.123114077593346,3045.617870907113,9.488101117559665,3358.4477652243154,9.49560265067541,3276.246301725503,8.935368315328535
61,3113.6373577494455,7.259271060827875,3619.895829657338,10.05374668802494,3173.9902658989754,8.021163645292622,2994.405425223494,9.409863444298082,3358.4477652243154,9.30286671845901,3252.0753287507137,8.809382311380507
62,2987.018602393638,7.192074798616426,3617.4961478947516,9.78455536923207,3133.32019364941,7.816018549029286,2994.405425223494,9.306115790409288,3265.766616876428,9.195950155754893,3199.6013972075443,8.658942932608394
63,2987.018602393638,7.00118249407526,3611.6935342648917,9.553718495129175,3133.32019364941,7.501732466579571,2994.405425223494,9.24005293733929,3265.766616876428,8.87586307043071,3198.440874481573,8.434509892710802
64,2987.018602393638,6.920477050185179,3487.3374680164993,9.535204312400436,3122.2552717901085,7.428639185847548,2994.405425223494,9.080662673516056,3265.766616876428,8.641004193487573,3171.3566768600335,8.321197483087358
65,2987.018602393638,6.926618669243345,3379.800779177753,9.353327763852421,3113.339100869974,7.319809000203438,2994.405425223494,8.92648588482358,3265.766616876428,8.469674178462299,3148.066104908258,8.199183099317016
66,2987.018602393638,6.85913887146778,3379.800779177753,9.245182342481469,3041.623644361792,7.274120815670115,2994.405425223494,8.771542655075743,3176.4767178134507,8.206299513659136,3115.8650337940257,8.071256839670848
67,2927.318334972501,6.822056667270552,3379.800779177753,9.134453756627611,2994.693295678362,7.213880365525041,2994.405425223494,8.743985927884527,3042.7270732740953,8.068437610578655,3067.7889816652414,7.996562865577277
68,2927.318334972501,6.792602123530301,3379.800779177753,9.03729409746601,2994.693295678362,7.0854321949726575,2993.9341574799214,8.646116916269506,3042.7270732740953,7.966557615225312,3067.6947281165267,7.905600589492758
69,2927.318334972501,6.763879449172189,3379.800779177753,8.952978646233156,2994.693295678362,7.039346850281524,2972.0871287655477,8.456139398186439,3042.7270732740953,7.9769246724986065,3063.3253223736524,7.837853803274383
70,2927.318334972501,6.644188961742362,3379.800779177753,8.785687925267288,2989.8722003112184,6.76242383637332,2958.8584853026687,8.321798361257368,3042.7270732740953,7.857307055160386,3059.7153746076474,7.674281227960146
71,2887.7439126963195,6.522439618968919,3379.800779177753,8.645314318248076,2974.566465540614,6.841008856889244,2938.587068172522,8.197665334134792,3037.4178205424646,7.842220045227016,3043.623209225935,7.609729634693609
72,2887.7439126963195,6.518063479371568,3379.800779177753,8.54322450311876,2928.4308981543986,6.830533914463978,2876.5468835943534,8.146532442029287,2890.9681650317816,7.7668365380321385,2992.6981277309214,7.561038175403146
73,2887.7439126963195,6.442968195100264,3379.800779177753,8.520225894231187,2928.4308981543986,6.790966245995834,2876.5468835943534,7.966096791101963,2890.9681650317816,7.622341194136459,2992.6981277309214,7.468519664113141
74,2871.0512385480474,6.362900330104733,3379.800779177753,8.425052196446726,2919.4450772595787,6.640370567790009,2796.3860736112483,7.765146810110058,2880.145473048152,7.5427968486173835,2969.3657283289563,7.347253350613782
75,2788.0835992894404,6.270127446724832,3379.800779177753,8.352541546555804,2919.4450772595787,6.461509936807827,2775.9838760354746,7.685127345148446,2841.452203699796,7.474192751320137,2940.9531070924086,7.248699805311409
76,2788.0835992894404,6.143717485748386,3305.726860676164,8.337366750165717,2878.4357184731853,6.321132369164345,2747.463907140504,7.538291906129548,2841.452203699796,7.212817051059721,2912.2324578558173,7.110665112453543
77,2788.0835992894404,6.024863833106389,3273.580894305895,8.085164174960418,2873.8895606138285,6.33595665613903,2698.8678627206946,7.327772304881971,2841.452203699796,7.32142658713592,2895.174824125931,7.0190367112447465
78,2616.477216320547,5.883527518933004,3273.580894305895,8.001849954543367,2870.1733868596707,6.256422076397131,2698.8678627206946,7.2890971686857196,2841.452203699796,7.33804592555395,2860.1103127813208,6.953788528822635
79,2616.477216320547,5.619488445804642,3273.580894305895,7.911127715823094,2842.7153202614036,6.269948554184739,2698.8678627206946,7.237567882534258,2841.452203699796,7.199132806734113,2854.618699461667,6.84745308101617
80,2616.477216320547,5.5318745230080095,3273.580894305895,7.754941138252973,2842.7153202614036,6.193597338977465,2678.848287286986,7.2066893782536265,2841.452203699796,7.037350882714606,2850.6147843749254,6.744890652241336
81,2616.477216320547,5.41504071056635,3231.3633727381957,7.763912720771058,2842.7153202614036,6.062216780598,2678.848287286986,7.0639193621461365,2841.452203699796,6.832379622316367,2842.171280061386,6.627493839279583
82,2616.477216320547,5.224129519476622,3231.3633727381957,7.812323011676116,2842.7153202614036,6.024828336350112,2678.848287286986,6.955691407628204,2841.452203699796,6.522180851836034,2842.171280061386,6.507830625393419
83,2616.477216320547,5.089097211326853,3217.4422287643683,7.782581357958878,2811.3283968699443,5.921004037523843,2671.459790803176,6.891056361578726,2786.4981512095997,6.320149936065684,2820.6411567935274,6.400777780890797
84,2616.477216320547,5.0579545176389775,3217.4422287643683,7.720609779727474,2789.287492802567,5.9361738097752115,2671.459790803176,6.815982932123614,2786.4981512095997,6.187183248957758,2816.2329759800514,6.343580857644607
85,2616.477216320547,4.852129462062293,3217.4422287643683,7.523763863361307,2784.984209979128,5.878763860898543,2587.2933299244637,6.77064671559807,2738.1915446897888,6.09733805486247,2788.877705935659,6.224528391356536
86,2616.477216320547,4.744240079247454,3109.602936050779,7.431447688665284,2784.984209979128,5.822327931958567,2587.2933299244637,6.738147938380492,2738.1915446897888,6.028236841332781,2767.3098473929413,6.152880095916915
87,2616.477216320547,4.550510569581622,3109.602936050779,7.397862990960948,2761.5899159211,5.694582620645853,2587.2933299244637,6.597096119439998,2661.082014835797,5.818521626654619,2747.209082610537,6.011714785456608
88,2616.477216320547,4.415584210101587,3109.602936050779,7.291113902604275,2761.5899159211,5.675477637778163,2587.2933299244637,6.50978996136281,2661.082014835797,5.7505887454493685,2747.209082610537,5.92851089145924
89,2616.477216320547,4.296648176175982,3109.602936050779,7.159644232617476,2761.5899159211,5.595686721354026,2569.3642835578466,6.476527620913529,2661.082014835797,5.526398876349913,2743.623273337214,5.810981125482185
90,2616.477216320547,4.1746660460660365,3109.602936050779,7.105590912643521,2690.945426387042,5.56057324178075,2569.3642835578466,6.4848243547468964,2600.8011628396457,5.386480845048371,2717.438205031172,5.742427080057116
91,2616.477216320547,4.1273455462866515,3109.602936050779,6.842557525828888,2690.945426387042,5.513834807951081,2569.3642835578466,6.40583124381329,2600.8011628396457,5.3328152297646625,2717.438205031172,5.644476870728914
92,2616.477216320547,3.9834444240340083,3084.9367225393144,6.768268979452678,2690.945426387042,5.437257359919956,2560.735136183652,6.39365287265399,2600.8011628396457,5.383814194036074,2710.7791328540397,5.593287566019342
93,2616.477216320547,3.968542894632098,3058.159297270741,6.659007426557586,2682.7258267420184,5.387512785067733,2560.735136183652,6.3239904834432075,2600.8011628396457,5.2799343899400375,2703.7797278713206,5.523797595928132
94,2616.477216320547,3.836107357842038,3058.159297270741,6.448891393035399,2682.7258267420184,5.292431664078329,2550.753512881734,6.304935509943772,2600.8011628396457,5.246544578351952,2701.783403210937,5.425782100650298
95,2616.477216320547,3.8367331706092207,2990.726766903836,6.476970828550203,2682.7258267420184,5.141958135039871,2544.4762672667234,6.229019693340911,2600.8011628396457,5.1095492771417605,2687.041448014554,5.3588462209363925
96,2616.477216320547,3.774669992329012,2990.726766903836,6.381286614958567,2682.7258267420184,4.989087234573642,2535.3897825093127,6.132947892204347,2594.609726175762,4.936049398657005,2683.985863730295,5.242808226544514
97,2616.477216320547,3.6867966471616738,2990.726766903836,6.254641691636409,2613.4761075025963,4.982423571603901,2535.3897825093127,6.093955333822549,2585.1371573826195,4.765882657040253,2668.2414061237823,5.156739980252956
98,2616.477216320547,3.6487465867091218,2990.726766903836,6.131531944811514,2613.4761075025963,4.9057631097887855,2504.161061758589,6.052692939586809,2555.0690498777626,4.624357464982258,2655.982040472666,5.072618409175698
99,2616.477216320547,3.509783979705216,2990.726766903836,6.03269865557435,2613.4761075025963,4.814848400299254,2471.3405458528755,6.1047295717049,2555.0690498777626,4.406291797310564,2649.4179372915232,4.973670480918857
100,2566.582417983434,3.3633405990838146,2867.6883710467005,5.94680527214577,2613.4761075025963,4.603877181056154,2471.3405458528755,6.00242972942309,2555.0690498777626,4.302366932074965,2614.8312984526738,4.843763942756758
101,2566.582417983434,3.2631286761789258,2867.6883710467005,5.93492261471209,2613.4761075025963,4.480020743296857,2471.3405458528755,5.863380638228894,2506.848151773456,4.337778006655347,2605.1871188318123,4.775846135814423
102,2566.582417983434,3.1682146030780713,2867.6883710467005,5.874001356391772,2613.4761075025963,4.293255589701227,2471.3405458528755,5.722324415633733,2506.848151773456,4.251718444640913,2605.1871188318123,4.6619028818891435
103,2566.582417983434,3.1951221237738214,2867.6883710467005,5.807989064497548,2613.4761075025963,4.107648328760535,2466.5505343669533,5.550890829458707,2506.848151773456,4.307682936560092,2604.229116534628,4.593866656610141
104,2566.582417983434,3.2101440100766863,2855.780954258003,5.740763349442094,2611.1342545414814,4.009330962798085,2400.0685920117703,5.450381402734525,2506.848151773456,4.253074810027069,2588.0828741136293,4.532738907015692
105,2533.5288987612466,3.1222386835216844,2841.8622937276245,5.628957008438998,2604.137334953771,3.9871948421570167,2400.0685920117703,5.351921037756909,2506.848151773456,4.116600148216595,2577.289054245574,4.4413823440182405
106,2533.5288987612466,3.0179511989052035,2785.294519524257,5.431717704689015,2596.989186279831,3.812532738944667,2400.0685920117703,5.26663501136652,2499.2427672438403,4.060701552587206,2563.024792764189,4.317907641298523
107,2533.5288987612466,2.9497548769827207,2785.294519524257,5.31787569622883,2596.989186279831,3.585500666430165,2400.0685920117703,5.149296465528707,2493.994783150231,4.0441927212038955,2561.975195945467,4.209324085274863
108,2533.5288987612466,2.903504817481194,2785.294519524257,5.256322359803072,2589.248830354814,3.4453708611647516,2381.4291410795163,5.110119493837733,2493.994783150231,4.005988172592244,2556.6992345740127,4.144261140975798
109,2529.300985604011,2.7239764215484494,2785.294519524257,5.265852643506043,2589.248830354814,3.4273470481140045,2378.1453021689304,5.024137182875147,2487.1020569695206,3.978761057097735,2553.8183389243068,4.084014870628275
110,2529.300985604011,2.5801204001710314,2785.294519524257,5.09405863393365,2582.054019536211,3.347531666451296,2378.1453021689304,4.886135472763731,2487.1020569695206,3.821870645495517,2552.379376760586,3.945943363763045
111,2529.300985604011,2.501490654960578,2740.9480944956326,4.985833924757069,2553.477209177308,3.2022188810260612,2378.1453021689304,4.696518063812823,2461.25622005827,3.6519275995225344,2532.6255623008306,3.807597824815813
112,2516.6165337081293,2.5250446299366525,2720.79205666878,4.965473595619164,2553.477209177308,3.1257072472124685,2350.8554779934084,4.565756369142551,2461.25622005827,3.518779689953471,2520.5994995211795,3.740152306372862
113,2516.6165337081293,2.5681373673124646,2720.79205666878,4.9093567889245975,2553.477209177308,3.06020447846516,2350.8554779934084,4.503115458946469,2461.25622005827,3.402269464427293,2520.5994995211795,3.6886167116151967
114,2516.6165337081293,2.5812957133299075,2720.79205666878,4.814068266110703,2548.988457345939,3.035419452731956,2350.8554779934084,4.314688934986626,2450.8804800830435,3.3690857615404317,2517.62660115986,3.622911625739925
115,2487.574828920156,2.5800291687468127,2720.79205666878,4.674766016428681,2548.988457345939,2.939973147880418,2349.4794770873273,4.131022932417122,2443.438945872065,3.3134597912358386,2510.0547531788534,3.5278502113417742
116,2487.574828920156,2.401666955119396,2700.6005382024555,4.653248510076801,2548.988457345939,2.904244293903345,2345.3540319183285,3.9599916585553836,2443.438945872065,3.306815213994916,2505.191360451789,3.445193326329968
117,2487.574828920156,2.360810674548378,2689.2281967352287,4.507483582655816,2540.5847961436875,2.6754669927749957,2334.6163276871343,3.8236273704807786,2439.5256890724345,3.308282778303346,2498.305967711728,3.335134279752663
118,2487.574828920156,2.329329172197827,2689.2281967352287,4.364799202627089,2537.025062599119,2.501628535078431,2334.6163276871343,3.7534974936765138,2425.298023064098,3.26331956346924,2494.748487801147,3.24251479340982
119,2487.574828920156,2.253276772617995,2689.2281967352287,4.309320606481024,2529.885555374184,2.5071561523332324,2334.6163276871343,3.7546638565662325,2414.3471752575883,3.2358233298196324,2491.1304167948583,3.212048143563623
120,2487.574828920156,2.2258040598019333,2689.2281967352287,4.3153322000658845,2529.885555374184,2.3689046602401964,2334.6163276871343,3.708293556582303,2406.0765301032784,3.247010679218173,2489.4762877639964,3.173069031181698
121,2487.574828920156,2.2599706685433634,2689.2281967352287,4.306947711792163,2498.4168432204965,2.166737026231793,2334.6163276871343,3.465863443000558,2389.079669096835,3.1528756803850446,2479.78317313197,3.0704789059905844
122,2487.574828920156,2.24271505546985,2689.2281967352287,4.181041871437779,2498.4168432204965,2.2161030599225273,2331.91963589529,3.3517093201455506,2389.079669096835,3.114181516012444,2479.2438347736015,3.02115016459763
123,2487.574828920156,2.294213274618948,2689.2281967352287,4.0566168887314635,2498.4168432204965,2.07736396257757,2327.5443443985455,3.161485206132736,2369.9888729519134,3.1498395482340986,2474.5506172452683,2.9479037760589635
124,2487.574828920156,2.078470925256509,2679.232392234769,3.9495384845136465,2498.4168432204965,2.070130997188491,2327.5443443985455,2.977951570853699,2369.9888729519134,3.0621006526836734,2472.551456345176,2.827638526099204
125,2487.574828920156,2.1446320502641325,2656.0686819645753,3.779694294428861,2498.4168432204965,1.8737150163357206,2327.5443443985455,2.8598239766169793,2369.9888729519134,2.9886537613562094,2467.9187142911373,2.7293038198003807
126,2487.574828920156,2.099006247184248,2644.959666061015,3.7021733182367567,2497.0392845207116,1.8111306997219312,2327.5443443985455,2.8394817884050743,2369.9888729519134,2.925170973770116,2465.4213993704684,2.6753926054636255
127,2487.574828920156,2.1092029458537533,2636.66802541545,3.6810910460030404,2497.0392845207116,1.8846318060331926,2325.9539122247425,2.744992845136787,2369.6421053777954,2.922965970551246,2463.3756312917712,2.668576922715604
128,2487.574828920156,2.030509727549247,2636.66802541545,3.6370104521382833,2485.4546115400053,1.962761130329075,2320.7584370526306,2.5984687425795303,2369.1143553344627,2.867680776802656,2459.914051652541,2.619286165879758
129,2485.6250806432786,2.0659557898026026,2636.66802541545,3.6327958734096213,2485.4546115400053,1.9427720003753544,2316.7467273903308,2.6703308581894993,2365.7503372853357,2.823366829167774,2458.0489564548798,2.6270442701889705
130,2485.6250806432786,2.29635860813797,2636.66802541545,3.541959675091588,2468.1181686958575,1.8022809789075285,2311.306490893058,2.6807004421430505,2362.0221241073614,2.720275346923709,2452.747977951001,2.6083150102407693
131,2485.6250806432786,2.215774442017889,2636.66802541545,3.3783985026326415,2468.1181686958575,1.801283140557516,2311.306490893058,2.6522909319897967,2359.7488201337333,2.673163721609196,2452.2933171562754,2.5441821477614077
132,2479.57508009135,2.3264472505587634,2636.66802541545,3.311107213250265,2468.1181686958575,1.852658279881621,2308.447262313502,2.7443061149771926,2353.9017517088573,2.7423761071607697,2449.3420576450035,2.5953789931657223
133,2474.50178030563,2.3209541012983044,2636.66802541545,3.2641961921880176,2468.1181686958575,1.8725793958200556,2304.584295941378,2.7808185640203416,2353.9017517088573,2.8447256433227075,2447.554804413435,2.6166547793298855
134,2474.50178030563,2.234314698337139,2636.66802541545,3.1789126512074852,2468.1181686958575,1.933608019944187,2299.74513687984,2.918159297818614,2352.777823639255,2.8989030085117236,2446.3621869872063,2.63277953516383
135,2433.019172591116,2.3166642211266226,2636.66802541545,3.1232508507939114,2468.1181686958575,1.9757183582285405,2279.4169380207527,2.8533431590461658,2352.047227729522,2.8124733160202675,2433.8539064905394,2.6162899810431015
136,2433.019172591116,2.3651405383972723,2636.66802541545,2.9852911479441726,2468.1181686958575,2.001733443067384,2279.4169380207527,2.839282123629248,2352.047227729522,2.6764356040178536,2433.8539064905394,2.573576571411186
137,2433.019172591116,2.326200205334022,2636.66802541545,2.915935369252437,2468.1181686958575,2.046547661022494,2266.1861663139275,2.867149266367985,2349.4606884878294,2.586774825081216,2430.690444300836,2.548521465411631
138,2421.50435921552,2.4326963401884076,2636.66802541545,2.8755293229861687,2467.5626845648344,2.0972219704333943,2248.595375577815,2.8744149543518773,2349.4606884878294,2.5498554104897284,2424.75822665229,2.5659435996899154
139,2421.50435921552,2.425710739100667,2636.66802541545,2.8786094790061494,2467.5626845648344,2.055967374610779,2248.595375577815,2.9405272870001253,2346.3689535247786,2.5134125262990206,2424.1398796596795,2.562845481203348
140,2421.50435921552,2.457967629987823,2636.66802541545,2.824380992845997,2464.220888018003,2.0976155888784147,2242.1906287524266,2.880202793197857,2308.936373264562,2.474719190076558,2414.7040549331923,2.5469772389973295
141,2421.50435921552,2.3218312497203883,2636.66802541545,2.8093986678835696,2451.896393777082,1.9359094976369562,2208.648049791076,2.9843098824707024,2308.936373264562,2.331763681665502,2405.5306402927376,2.4766425958754237
142,2421.50435921552,2.4305768128583285,2636.66802541545,2.6018094802317067,2448.070351240364,1.9091545387291604,2194.933198744859,2.942172978783718,2308.936373264562,2.337946021344743,2402.022461576151,2.444331966389531
143,2421.50435921552,2.44003110252362,2636.66802541545,2.5432640018728643,2439.5904217559105,2.0119771853859607,2194.933198744859,2.9098755886147942,2308.936373264562,2.0691573727072976,2400.32647567926,2.394861050220907
144,2421.50435921552,2.2602321628210356,2636.66802541545,2.498747534953428,2432.541892976552,2.026570847988041,2194.933198744859,2.9044238912591585,2308.936373264562,2.076361930720375,2398.9167699233885,2.3532672735484077
145,2421.50435921552,2.218344407702531,2636.66802541545,2.4392638652498233,2432.541892976552,2.090734520176954,2186.8729239633803,2.8803713761791916,2308.936373264562,2.119300262315292,2397.304714967093,2.349602886324758
146,2421.50435921552,2.259941170582962,2636.66802541545,2.469190674320714,2427.976282949807,2.111941472041597,2165.801076757408,3.004220543243912,2308.936373264562,2.14340391340358,2392.177223520549,2.397739554718553
147,2421.50435921552,2.2091365900339164,2636.66802541545,2.399777482879622,2427.976282949807,2.1128780068068327,2165.801076757408,2.8538772615253065,2308.936373264562,2.0204729048383303,2392.177223520549,2.319228449216802
148,2421.50435921552,2.0693729690836635,2636.0373025979534,2.305564960556305,2422.7738308261523,2.140512586648752,2165.801076757408,2.7981836064357806,2308.936373264562,2.034454006460864,2391.0105885323187,2.269617625837073
149,2412.5848211217267,2.1183218833305584,2636.0373025979534,2.3216389353118676,2422.7738308261523,2.1421821670794223,2165.801076757408,2.725856017285964,2308.936373264562,1.9853981249589518,2389.2266809135604,2.2586794255933524
150,2412.5848211217267,2.014623862384563,2636.0373025979534,2.2404799382404024,2422.7738308261523,2.1813221940552725,2165.801076757408,2.7604132457860984,2308.936373264562,2.0577331314090714,2389.2266809135604,2.2509144743750817
151,2412.5848211217267,2.139011864826816,2636.0373025979534,2.231347289953924,2422.7738308261523,2.105781848241376,2165.444760646834,2.6066022853634605,2308.936373264562,2.0650162636035474,2389.1554176914456,2.2295519103978245
152,2412.5848211217267,2.12811751555418,2617.0777492191437,2.082650671895118,2422.7738308261523,2.214417304768273,2165.444760646834,2.465006875269495,2301.0212437487203,2.1971594747044625,2383.7804811125156,2.2174703684383053
153,2412.5848211217267,2.060756180307115,2617.0777492191437,2.015251677824876,2422.7738308261523,2.138318855381329,2165.444760646834,2.3052298448232027,2301.0212437487203,2.345720057861308,2383.7804811125156,2.173055323239566
154,2412.5848211217267,2.020123929318724,2617.0777492191437,1.9479069820275072,2422.7738308261523,2.152540174784198,2165.444760646834,2.116787055574437,2301.0212437487203,2.344874399086041,2383.7804811125156,2.1164465081581816
155,2401.788756086782,1.937422971210703,2613.3317459825976,2.031158390860597,2416.3894148979284,2.072341597000046,2159.3224662390276,1.7650311491990087,2299.349636091035,2.492775899411815,2378.0364038594744,2.059746001536434
156,2393.2625777966123,1.9715714247290457,2613.3317459825976,2.127072780541988,2415.725302046794,2.024674880202336,2159.3224662390276,1.7145635623147908,2299.349636091035,2.50593595446789,2376.198345631213,2.0687637204512104
157,2391.587266587473,1.9796044482100563,2613.3317459825976,2.2680118951936503,2414.0747104070515,1.9801155257025762,2159.3224662390276,1.6125492130515573,2290.4657490094846,2.472853972542795,2373.756387645127,2.062627010940127
158,2391.0589376788903,2.0508146420145366,2600.4414880423287,2.3665971961129357,2413.410597555917,1.9826809218130101,2159.3224662390276,1.4913597654192756,2289.5247320646786,2.4200846135382315,2370.751644316168,2.062307427779598
159,2380.8574481795818,2.0593411529215713,2600.4414880423287,2.3054833989654155,2413.410597555917,2.012217878985861,2146.68426950228,1.6495235167127884,2289.5247320646786,2.41034363811742,2366.183707068957,2.087381917140611
160,2380.8574481795818,2.0763119736772224,2600.4414880423287,2.3003334552720074,2413.410597555917,1.9640002192424093,2146.68426950228,1.5543732678680091,2289.5247320646786,2.4235151026320962,2366.183707068957,2.063706803738349
161,2380.8574481795818,2.1347955357108694,2600.4414880423287,2.119572278437315,2413.410597555917,1.912899096598597,2141.9313891998345,1.6298137375142532,2285.3395899389825,2.396393837199481,2364.396102583329,2.0386948970921033
162,2350.2600432697923,2.1785111115492484,2600.4414880423287,2.0691246922106603,2413.410597555917,1.8579085294923208,2141.9313891998345,1.8772325667540093,2285.3395899389825,2.3996921116205034,2358.276621601371,2.0764938023253485
163,2350.2600432697923,2.0863670039637383,2600.4414880423287,2.2020189713967806,2413.410597555917,1.7674479678872512,2132.6997604170515,2.013033780136377,2285.3395899389825,2.313359652956903,2356.4302958448143,2.07644547526821
164,2350.2600432697923,1.9900297142202226,2600.4414880423287,2.135679075682443,2413.410597555917,1.7341959579845778,2132.6997604170515,2.1191569035014077,2285.3395899389825,2.197915218634059,2356.4302958448143,2.035395374004542
165,2350.2600432697923,1.9714314026729218,2600.4414880423287,2.0565385722312706,2413.410597555917,1.53227408579273,2132.6997604170515,2.1293828714969267,2283.2328698654264,2.287547715380894,2356.008951830103,1.9954349295149485
166,2350.2600432697923,1.9535851342123927,2600.4414880423287,2.010017139377016,2410.4145414447476,1.365928754028814,2132.6997604170515,2.051602986351089,2283.2328698654264,2.297762039540434,2355.409740607869,1.9357792107019491
167,2340.4622845096114,1.8929607686641015,2600.4414880423287,2.028412244543601,2410.4145414447476,1.4894314196387077,2132.6997604170515,1.9768585215536973,2283.2328698654264,2.248787018895828,2353.4501888558334,1.927289994659187
168,2340.4622845096114,1.8813603305042965,2600.4414880423287,1.967189698408756,2410.4145414447476,1.570885145416871,2132.6997604170515,2.0746291968782624,2278.9127895454544,2.3065121355000895,2352.586172791839,1.960115301341655
169,2340.4622845096114,1.8508642328115876,2600.4414880423287,1.9720779049802277,2410.4145414447476,1.3231992905184484,2132.6997604170515,1.98253473468149,2278.9127895454544,2.215542771693369,2352.586172791839,1.8688437869370247
170,2340.4622845096114,1.889812612497561,2600.4414880423287,2.035699800119002,2410.4145414447476,1.4787152581412617,2132.6997604170515,1.879522996723235,2278.318540174767,2.2000232743356243,2352.4673229177015,1.8967547883633364
171,2340.4622845096114,1.8880906279779235,2600.4414880423287,1.996602159747505,2410.4145414447476,1.6050806137571398,2113.9917390888713,1.9440585624720683,2265.012903681676,2.1599019022643406,2346.064591353447,1.9187467732437953
172,2340.4622845096114,1.935065350378456,2600.4414880423287,2.1065025039219964,2410.4145414447476,1.725846510309469,2113.9917390888713,1.9103265820955369,2265.012903681676,2.1769966284966404,2346.064591353447,1.9709475150404194
173,2340.4622845096114,1.9431427829970025,2600.4414880423287,2.130469660102403,2410.4145414447476,1.6911238916955218,2113.9917390888713,1.9324132180774858,2260.6519246419753,2.1715390764203426,2345.1923955455068,1.9737377258585513
174,2340.4622845096114,1.8648922455442514,2600.4414880423287,2.2596670422541165,2410.4145414447476,1.7460290687472868,2113.9917390888713,1.9315122851568032,2260.6519246419753,2.163672408147619,2345.1923955455068,1.9931546099700153
175,2321.953172716037,1.7491459045516067,2600.4414880423287,2.2404909436933176,2410.4145414447476,1.825354534450166,2113.9917390888713,2.103604719585608,2258.807559144838,2.2490726001226284,2341.121700087365,2.033533740480665
176,2321.953172716037,1.6229725303351263,2600.4414880423287,2.294854088067948,2410.4145414447476,1.822764021356565,2113.9917390888713,1.9268382700822424,2251.873139059443,2.356259333940695,2339.734816070286,2.004737648756515
177,2318.9627018967935,1.5984992810657206,2600.4414880423287,2.2888205472771657,2410.4145414447476,1.6796341864849296,2107.526147411083,1.922936893584099,2251.873139059443,2.3009616848504337,2337.843603570879,1.9581705186524698
178,2318.9627018967935,1.6249853716396685,2600.4414880423287,2.2482727478620568,2406.787621864317,1.760711610782832,2107.526147411083,1.9833477358630651,2251.873139059443,2.297952023373241,2337.1182196547934,1.9830538979041727
179,2318.9627018967935,1.6466185230486894,2600.4414880423287,2.179114899797834,2389.4991115963685,1.735934682653155,2107.526147411083,1.8882632457205335,2251.873139059443,2.250137579406876,2333.660517601203,1.9400137861254172
180,2318.9627018967935,1.7961131444057783,2600.4414880423287,2.03754524479733,2389.4991115963685,1.7706982541314393,2107.526147411083,1.8725177776709545,2251.873139059443,2.1068556357429826,2333.660517601203,1.9167460113496968
181,2318.9627018967935,1.7963828556064685,2600.4414880423287,1.9021492091498133,2389.4991115963685,1.936138083163248,2092.0557996839766,1.9099093207438964,2251.873139059443,2.074842706620422,2330.5664480557816,1.9238844350567696
182,2318.9627018967935,1.7883948178162088,2587.277693017797,1.8779574910393733,2385.872192015938,1.9793084625630173,2092.0557996839766,1.8693810077460722,2251.873139059443,1.8043654714586117,2327.2083051347895,1.8638814501246568
183,2318.9627018967935,1.695455848685064,2587.277693017797,1.8604700452747172,2385.872192015938,2.0521408720111936,2090.260452973999,1.842857545221076,2236.515761339916,1.6950757051638086,2323.7777602488886,1.829200003271172
184,2318.9627018967935,1.496359554029994,2587.277693017797,1.7691215069457384,2385.872192015938,2.0412592394015525,2090.260452973999,1.788998656765352,2236.515761339916,1.6490185480731174,2323.7777602488886,1.7489515010431511
185,2318.9627018967935,1.590988573452102,2587.277693017797,1.6707344102220447,2385.872192015938,2.0868755292148484,2088.0589603722265,1.7261038435054172,2236.515761339916,1.636605431230111,2323.3374617285344,1.7422615575249047
186,2318.9627018967935,1.6043305983015845,2587.277693017797,1.6715109578716951,2381.5353052584896,2.277837081003471,2088.0589603722265,1.7753416216932496,2236.515761339916,1.8009764092306833,2322.4700843770443,1.8259993336201366
187,2318.9627018967935,1.6707592579825843,2587.277693017797,1.5533137423640275,2381.5353052584896,2.412269992711425,2076.9915978486647,1.7369020144001082,2236.515761339916,1.898536044096985,2320.256611872332,1.854356210311026
188,2300.453590103219,1.6230130079048752,2587.277693017797,1.4763469058821548,2381.5353052584896,2.3392132453304426,2071.127391442223,1.6580933244450449,2236.515761339916,1.8120473371990269,2315.3819482323293,1.781742764152309
189,2300.453590103219,1.5800387021371336,2587.277693017797,1.319630310890609,2374.5029821766802,2.229919454220258,2071.127391442223,1.6570916953664763,2236.515761339916,1.7322719888849176,2313.9754836159673,1.703790430299879
190,2300.453590103219,1.531954841551653,2587.277693017797,1.407302102474182,2374.5029821766802,2.231018261689303,2071.127391442223,1.8370614705376873,2236.515761339916,1.6751285815790986,2313.9754836159673,1.7364930515663848
191,2300.453590103219,1.6723169269906943,2587.277693017797,1.4950557617435178,2374.5029821766802,2.176268220623171,2071.127391442223,1.835331350300102,2236.515761339916,1.5777483468928077,2313.9754836159673,1.7513441213100585
192,2300.453590103219,1.643514020992483,2587.277693017797,1.5340188771222625,2374.5029821766802,2.192490722338161,2071.127391442223,1.8315026596772939,2236.515761339916,1.7042941896316954,2313.9754836159673,1.7811640939523792
193,2300.453590103219,1.7281154749884857,2587.277693017797,1.440729571028845,2370.8760625962495,2.1093030715975973,2068.925898840451,2.0428147074823158,2236.515761339916,1.6445388382237156,2312.8098011795264,1.7931003326641917
194,2300.453590103219,1.692400336493863,2587.277693017797,1.5238702997445417,2370.8760625962495,2.227962943311182,2064.1536146159806,2.0141300565082534,2227.555053098327,1.4202043526652635,2310.0632026863145,1.7757135977446208
195,2300.453590103219,1.7617131519957137,2587.277693017797,1.5185145525672843,2347.5041754006397,2.2966843675630733,2064.1536146159806,1.9913993994595967,2227.555053098327,1.5387192476680798,2305.388825247193,1.8214061438507496
196,2300.453590103219,1.759172327503246,2587.277693017797,1.5522605304753485,2347.5041754006397,2.354148015776981,2064.1536146159806,2.130756343237968,2227.555053098327,1.3150017680307207,2305.388825247193,1.8222677970048529
197,2300.453590103219,1.8243940172770827,2587.277693017797,1.5866996459381861,2347.5041754006397,2.4579182175293055,2064.1536146159806,2.257161650520154,2227.555053098327,1.2808311870052749,2305.388825247193,1.881400943654001
198,2293.059670421189,1.7974124726427023,2587.277693017797,1.4477229040215416,2339.540369062761,2.3887325751585555,2055.4664175293306,2.1995615829479997,2227.555053098327,1.4244767183167781,2300.579840625881,1.8515812506175156
199,2293.059670421189,1.6768263940034633,2587.277693017797,1.467151517414918,2339.540369062761,2.4161166665753355,2036.6805421526415,2.1464576623104157,2227.555053098327,1.7140046108565978,2296.822665550543,1.8841113702321461
200,2293.059670421189,1.7395003571790375,2587.277693017797,1.392182185799191,2339.540369062761,2.50607795846979,2036.6805421526415,2.1259936527269176,2227.555053098327,1.7401500249668505,2296.822665550543,1.9007808358283573
201,2293.059670421189,1.7099415396977067,2587.277693017797,1.329006047619816,2339.540369062761,2.46751672097643,2034.4790495508691,2.078065960154278,2227.555053098327,1.7611749076155279,2296.382367030189,1.869141035212752
202,2293.059670421189,1.7588935949156892,2587.277693017797,1.0151481500572133,2339.540369062761,2.5105654047117936,2034.4790495508691,2.0270039127596444,2227.555053098327,1.8112280322938688,2296.382367030189,1.8245678189476418
203,2293.059670421189,1.6693762389838613,2587.277693017797,1.0785542548529692,2339.540369062761,2.4862012785102583,2034.4790495508691,2.0829408289416786,2227.555053098327,1.5858193739216213,2296.382367030189,1.780578395042078
204,2293.059670421189,1.5309498030729436,2577.507964673412,1.0862782406043192,2335.652509546906,2.371793309808486,1986.9289773985406,2.087899130876516,2227.2765896341994,1.4951156404664883,2284.0851423348495,1.7144072249657505
205,2293.059670421189,1.487650511309083,2577.507964673412,0.9214715192309302,2335.652509546906,2.3582194941784365,1985.4831903108297,2.0277178850062447,2227.2765896341994,1.5737147167768695,2283.795984917307,1.673754825300313
206,2293.059670421189,1.5718170374712497,2577.507964673412,1.079190981231814,2335.652509546906,2.252362503398634,1985.4831903108297,1.9293303712057366,2227.2765896341994,1.5696691360326738,2283.795984917307,1.6804740058680216
207,2293.059670421189,1.6575792369764262,2577.507964673412,1.130081423312318,2335.652509546906,2.1994975587649455,1985.4831903108297,1.8715586990757132,2227.2765896341994,1.5158767366415482,2283.795984917307,1.6749187309541902
208,2293.059670421189,1.6414892875892555,2577.507964673412,1.233551671882667,2334.192726329913,2.286889424074044,1985.4831903108297,1.8178225066721865,2227.2765896341994,1.6181074803536613,2283.5040282739087,1.7195720741143627
209,2293.059670421189,1.6171998684881785,2577.507964673412,1.2365326752682428,2334.192726329913,2.2962591836214954,1985.055134127228,1.9225301146765748,2225.9544422280824,1.535788272934428,2283.1539875559647,1.721662022997784
210,2293.059670421189,1.654235014415931,2577.507964673412,1.260042982555742,2334.192726329913,2.2981311973382885,1973.5385348853256,1.9943552139186165,2225.9544422280824,1.5562688183641207,2280.8506677075843,1.7526066453185396
211,2293.059670421189,1.694572929726336,2577.507964673412,1.2425572963424185,2334.192726329913,2.218629129423474,1972.0927477976147,1.984688891438332,2224.1564299659294,1.4932556838098099,2280.2019078376115,1.7267407861480741
212,2293.059670421189,1.9028750018224234,2575.522121814267,1.1371268335053724,2334.192726329913,2.3022666052039806,1962.9960825841172,2.0671387084742885,2224.1564299659294,1.52793052890746,2277.9854062230834,1.7874675355827048
213,2293.059670421189,1.8732723986359603,2575.522121814267,1.0523897704543979,2334.192726329913,2.3284309047087572,1962.9960825841172,1.99024031894684,2224.1564299659294,1.4726700874180327,2277.9854062230834,1.7434006960327977
214,2293.059670421189,1.891364047631701,2575.522121814267,1.1043511594491444,2334.192726329913,2.1933689188402123,1962.9960825841172,1.9146443844782004,2224.1564299659294,1.5677528220683685,2277.9854062230834,1.7342962664935253
215,2293.059670421189,2.0161609305755506,2575.522121814267,1.2063582771794117,2334.192726329913,2.301661320212719,1948.8505988509041,1.9557457601950639,2224.1564299659294,1.3980102389753826,2275.1563094764406,1.7755873054276254
216,2293.059670421189,1.9870721712678592,2575.522121814267,1.244687008522097,2334.192726329913,2.3164189936229453,1948.8505988509041,2.0237007032441436,2224.094667377021,1.4028400851943685,2275.143956958659,1.7949437923702827
217,2293.059670421189,2.004429101101787,2569.348826774157,1.3151029522264708,2334.192726329913,2.3145601449148585,1948.8505988509041,2.093737494698642,2224.094667377021,1.573254817588795,2273.9092979506368,1.8602169021061108
218,2287.9755532930053,2.062642184287858,2567.3629839150117,1.427610901038968,2317.777676663951,2.299260834815939,1944.6815507457495,2.0582976860111755,2219.023806599437,1.7278602126365974,2267.364314243431,1.9151343637581075
219,2287.9755532930053,2.24398839065372,2560.7446506303554,1.385649325975757,2317.777676663951,2.262683079098745,1944.6815507457495,2.135831641170228,2219.023806599437,1.727614561667282,2266.0406475864997,1.9511533997131465
220,2287.9755532930053,2.215305669641376,2560.7446506303554,1.3608869853692398,2317.777676663951,2.2035964505473964,1944.6815507457495,2.1982561125026905,2219.023806599437,1.759966010321462,2266.0406475864997,1.947602245676433
221,2283.847788911539,2.2823005336074313,2509.5053277385914,1.3065961704647797,2312.430033931104,2.340386112464315,1942.737292237839,2.140581321250541,2219.023806599437,1.8456822540137434,2253.508849883702,1.9831092783601623
222,2276.4538692295087,2.1672454215200694,2509.5053277385914,1.00523768588132,2312.430033931104,2.3049027868699308,1942.737292237839,2.1431220321257753,2219.023806599437,1.8385897064191403,2252.030065947296,1.8918195265632474
223,2276.4538692295087,2.0419190487044125,2509.5053277385914,1.07976975249002,2310.6239669683428,2.383712561485775,1942.737292237839,2.0746356424221206,2219.023806599437,1.7475196743780157,2251.6688525547443,1.8655113358960687
224,2273.958926367144,1.9374832818405754,2509.5053277385914,1.2255096606255296,2310.6239669683428,2.3533563763839522,1910.1625905448968,1.998847799102367,2217.802308876366,1.7124588398257032,2244.410624099068,1.8455311915556254
225,2273.958926367144,1.9730586624271125,2509.5053277385914,1.2830878217058508,2299.2009176291276,2.2809980701578976,1910.1625905448968,1.9202821913203119,2217.802308876366,1.6736066108382588,2242.126014231225,1.8262066712898863
226,2273.958926367144,2.0837573550150785,2509.5053277385914,1.4410557095769678,2299.2009176291276,2.3132297621213027,1910.1625905448968,2.0072861181172663,2207.7617527110006,1.6738704650350693,2240.1179029981517,1.903839881973137
227,2273.958926367144,2.1435920324879265,2509.5053277385914,1.2500936417291448,2299.2009176291276,2.3624589215974847,1910.1625905448968,2.071267661054076,2207.7617527110006,1.331613210033396,2240.1179029981517,1.8318050933804055
228,2273.958926367144,2.0685698220416113,2509.5053277385914,1.301961432623445,2291.443114965082,2.2398733705580316,1909.734534361295,2.0754316942053643,2207.7617527110006,1.386892019003323,2238.4807312286225,1.8145456676863554
229,2273.958926367144,2.1279419164404083,2509.5053277385914,1.368709717180848,2289.6370480023215,2.0722474784127574,1909.734534361295,2.0302130728078067,2206.8393103440644,1.4901946766605314,2237.9350293626835,1.8178613723004706
230,2273.958926367144,2.1945221968291606,2509.5053277385914,1.2594611717223785,2289.6370480023215,2.071394454097222,1909.734534361295,2.0297049392569098,2206.8393103440644,1.5092361456885879,2237.9350293626835,1.8128637815188515
231,2273.958926367144,2.1254257731618043,2509.5053277385914,1.2792647432127573,2289.6370480023215,2.0672783913008526,1909.734534361295,2.1008298981904714,2203.2900584738836,1.3212623143981441,2237.2251789886473,1.7788122240528061
232,2273.958926367144,1.9148126806090937,2509.5053277385914,1.2534447969513935,2289.6370480023215,2.0914607987401053,1896.9176935652818,2.098616657680785,2203.2900584738836,1.5237449497526248,2234.6618108294447,1.7764159767468004
233,2273.958926367144,1.8339024221861717,2509.5053277385914,1.32672749342081,2289.6370480023215,2.055653283193719,1896.9176935652818,2.101833787169458,2203.2900584738836,1.5652537387156833,2234.6618108294447,1.7766741449371684
234,2273.958926367144,1.886166150600573,2509.5053277385914,1.368468517994133,2289.6370480023215,2.0593409893254195,1896.9176935652818,2.0053446141706455,2194.486844774881,1.708006172751787,2232.901168089644,1.8054652889685117
235,2273.958926367144,1.7946453508714022,2509.5053277385914,1.4480692038113878,2279.3284650846063,2.0163470923055127,1896.9176935652818,1.9687323753755108,2194.486844774881,1.7349867222520468,2230.839451506101,1.7925561489231718
236,2273.958926367144,1.8716410816861755,2509.5053277385914,1.5357362748993086,2279.3284650846063,1.871322521384776,1896.9176935652818,1.9283987144565429,2194.486844774881,1.63997341125612,2230.839451506101,1.7694144007365846
237,2273.958926367144,1.8940172753300133,2509.5053277385914,1.658204030254375,2279.3284650846063,1.9098690409840677,1896.9176935652818,1.8745526522138656,2182.925002264463,1.699838263694653,2228.527083004017,1.8072962524953948
238,2273.958926367144,1.814001684370317,2509.5053277385914,1.7781551485421616,2279.3284650846063,1.690712152183202,1896.9176935652818,1.8221059955323273,2182.2916984116,1.7444742590017863,2228.4004222334447,1.7698898479259586
239,2273.958926367144,1.7749456049287076,2509.5053277385914,1.7895764698562318,2279.3284650846063,1.6217456425275287,1896.743424481841,1.8739300560737502,2182.2916984116,1.7736583262346686,2228.3655684167566,1.7667712199241774
240,2273.958926367144,1.8635068864468278,2481.6210886720064,1.7645496839918278,2279.3284650846063,1.508227368555334,1892.09610439944,1.9399088205747859,2182.2916984116,1.787808179186037,2221.8592565869594,1.7728001877509623
241,2273.958926367144,1.7976342462543131,2479.5000529268314,1.7660826857968408,2276.648052237939,1.5307481333999242,1890.7662443564573,1.9233598809079844,2176.6570374410435,1.6316377267020503,2219.506062665883,1.7298925346122225
242,2273.958926367144,1.769019337229224,2479.5000529268314,1.7807728325247072,2276.648052237939,1.492273782070358,1890.7662443564573,1.7206923641786471,2176.6570374410435,1.5975705773844362,2219.506062665883,1.6720657786774744
243,2273.958926367144,1.8180531288495545,2479.5000529268314,1.676433730511047,2274.4847210246644,1.3743424139337932,1890.3381881728556,1.6262833545953375,2176.6570374410435,1.3080717238058706,2218.987785186508,1.5606368703391205
244,2273.958926367144,1.80699271485489,2479.5000529268314,1.675545305083818,2274.4847210246644,1.4711526127871253,1890.3381881728556,1.6584905086861814,2176.6570374410435,1.446062977034706,2218.987785186508,1.6116488236893443
245,2273.958926367144,1.7846426322637592,2479.5000529268314,1.7822817518987486,2274.4847210246644,1.23731247354924,1890.3381881728556,1.6429994557692944,2176.6570374410435,1.4656413836250153,2218.987785186508,1.5825755394212115
246,2273.958926367144,1.7340442900092095,2479.5000529268314,1.8102879627564519,2274.4847210246644,1.1070400717082065,1890.1149393599385,1.8231537600862777,2176.6570374410435,1.507379888746539,2218.9431354239246,1.596381194661337
247,2273.958926367144,1.6364438372393895,2479.5000529268314,1.778804904738217,2274.4847210246644,1.1867572362485779,1889.6868831763368,1.7918501188709983,2176.6570374410435,1.4870996334913027,2218.857524187204,1.5761911461176972
248,2273.958926367144,1.6737192754522108,2479.5000529268314,1.7964589339940655,2274.4847210246644,1.030001162753213,1889.6868831763368,1.8420734781509354,2163.885311577782,1.2639301865250365,2216.3031790145515,1.5212366073750923
249,2273.958926367144,1.5268022003851642,2479.5000529268314,1.8128124636101863,2274.4847210246644,1.2446727446106323,1883.7871860067803,1.9186676715019073,2163.885311577782,1.29615355712191,2215.1232395806405,1.55982172744596
250,2273.958926367144,1.5646802145387413,2479.5000529268314,1.937306731174941,2274.4847210246644,1.2063010385148067,1883.1358810102615,1.8449252221241612,2162.876233291453,1.0646149171616286,2214.7911629240707,1.5235656247028557
251,2273.958926367144,1.5153103290162289,2479.5000529268314,1.9098733071716516,2274.4847210246644,1.417630984947943,1883.1358810102615,1.9144471793190552,2154.2995505323684,1.1662697201379117,2213.0758263722537,1.584706304118558
252,2273.958926367144,1.653720073946871,2479.5000529268314,1.831898308574222,2274.4847210246644,1.3437377064299856,1877.2076806143536,1.8173179821775933,2154.2995505323684,1.306398597162051,2211.8901862930725,1.5906145336581445
253,2273.958926367144,1.516761267372087,2479.5000529268314,1.8040563356842436,2274.4847210246644,1.1018921706759237,1876.5563756178349,1.8974695796138081,2154.2995505323684,1.205273281315328,2211.7599252937684,1.5050905269322783
254,2273.958926367144,1.5052344655624588,2473.423525252404,1.5774834135481717,2274.4847210246644,0.9707238089693695,1872.985632987396,1.8926910696857397,2154.2995505323684,1.0089006432997571,2209.8304712327954,1.3910066802130994
255,2263.5784170239353,1.6622558903731555,2473.423525252404,1.5052591869606924,2274.4847210246644,0.9259840819617411,1872.985632987396,1.9638618292466632,2154.2995505323684,0.8954408384703861,2207.7543693641537,1.3905603654025276
256,2263.5784170239353,1.6840453377568412,2473.423525252404,1.4063657369220932,2273.632037955097,1.0655461490149323,1872.3343279908772,2.0626991633103327,2154.2995505323684,0.7280924998463547,2207.4535717509366,1.389349777370111
257,2263.5784170239353,1.7354482167931162,2473.423525252404,1.5712435122293282,2273.632037955097,1.1667139798455277,1872.3343279908772,2.079248727384174,2143.029674871693,0.9188275471354208,2205.1995966188015,1.4942963966775133
258,2263.5784170239353,1.7329721621265932,2473.423525252404,1.641930908715187,2273.632037955097,1.1762112450192785,1872.3343279908772,2.051122361121454,2143.029674871693,0.7301343954827916,2205.1995966188015,1.466474214493061
259,2263.5784170239353,1.8207543255045335,2473.423525252404,1.7232950315170597,2267.338249644018,1.1309448000059412,1872.3343279908772,2.0704507945728103,2143.029674871693,0.9384310350806083,2203.9408389565856,1.5367751973361905
260,2263.5784170239353,2.009607863403451,2473.423525252404,1.6095128462649142,2267.338249644018,1.2088334370166125,1872.3343279908772,1.9217884546350597,2143.029674871693,1.0597777529876624,2203.9408389565856,1.5619040708615397
261,2249.5901631631345,1.9521080589847601,2473.423525252404,1.678411712774609,2265.3603049152252,1.2867677055119924,1872.3343279908772,1.9283911035844226,2138.878539141441,1.3018394060363605,2199.9173720926165,1.6295035973784286
262,2249.5901631631345,1.8553328452917304,2473.423525252404,1.691417572728652,2265.3603049152252,1.5126002512865346,1872.3343279908772,1.7792195201945886,2138.878539141441,1.2250574148734286,2199.9173720926165,1.6127255208749864
263,2249.5901631631345,1.8529797333263844,2472.888071855997,1.796008700615298,2260.6793937847387,1.5897344102918511,1872.3343279908772,1.770323789679627,2138.878539141441,1.0955212162637213,2198.8740991872373,1.6209135700353763
264,2249.5901631631345,1.7186894169130442,2472.888071855997,1.6503234652979433,2260.6793937847387,1.561947015979955,1864.6525460835169,1.7691658604003238,2138.878539141441,1.1670162392012637,2197.3377428057656,1.5734283995585059
265,2249.5901631631345,1.730544110218506,2472.888071855997,1.5934660533724554,2260.6793937847387,1.5515778851215312,1864.2244898999152,1.742015535298218,2138.878539141441,0.9714552752915736,2197.2521315690456,1.517811771860457
266,2249.5901631631345,1.6313971494653712,2472.4052469140124,1.7090277770914237,2260.6793937847387,1.4703503878342985,1864.001241086998,1.7063597403416582,2138.878539141441,0.7024879872256948,2197.1109168180647,1.4439246083916892
267,2249.5901631631345,1.5813471406765132,2472.4052469140124,1.7218874137205922,2260.6793937847387,1.5205942511188117,1863.5731849033964,1.62692586228527,2138.878539141441,0.5168799041828495,2197.025305581344,1.3935269143968072
268,2249.5901631631345,1.6345869259049552,2471.431397693758,1.6087683812447078,2260.6793937847387,1.5432332566459703,1863.5731849033964,1.7366722771781191,2138.878539141441,0.3969299104749092,2196.8305357372938,1.3840381502897323
269,2249.5901631631345,1.6390382690152048,2471.431397693758,1.6602169406891136,2260.6793937847387,1.731814688800112,1863.5731849033964,1.7457827455047388,2138.878539141441,0.3087602741634221,2196.8305357372938,1.4171225836345183
270,2249.5901631631345,1.6534557826246377,2470.895944297351,1.7943298457962438,2260.6793937847387,1.7804427082468632,1863.5731849033964,1.6545090976444674,2138.878539141441,0.37430452765935435,2196.7234450580117,1.451408392394313
271,2249.5901631631345,1.7352049202711206,2470.895944297351,1.7745338765106209,2260.6793937847387,1.6187699282824437,1861.8889950117477,1.5942817406260892,2138.878539141441,0.534040791592542,2196.386607079682,1.451366251456563
272,2249.5901631631345,1.6534094813044535,2470.895944297351,1.673042626876335,2260.6793937847387,1.712527111248381,1861.460938828146,1.6348071967788809,2138.878539141441,0.5296662976401613,2196.300995842962,1.4406905427696421
273,2249.5901631631345,1.6828528009349684,2470.895944297351,1.7893434489191524,2260.6793937847387,1.818303285951274,1861.460938828146,1.5455654582584466,2138.878539141441,0.5728397073364319,2196.300995842962,1.4817809402800548
274,2249.5901631631345,1.6291454904631277,2463.1210432104785,1.7692769948547344,2260.6793937847387,1.6941249197693389,1861.460938828146,1.4938566440818035,2138.878539141441,0.48520208961148925,2194.746015625588,1.4143212277560988
275,2249.5901631631345,1.509684100963809,2463.1210432104785,1.7339830752413044,2260.6793937847387,1.6291467212518762,1861.460938828146,1.4413028365565632,2138.878539141441,0.3738569917218945,2194.746015625588,1.3375947451470895
276,2249.5901631631345,1.5244497921096953,2463.1210432104785,1.8496633635761477,2260.6793937847387,1.5750904952913478,1861.460938828146,1.3471450682883443,2138.878539141441,0.5030366692107591,2194.746015625588,1.3598770776952587
277,2249.5901631631345,1.4921958596053126,2463.1210432104785,1.902370123879107,2260.6793937847387,1.5884220128020172,1861.460938828146,1.263893053123271,2138.878539141441,0.7550509204775736,2194.746015625588,1.4003863939774566
278,2249.5901631631345,1.4888786781608319,2463.1210432104785,1.775187371516472,2260.6793937847387,1.551126892369113,1861.460938828146,1.32956059532673,2138.878539141441,0.8505928933239366,2194.746015625588,1.3990692861394165
279,2249.5901631631345,1.5550102972996676,2463.1210432104785,1.833129367280357,2258.0308107620012,1.6028297307867045,1861.460938828146,1.3095547709455317,2138.878539141441,0.7265193573619849,2194.21629902104,1.4054087047348491
280,2236.5466331582156,1.5203436117929823,2422.964527040609,1.8921085205479067,2258.0308107620012,1.829219874053871,1861.460938828146,1.1793286623800958,2138.878539141441,0.9240099067729706,2183.5762897860823,1.4690021151095651
281,2236.5466331582156,1.6492961564262452,2422.964527040609,1.9145523361196826,2258.0308107620012,1.75981592615097,1861.460938828146,1.2105406885738892,2138.878539141441,0.9932994620678223,2183.5762897860823,1.505500913867722
282,2236.5466331582156,1.7449294629588215,2422.964527040609,1.8456402940836703,2258.0308107620012,1.7824618075478997,1856.3727896389973,1.1533230637497929,2138.878539141441,0.9948609374830225,2182.5586599482526,1.5042431131646414
283,2236.5466331582156,1.820995644074572,2422.964527040609,1.8633237120517605,2258.0308107620012,1.811262875780586,1856.3727896389973,1.0041719818907744,2138.878539141441,0.790068336648993,2182.5586599482526,1.457964510089337
284,2236.5466331582156,1.9835295470292964,2422.964527040609,1.8344652448841874,2258.0308107620012,1.945995681744562,1856.3727896389973,1.155984912011018,2136.4373916603704,0.8411963216448812,2182.0704304520386,1.552234341462789
285,2233.3894537753326,1.9568713796143093,2422.964527040609,1.7151064310784088,2258.0308107620012,1.932867781919786,1856.3727896389973,1.173529630351487,2136.4373916603704,1.089217353125527,2181.4389945754624,1.5735185152179034
286,2233.3894537753326,1.900322644765487,2422.964527040609,1.5631062764679473,2258.0308107620012,1.9786191115460476,1856.3727896389973,1.3104032507341465,2136.4373916603704,1.1853961444431154,2181.4389945754624,1.5875694855913487
287,2233.3894537753326,1.8598027659528573,2422.964527040609,1.4642195064986638,2258.0308107620012,1.9180016074938564,1856.3727896389973,1.1573086326510347,2136.4373916603704,1.0239121062154029,2181.4389945754624,1.484648923762363
288,2225.5705146495184,1.7835710970720093,2422.964527040609,1.613182228567472,2258.0308107620012,1.8486598144056947,1856.3727896389973,1.4881355808619061,2136.4373916603704,0.9853790629026178,2179.875206750299,1.5437855567619398
289,2225.5705146495184,2.009406258098028,2422.964527040609,1.5870275275812697,2258.0308107620012,1.7891941864605387,1856.3727896389973,1.4589956866361065,2136.4373916603704,1.1640210519263006,2179.875206750299,1.6017289421404484
290,2224.6757378434704,2.0148857184187143,2422.964527040609,1.6682538632810635,2258.0308107620012,1.8067448917292759,1855.7532175648457,1.410745528322003,2136.4373916603704,1.2138893543442615,2179.5723369742595,1.6229038712190635
291,2224.6757378434704,2.096415873379716,2422.964527040609,1.7680091416263006,2258.0308107620012,1.8020125366468742,1855.7532175648457,1.3967310608873373,2136.4373916603704,1.250315239590343,2179.5723369742595,1.662696770426114
292,2216.856798717656,1.9929928497229774,2422.964527040609,1.756332588096555,2258.0308107620012,1.7555390324272366,1855.5371008628658,1.36976749582358,2136.4373916603704,1.1605234395254076,2177.9653258087005,1.607031081119151
293,2216.856798717656,2.080562727403288,2422.964527040609,1.7007053317474912,2258.0308107620012,1.8132052370217282,1855.5371008628658,1.310486262060067,2136.4373916603704,1.1347600719539348,2177.9653258087005,1.6079439260373019
294,2216.856798717656,2.0919875698999095,2422.964527040609,1.6128017385434175,2258.0308107620012,1.6759699097408416,1848.225798219039,1.4386964007893999,2136.4373916603704,1.2184115775316153,2176.503065279935,1.6075734393010368
295,2216.856798717656,2.06846935069069,2422.964527040609,1.7301982508385771,2258.0308107620012,1.7193510035468493,1838.6454135155018,1.4595104307817792,2136.4373916603704,1.261381813849974,2174.586988339228,1.6477821699415738
296,2210.273934934842,2.09431573676419,2422.964527040609,1.651938201913116,2258.0308107620012,1.7236339687296036,1831.117994169695,1.5521110343424873,2136.4373916603704,1.2284498846971985,2171.7649317135038,1.650089765289319
297,2210.273934934842,2.038060707460403,2422.964527040609,1.840154529030439,2231.0319644593183,1.7681302780254537,1831.117994169695,1.592746983235094,2136.4373916603704,1.2056382591887713,2166.365162452967,1.688946151388032
298,2210.273934934842,1.8418956366144483,2422.964527040609,1.8730623001601232,2226.669917169099,1.9100277436489046,1831.117994169695,1.6064243844320394,2136.4373916603704,1.2333057901464046,2165.492752994923,1.692943171000384
299,2210.273934934842,1.8510307096050627,2422.964527040609,1.9102843451986904,2226.669917169099,1.885855521477254,1831.117994169695,1.7105626476735496,2136.4373916603704,1.311733233032879,2165.492752994923,1.7338932913974872
300,2210.273934934842,1.7289115346026542,2422.5262581221227,1.8203788806148453,2226.669917169099,1.7805088664588427,1831.117994169695,1.5554601702588162,2136.4373916603704,1.3574161392255288,2165.4050992112257,1.6485351182321373
301,2201.5602190029804,1.8129556084836382,2422.5262581221227,1.8476093104304645,2226.669917169099,1.861692673563612,1831.117994169695,1.5077788212326446,2136.4373916603704,1.2809000399996533,2163.6623560248536,1.6621872907420028
302,2201.5602190029804,1.7858607838800211,2422.5262581221227,1.874500103556811,2226.669917169099,1.9923480963547366,1831.117994169695,1.5081816785606073,2136.4373916603704,1.4417715740446975,2163.6623560248536,1.7205324472793748
303,2201.5602190029804,1.8298460598107638,2422.5262581221227,1.9607830281669616,2226.669917169099,1.9672278628775703,1831.117994169695,1.4811296790879298,2136.4373916603704,1.6306063598038523,2163.6623560248536,1.7739185979494156
304,2201.5602190029804,1.9063572408460585,2422.5262581221227,1.8824776868668602,2219.9790248318313,2.0405122069065325,1831.117994169695,1.2233768686193667,2136.4373916603704,1.479640420460944,2162.3241775574,1.7064728847399522
305,2201.5602190029804,2.067801877559687,2422.5262581221227,1.9126735400841708,2219.9790248318313,2.0924110839959758,1831.117994169695,1.1063030056566105,2136.4373916603704,1.500740776111548,2162.3241775574,1.7359860566815986
306,2201.5602190029804,2.040079796792267,2422.5262581221227,1.8630034849872668,2219.9790248318313,2.171789502730759,1831.117994169695,1.142931490893745,2136.4373916603704,1.5478519183603543,2162.3241775574,1.7531312387528781
307,2201.5602190029804,1.9813255605159747,2422.5262581221227,1.7600967368140585,2219.9790248318313,2.10921736112861,1831.117994169695,1.1648860990641756,2136.080000343374,1.666634485997399,2162.252699294001,1.7364320487040437
308,2201.5602190029804,2.0195372972791246,2422.5262581221227,1.750434970691114,2218.513404761563,2.079019210457612,1831.117994169695,1.2399705868434132,2135.3694934292303,1.6799473950520865,2161.8174738971184,1.75378189206467
309,2201.5602190029804,2.04378866136004,2422.5262581221227,1.7442928318744637,2218.513404761563,1.9196698024117704,1831.117994169695,1.2626036003076637,2135.3694934292303,1.7120017777475802,2161.8174738971184,1.7364713347403036
310,2201.5602190029804,1.9092470905012737,2422.5262581221227,1.6645528422329239,2218.513404761563,1.9150666193225936,1831.117994169695,1.2702888557429661,2135.3694934292303,1.5600093373447272,2161.8174738971184,1.6638329490288968
311,2200.4791188613294,2.0320758104976706,2422.5262581221227,1.8023490596206257,2218.513404761563,1.9038490274925435,1831.117994169695,1.2048323772247687,2135.2476311586893,1.7041959006979812,2161.57688141468,1.7294604351067178
312,2200.4791188613294,2.0720311689743314,2422.5262581221227,1.8264501779485791,2218.513404761563,1.9108472581971587,1831.117994169695,1.0575536469093103,2135.2476311586893,1.614468177161874,2161.57688141468,1.6962700858382505
313,2197.915740023816,2.015435018722073,2422.5262581221227,1.8542522876800018,2218.513404761563,1.724192581300417,1831.117994169695,0.9483377256163934,2135.2476311586893,1.6134585882407881,2161.064205647177,1.6311352403119348
314,2197.915740023816,2.1466493342713373,2422.5262581221227,1.7610265377077734,2218.513404761563,1.7867851590255155,1831.117994169695,1.0634999650686692,2135.2476311586893,1.604566919560665,2161.064205647177,1.6725055831267923
315,2197.915740023816,2.073525234571778,2422.5262581221227,1.6946830460546631,2218.513404761563,1.751726326638712,1831.117994169695,1.1619876885197093,2135.2476311586893,1.6133677812982732,2161.064205647177,1.6590580154166272
316,2197.915740023816,2.1487852743039393,2422.5262581221227,1.530771913885669,2218.513404761563,1.647774368783737,1831.117994169695,1.2231117644760217,2135.2476311586893,1.5982801464918495,2161.064205647177,1.629744693588243
317,2197.915740023816,2.199794273588806,2422.5262581221227,1.5023989323960032,2218.513404761563,1.68952501655044,1831.117994169695,1.173050085369428,2135.2476311586893,1.6131761798615905,2161.064205647177,1.6355888975532533
318,2197.915740023816,2.163634512891306,2422.5262581221227,1.582539971166387,2218.513404761563,1.700358989504837,1831.117994169695,0.9329843388270975,2135.2476311586893,1.4971796586660304,2161.064205647177,1.5753394942111316
319,2197.915740023816,2.172542413544129,2422.5262581221227,1.6665043005696598,2218.513404761563,1.5490416880565132,1831.117994169695,1.0418119668967065,2135.2476311586893,1.4403332213781397,2161.064205647177,1.5740467180890296
320,2197.915740023816,2.131121883144861,2422.5262581221227,1.6345559783846366,2218.513404761563,1.4739863762205292,1831.117994169695,1.066321991253447,2135.2476311586893,1.214237805070998,2161.064205647177,1.5040448068148944
321,2197.915740023816,2.112502659642233,2422.1247684396108,1.6731203209849361,2218.513404761563,1.3867616160391583,1831.117994169695,1.0658758010835108,2135.2476311586893,1.2923879397934261,2160.9839077106744,1.5061296675086528
322,2197.915740023816,2.073140129294896,2422.1247684396108,1.695941816123245,2218.513404761563,1.2980385000198,1831.117994169695,1.0670023420055363,2135.2476311586893,1.2738231160956934,2160.9839077106744,1.481589180707834
323,2197.915740023816,2.069413280876843,2422.1247684396108,1.5408930314196776,2218.513404761563,1.4178036827870661,1831.117994169695,1.053879922529595,2135.2476311586893,1.2346446026474653,2160.9839077106744,1.4633269040521295
324,2197.915740023816,2.059809435684504,2422.1247684396108,1.6101202047486414,2214.592426313381,1.2521435506298688,1831.117994169695,1.0245078506075724,2135.2476311586893,1.3242578633701838,2160.1997120210385,1.4541677810081541
325,2197.915740023816,1.8742183558074499,2422.1247684396108,1.5879843463310943,2214.592426313381,1.2239240760751176,1831.117994169695,1.2121929649246124,2135.2476311586893,1.2612759912419824,2160.1997120210385,1.4319191468760513
326,2197.915740023816,1.9812557434903715,2422.1247684396108,1.6146064151019204,2214.592426313381,1.4225568831093174,1831.117994169695,1.1520245983335757,2135.2476311586893,1.3917241571190613,2160.1997120210385,1.5124335594308491
327,2197.915740023816,1.9783320370426114,2420.327737981899,1.7927771559557535,2214.592426313381,1.3056586831719945,1831.117994169695,0.9837726067972186,2129.8125843302146,1.3233444342398202,2158.753296563801,1.4767769834414797
328,2197.915740023816,1.9958590884698326,2420.0803414156244,1.7553049570965658,2214.592426313381,1.409745724537558,1831.117994169695,1.3756414472422354,2129.8125843302146,1.381100916736115,2158.7038172505463,1.5835304268164614
329,2197.915740023816,1.9375588304326317,2420.0803414156244,1.777423865283188,2214.592426313381,1.427487097142143,1831.117994169695,1.4090660363965928,2129.8125843302146,1.4382981507530512,2158.7038172505463,1.5979667960015214
330,2197.915740023816,1.90376707822069,2420.0803414156244,1.7279065012417003,2213.5487110881704,1.2970099355119207,1831.117994169695,1.4678784172403463,2129.8125843302146,1.4648100920036369,2158.495074205504,1.5722744048436588
331,2197.915740023816,1.8131544160230322,2420.0803414156244,1.5995036683449984,2213.5487110881704,1.347505898171502,1831.117994169695,1.4581577832464725,2129.8125843302146,1.4881009059440764,2158.495074205504,1.5412845343460162
332,2197.915740023816,1.828392702126635,2420.0803414156244,1.543399083167934,2213.5487110881704,1.4338486954999736,1831.117994169695,1.3309152541464446,2129.8125843302146,1.63824575830249,2158.495074205504,1.5549602986486952
333,2197.915740023816,1.9702133744523436,2420.0803414156244,1.7004023672875548,2213.5487110881704,1.4955650813791486,1831.117994169695,1.2639130255804463,2129.8125843302146,1.6546978754050456,2158.495074205504,1.6169583448209077
334,2197.915740023816,1.935558774340811,2420.0803414156244,1.7249824410281678,2213.5487110881704,1.5805427625963824,1831.117994169695,1.4702958726290556,2129.8125843302146,1.783580806934795,2158.495074205504,1.6989921315058425
335,2197.915740023816,1.9216562216417767,2420.0803414156244,1.650424251958686,2213.5487110881704,1.672978102493475,1831.117994169695,1.4046313467680915,2129.8125843302146,1.7014176924824682,2158.495074205504,1.6702215230688995
336,2197.915740023816,1.9453706986387989,2420.0803414156244,1.7638667723067554,2213.5487110881704,1.7578006776232311,1831.117994169695,1.3539812058104728,2127.9455898043,1.7470651805752349,2158.121675300321,1.7136169069908989
337,2197.915740023816,1.8997341921540714,2420.0803414156244,1.8316761273103486,2213.5487110881704,1.6387497191993707,1831.117994169695,1.2381633341080973,2127.9455898043,1.8026115842344914,2158.121675300321,1.682186991401276
338,2197.915740023816,2.023457889004721,2420.0803414156244,1.6614059552633826,2209.6277326399886,1.7075034311702102,1830.7411943459051,1.094094244626101,2127.9455898043,1.688133387618038,2157.2621196459268,1.6349189815364906
339,2197.915740023816,2.0488293117568825,2420.0803414156244,1.5875587810855825,2209.6277326399886,1.6663036321257043,1826.7411943459051,0.8990121992513713,2127.9455898043,1.7689991270834238,2156.4621196459266,1.5941406102605928
340,2197.915740023816,2.1313743850714473,2420.0803414156244,1.5295766795632877,2209.6277326399886,1.6334540120020298,1826.7411943459051,0.7464887872019351,2127.9455898043,1.6382432597495316,2156.4621196459266,1.5358274247176462
341,2180.3785722858543,2.1254603035323174,2420.0803414156244,1.5318576755469262,2199.6392657635406,1.5275933990282562,1826.7411943459051,1.0809921604470254,2127.9455898043,1.60988560364186,2150.956992723045,1.575157828439277
342,2180.3785722858543,2.1449785363535026,2420.0803414156244,1.6299869950565748,2199.6392657635406,1.4513305780030121,1826.7411943459051,1.1463807881080512,2127.9455898043,1.6532784809259335,2150.956992723045,1.6051910756894148
343,2180.3785722858543,2.113900059203584,2420.0803414156244,1.7608139389647897,2199.6392657635406,1.464432467836301,1826.7411943459051,1.0603656495397895,2127.9455898043,1.4843928979674657,2150.956992723045,1.5767810027023859
344,2164.3576677437736,2.1831101484860516,2420.0803414156244,1.8034858263300835,2199.6392657635406,1.5602918475532686,1826.7411943459051,1.046401268256386,2127.9455898043,1.4016246004267523,2147.7528118146283,1.5989827382105084
345,2164.3576677437736,2.2909667273904075,2420.0803414156244,1.8039537525689304,2199.6392657635406,1.6086918406754513,1826.7411943459051,0.9600059729845324,2127.9455898043,1.5975670977583754,2147.7528118146283,1.6522370782755396
346,2163.1251645713073,2.353845786258755,2420.0803414156244,1.8375666167251616,2199.6392657635406,1.6682385758998866,1826.7411943459051,1.103434760211715,2124.132715584249,1.5228311489389557,2146.7437363361255,1.6971833776068947
347,2163.1251645713073,2.253137357501328,2420.0803414156244,1.7496961324681533,2199.6392657635406,1.6660890883321953,1826.7411943459051,0.9640131985175,2124.132715584249,1.460751249768503,2146.7437363361255,1.6187374053175358
348,2163.1251645713073,2.1821181740187194,2420.0803414156244,1.7623290572407182,2199.6392657635406,1.541454112596077,1826.7411943459051,1.079910146046923,2124.132715584249,1.5688411780529086,2146.7437363361255,1.6269305335910693
349,2163.1251645713073,2.1219054947904654,2420.0803414156244,1.8079356695693773,2178.9336185134052,1.5291899924536843,1826.7411943459051,1.2517550008290772,2124.132715584249,1.506109436824988,2142.6026068860983,1.6433791188935185
350,2163.1251645713073,2.1272399450020965,2420.0803414156244,1.8633580465596806,2130.9664913601437,1.4136355685738857,1826.7411943459051,1.1822289270024813,2124.132715584249,1.5917484111966944,2133.0091814554457,1.6356421796669678
351,2163.1251645713073,2.0379570977307786,2420.0803414156244,1.81869741686219,2130.9664913601437,1.32944478809253,1826.7411943459051,1.274497579026074,2124.132715584249,1.5570734022750152,2133.0091814554457,1.6035340567973175
352,2163.1251645713073,1.9522326415174538,2420.0803414156244,1.8350977553801042,2130.9664913601437,1.2991198458226307,1809.0714485554695,1.2035227268561548,2124.132715584249,1.8075559551264333,2129.475232297359,1.6195057849405554
353,2163.1251645713073,1.9713013302500693,2420.0803414156244,1.7793405880283275,2130.342697907121,1.4235914355283932,1809.0714485554695,1.2052290466139723,2124.132715584249,1.7913909908022385,2129.3504736067543,1.6341706782446004
354,2163.1251645713073,1.9720751101853695,2420.0803414156244,1.6724553482090752,2130.342697907121,1.478223035516623,1809.0714485554695,1.3607813747428912,2124.132715584249,1.7781923349725917,2129.3504736067543,1.6523454407253102
355,2163.1251645713073,1.9738302239754844,2420.0803414156244,1.813677510337365,2130.342697907121,1.603874114701637,1809.0714485554695,1.3092126667756976,2124.132715584249,1.7333962929679156,2129.3504736067543,1.6867981617516201
356,2163.1251645713073,1.8462571806164252,2420.0803414156244,1.8701874125329154,2130.342697907121,1.6013239025616985,1809.0714485554695,1.3892774151833078,2124.132715584249,1.6676855244134625,2129.3504736067543,1.674946287061562
357,2163.1251645713073,1.9277678276771764,2420.0803414156244,1.7383825775478947,2130.342697907121,1.725572362853866,1809.0714485554695,1.4745531404900496,2091.804848009511,1.597303561792929,2122.8849000918067,1.6927158940723832
358,2163.1251645713073,1.9273231337025525,2420.0803414156244,1.8399139149849861,2130.342697907121,1.7697605184533052,1809.0714485554695,1.6239257246998264,2091.804848009511,1.5017894985576319,2122.8849000918067,1.7325425580796605
359,2163.1251645713073,1.8306133227445829,2420.0803414156244,1.779084403474924,2130.342697907121,1.6760239336129363,1809.0714485554695,1.667564826286404,2091.804848009511,1.4453742443225985,2122.8849000918067,1.679732146088289
360,2160.638220661444,1.7864255763744736,2420.0803414156244,1.7840037904105852,2130.342697907121,1.7839500027264223,1809.0714485554695,1.5544253566354391,2091.804848009511,1.462688094757525,2122.387511309834,1.674298564180889
361,2160.638220661444,1.7667624820596204,2420.0803414156244,1.7891158668685052,2130.342697907121,1.728957802879063,1809.0714485554695,1.4809922707068541,2091.804848009511,1.4144706555818722,2122.387511309834,1.636059815619183
362,2160.638220661444,1.7510097470536972,2420.0803414156244,1.6855115641141454,2130.342697907121,1.7473043331995544,1809.0714485554695,1.3980724928340695,2091.804848009511,1.5912104487192054,2122.387511309834,1.6346217171841346
363,2160.638220661444,1.640533365296859,2420.0803414156244,1.7378560925204536,2130.342697907121,1.767985338357398,1809.0714485554695,1.4070296104092344,2091.804848009511,1.6513674127632116,2122.387511309834,1.6409543638694308
364,2160.638220661444,1.6293912917012465,2420.0803414156244,1.6050427541753223,2130.342697907121,1.616602022244321,1808.7803070173122,1.2713120777141274,2091.804848009511,1.9223005326175098,2122.329283002203,1.6089297356905052
365,2160.638220661444,1.6623264004540246,2420.0803414156244,1.6658250042442777,2130.342697907121,1.5554554056951932,1804.5446709388796,1.3894128739029297,2091.804848009511,1.9528193372961429,2121.482155786516,1.6451678043185136
366,2160.638220661444,1.454275492977841,2420.0803414156244,1.843786213447368,2130.342697907121,1.6034459543379465,1804.5446709388796,1.5816805923565682,2091.804848009511,2.002606718215956,2121.482155786516,1.6971589942671357
367,2160.638220661444,1.5181959254241275,2420.0803414156244,1.865599582448236,2130.342697907121,1.5424649282314111,1804.5446709388796,1.6025755456102364,2091.804848009511,1.8806253707477656,2121.482155786516,1.6818922704923551
368,2160.638220661444,1.5937748117640298,2420.0803414156244,1.831236485663429,2130.342697907121,1.537251068901441,1804.5446709388796,1.6493004481021354,2091.804848009511,1.9856365136303549,2121.482155786516,1.7194398656122778
369,2160.638220661444,1.6473495936495532,2420.0803414156244,1.7992346334692286,2130.342697907121,1.5307445538519886,1804.5446709388796,1.729549573658579,2091.804848009511,1.9026721892500076,2121.482155786516,1.7219101087758717
370,2160.638220661444,1.5941063703491705,2420.0803414156244,1.761226369677618,2130.342697907121,1.5368162517892272,1796.126242445296,1.8248847881361363,2091.804848009511,1.9580084201127046,2119.7984700877996,1.7350084400129713
371,2160.638220661444,1.5212482212527465,2420.0803414156244,1.9188447913769522,2130.342697907121,1.452609957312418,1796.126242445296,1.8555560881860025,2091.804848009511,1.8368096558440135,2119.7984700877996,1.7170137427944265
372,2160.638220661444,1.5221980892542166,2420.0803414156244,1.9056509903451886,2130.342697907121,1.4367507325141986,1796.126242445296,1.8937324887703169,2091.804848009511,1.9658908942128472,2119.7984700877996,1.7448446390193535
373,2160.638220661444,1.638733302853998,2420.0803414156244,1.787595372696264,2130.342697907121,1.4655545618346808,1796.126242445296,1.8728703143230725,2091.804848009511,1.956375563442664,2119.7984700877996,1.744225823030136
374,2160.638220661444,1.6958307896308584,2420.0803414156244,1.6614283602523865,2130.342697907121,1.4139187289233215,1796.126242445296,1.956271339912301,2091.804848009511,1.8059675125825534,2119.7984700877996,1.7066833462602844
375,2160.638220661444,1.5767305783008276,2420.0803414156244,1.5751243720783756,2130.342697907121,1.371913996708101,1796.126242445296,1.9437330913043331,2091.804848009511,1.91378385426876,2119.7984700877996,1.6762571785320795
376,2160.638220661444,1.5504702832010633,2420.0803414156244,1.6862103049113466,2130.342697907121,1.3949450930726481,1796.126242445296,1.9338388548904888,2091.804848009511,1.9039883816244827,2119.7984700877996,1.693890583540006
377,2160.638220661444,1.323173045768527,2420.0803414156244,1.7218624250202368,2130.342697907121,1.3511927910912802,1795.0452063790397,1.8814916354513205,2091.804848009511,1.7890897627389724,2119.582262874548,1.6133619320140675
378,2160.638220661444,1.3644942390782766,2420.0803414156244,1.8000553101406922,2130.342697907121,1.3449610399025964,1795.0452063790397,1.9184116064764576,2091.804848009511,1.570448322247983,2119.582262874548,1.599674103569201
379,2160.638220661444,1.4639482875079473,2420.0803414156244,1.8868281081844065,2130.342697907121,1.4368370485461974,1795.0452063790397,1.9773461158254537,2091.804848009511,1.4186913580472806,2119.582262874548,1.6367301836222574
380,2143.7400706668227,1.4256965312276335,2420.0803414156244,1.8999413752314867,2130.342697907121,1.4175596174563225,1795.0452063790397,2.0580370345388426,2091.804848009511,1.4640892260723652,2116.2026328756237,1.65306475690533
381,2142.2388478916046,1.2547756852124559,2420.0803414156244,1.7481264136098085,2130.342697907121,1.4718849187038707,1795.0452063790397,1.8865463255203898,2091.804848009511,1.3998759080513201,2115.90238832058,1.552241850219569
382,2142.2388478916046,1.2955156963815229,2420.0803414156244,1.6264294857176773,2130.342697907121,1.4063098853020746,1789.7201880164948,1.737912048933178,2091.804848009511,1.2957647949559132,2114.8373846480713,1.4723863822580732
383,2142.2388478916046,1.2770750969443785,2420.0803414156244,1.7519215598364635,2130.342697907121,1.3399182117475978,1789.7201880164948,1.661261580779662,2091.804848009511,1.3239125597602839,2114.8373846480713,1.470817801813677
384,2142.2388478916046,1.3096188430932898,2420.0803414156244,1.8447882856748445,2130.342697907121,1.549554567543704,1789.7201880164948,1.7692124923631611,2091.804848009511,1.3634992290413113,2114.8373846480713,1.5673346835432622
385,2142.2388478916046,1.2970999707526392,2420.0803414156244,1.9007220561055482,2130.342697907121,1.5396867540221426,1789.7201880164948,1.7742123974769393,2091.804848009511,1.409992464851853,2114.8373846480713,1.5843427286418241
386,2142.2388478916046,1.269156522675753,2420.0803414156244,1.9102311285894644,2130.342697907121,1.5166415882447077,1789.7201880164948,1.7155574049552398,2091.804848009511,1.4954709887942772,2114.8373846480713,1.5814115266518882
387,2142.2388478916046,1.3477611105085272,2420.0803414156244,1.9848953145441843,2130.342697907121,1.6588603055662086,1781.8733130238672,1.802526401570438,2091.804848009511,1.477245223289303,2113.2680096495455,1.6542576710957324
388,2142.2388478916046,1.3843403963564296,2420.0803414156244,2.002517810821488,2130.342697907121,1.6212844779562479,1781.8733130238672,1.960891795486149,2091.804848009511,1.3641894655458309,2113.2680096495455,1.6666447892332292
389,2142.2388478916046,1.4719819450441716,2420.0803414156244,2.007639277455935,2130.342697907121,1.498512213843718,1781.8733130238672,1.6602562797638853,2091.804848009511,1.4740139757186022,2113.2680096495455,1.6224807383652624
390,2142.2388478916046,1.4954400149667892,2420.0803414156244,2.0330143087791996,2130.342697907121,1.4635899205950291,1781.8733130238672,1.4332481652107563,2091.804848009511,1.4851556867487805,2113.2680096495455,1.582089619260111
391,2142.2388478916046,1.2846410554309016,2420.0803414156244,2.188161805478975,2130.342697907121,1.5937365541099018,1781.8733130238672,1.1920852857850128,2091.804848009511,1.6786437129808538,2113.2680096495455,1.587453682757129
392,2142.2388478916046,1.0635628290110815,2420.0803414156244,2.0487495065422103,2130.342697907121,1.563937227749868,1770.058579915151,1.3156778161192624,2091.804848009511,1.6662598158502702,2110.9050630278025,1.5316374390545386
393,2142.2388478916046,1.2534457816766134,2420.0803414156244,2.0403442872640962,2130.342697907121,1.4572726220548886,1770.058579915151,1.4950788297931277,2091.804848009511,1.6974421252511838,2110.9050630278025,1.588716729207982
394,2142.2388478916046,1.3751315067649226,2420.0803414156244,2.0843627397396576,2130.342697907121,1.529104124675366,1770.058579915151,1.6280481866691299,2091.804848009511,1.6856224560661062,2110.9050630278025,1.6604538027830364
395,2142.2388478916046,1.3925807653955926,2420.0803414156244,2.070264613689245,2130.342697907121,1.571838130841853,1770.058579915151,1.7336548339962874,2091.804848009511,1.683046303722264,2110.9050630278025,1.6902769295290483
396,2142.2388478916046,1.2996929187251105,2420.0803414156244,2.0876025211578964,2130.342697907121,1.3824148914376464,1770.058579915151,1.5661126374641678,2091.804848009511,1.685526433033474,2110.9050630278025,1.604269880363659
397,2142.2388478916046,1.3042053979159218,2420.0803414156244,2.105706148410423,2130.342697907121,1.3240139268978628,1770.058579915151,1.6341170995021914,2091.804848009511,1.4819751701909565,2110.9050630278025,1.5700035485834711
398,2142.2388478916046,1.2925531101301264,2420.0803414156244,2.1559821433381607,2130.342697907121,1.442946063746639,1770.058579915151,1.6152327899016863,2091.804848009511,1.4409621909994326,2110.9050630278025,1.589535259623209
399,2142.2388478916046,1.2971552679222507,2420.0803414156244,2.161917588040396,2130.342697907121,1.4271368077264839,1770.058579915151,1.6162030805971124,2091.804848009511,1.463064201308812,2110.9050630278025,1.5930953891190112
400,2142.2388478916046,1.346728023539991,2420.0803414156244,2.238105803181982,2130.342697907121,1.378913900156897,1770.058579915151,1.6568859804315443,2091.804848009511,1.4054426430590399,2110.9050630278025,1.6052152700738909
401,2142.2388478916046,1.2505461746396451,2404.00506396074,2.210976275948568,2130.342697907121,1.3486161132915575,1770.058579915151,1.5901149166491488,2091.804848009511,1.3337396321916077,2107.6900075368258,1.5467986225441055
402,2142.2388478916046,1.2605631202961927,2404.00506396074,2.3129313115225862,2130.342697907121,1.4736060286217396,1770.058579915151,1.4883762664247377,2091.804848009511,1.2864706245528164,2107.6900075368258,1.5643894702836145
403,2142.2388478916046,1.1688732830898845,2404.00506396074,2.243954378243857,2130.342697907121,1.38455288755503,1770.058579915151,1.6926870598732724,2091.804848009511,1.4457333378020432,2107.6900075368258,1.5871601893128173
404,2142.2388478916046,1.0988442494514032,2404.00506396074,2.1977507693278495,2130.342697907121,1.3127308524540473,1770.058579915151,1.7724763309372682,2091.804848009511,1.4648607436199355,2107.6900075368258,1.5693325891581007
405,2142.2388478916046,1.2230196271407048,2404.00506396074,2.2689921700191236,2122.2506691222134,1.2343158830722194,1770.058579915151,1.8408604986403638,2091.804848009511,1.384350673236289,2106.071601779844,1.5903077704217403
406,2142.2388478916046,1.2554547959848557,2404.00506396074,2.1078712009555427,2122.2506691222134,1.3408854860570427,1770.058579915151,1.8351236463784664,2091.804848009511,1.4708924292197965,2106.071601779844,1.6020455117191408
407,2142.2388478916046,1.0918533920544933,2404.00506396074,2.149766430473053,2122.2506691222134,1.2652946475810074,1770.058579915151,1.8402739408347368,2091.804848009511,1.4284112091323076,2106.071601779844,1.5551199240151194
408,2142.2388478916046,1.245740122723946,2404.00506396074,2.019747305930532,2122.2506691222134,1.3776747812887546,1769.975207722813,1.7573785398152941,2091.804848009511,1.5255115109617647,2106.0549273413762,1.5852104521440584
409,2142.2388478916046,1.2117962901916834,2404.00506396074,1.9179165721011244,2122.2506691222134,1.2336046580869175,1769.975207722813,1.674872906763424,2091.804848009511,1.5286989434766927,2106.0549273413762,1.5133778741239685
410,2142.2388478916046,1.307592630756495,2403.5442666714325,1.858161206764869,2122.2506691222134,1.2096514342544555,1769.975207722813,1.4437203183554945,2091.804848009511,1.3977654719426538,2105.962767883515,1.4433782124147936
411,2142.2388478916046,1.3080086789838816,2403.5442666714325,1.7309744519334203,2122.2506691222134,1.1578715720673916,1769.975207722813,1.2932599701186567,2091.804848009511,1.463765020729887,2105.962767883515,1.3907759387666474
412,2142.2388478916046,1.2835039790530944,2403.5442666714325,1.771147409727362,2122.2506691222134,1.2744059937462417,1769.975207722813,1.2803253325031307,2091.804848009511,1.4027498621207548,2105.962767883515,1.402426515430117
413,2142.2388478916046,1.1557918339262452,2403.5442666714325,1.72332665874721,2122.2506691222134,1.0499244055714234,1769.975207722813,1.2732712615287374,2091.804848009511,1.4133722209727104,2105.962767883515,1.3231372761492652
414,2142.2388478916046,1.091646149536321,2403.5442666714325,1.7672949479389968,2122.2506691222134,1.1712478551576049,1769.975207722813,1.3447092264363278,2091.804848009511,1.4779129932771664,2105.962767883515,1.3705622344692832
415,2142.2388478916046,1.0609643672704347,2403.5442666714325,1.8410454338918905,2122.2506691222134,1.1371624408917895,1769.975207722813,1.3421038829210319,2091.804848009511,1.4995765705660717,2105.962767883515,1.376170539108244
416,2142.2388478916046,1.1385806105139207,2403.5442666714325,1.8335359040023136,2122.2506691222134,1.2182801802787784,1769.975207722813,1.2649374751063256,2091.804848009511,1.4716911499816903,2105.962767883515,1.3854050639766056
417,2142.2388478916046,1.177665936856566,2403.5442666714325,1.7790587713432808,2122.2506691222134,1.3217421102004567,1769.975207722813,1.3190684169472568,2091.804848009511,1.6064442805455552,2105.962767883515,1.4407959031786233
418,2142.2388478916046,0.9847680428469345,2403.5442666714325,1.7111816171884446,2122.2506691222134,1.2492491010778262,1769.975207722813,1.383225338134141,2091.804848009511,1.6568483587328982,2105.962767883515,1.3970544915960488
419,2142.2388478916046,0.9372238075455256,2403.5442666714325,1.7339972977442357,2122.2506691222134,1.237166064046182,1769.975207722813,1.2445734760591367,2091.804848009511,1.7857542631343766,2105.962767883515,1.3877429817058913
420,2142.2388478916046,0.9897974255730093,2403.5442666714325,1.6146117308241927,2122.2506691222134,1.2374196892128848,1769.975207722813,1.1621241330925405,2091.804848009511,1.697949068247168,2105.962767883515,1.3403804093899594
421,2142.2388478916046,0.962737268471892,2403.5442666714325,1.6295163517954139,2122.2506691222134,1.1979879156792772,1769.975207722813,1.282212825914858,2091.804848009511,1.633526358362835,2105.962767883515,1.3411961440448552
422,2142.2388478916046,1.067799581736626,2403.5442666714325,1.6021616190907404,2122.2506691222134,1.0789944416534007,1769.975207722813,1.0954312891232276,2091.804848009511,1.5726111523952626,2105.962767883515,1.2833996167998514
423,2142.2388478916046,1.269362770680438,2403.5442666714325,1.7529321208544852,2122.2506691222134,1.245456981113611,1769.975207722813,1.1589830004299757,2091.804848009511,1.603301748564099,2105.962767883515,1.4060073243285218
424,2142.2388478916046,1.1132311985363026,2403.5442666714325,1.7057162179378786,2122.2506691222134,1.2621215692049041,1769.975207722813,1.2742024239710465,2091.804848009511,1.4869582846173452,2105.962767883515,1.3684459388534953
425,2142.2388478916046,1.0366773986728606,2403.5442666714325,1.7059914913781695,2122.2506691222134,1.4667592052553406,1769.975207722813,1.245910350320521,2091.804848009511,1.4652576615565434,2105.962767883515,1.384119221436687
426,2142.2388478916046,1.2365306319691893,2403.5442666714325,1.70401730956441,2122.2506691222134,1.3804396401080976,1769.975207722813,1.4001623647479247,2091.804848009511,1.6519666415495766,2105.962767883515,1.4746233175878396
427,2142.2388478916046,1.1310779935868527,2403.5442666714325,1.805580081313871,2115.293661702147,1.304818460511211,1769.975207722813,1.317024167098223,2091.804848009511,1.5846760540066749,2104.5713663995016,1.4286353513033663
428,2142.2388478916046,1.3241286308254434,2402.1481637417182,1.844103384075239,2115.293661702147,1.0072623646769143,1769.975207722813,1.3997996829723085,2091.804848009511,1.5062459579821141,2104.292145813559,1.4163080041064038
429,2142.2388478916046,1.3233282934576354,2387.3360246235984,1.7847492460981538,2115.293661702147,1.2666210827678934,1769.975207722813,1.3888408349076835,2091.804848009511,1.6378161851375694,2101.3297179899346,1.480271128473787
430,2142.2388478916046,1.3584422954133248,2387.3360246235984,1.59378490865346,2115.293661702147,1.0983223767517285,1769.975207722813,1.3060609851781355,2091.804848009511,1.645310571123387,2101.3297179899346,1.400384227424007
431,2142.2388478916046,1.257175324668483,2387.3360246235984,1.6491082123349459,2115.293661702147,1.2253591931052388,1769.975207722813,1.4163054464446512,2091.804848009511,1.638534641735945,2101.3297179899346,1.4372965636578527
432,2142.2388478916046,1.4742441585815318,2387.3360246235984,1.6970039977210711,2115.293661702147,1.2509297653918188,1769.975207722813,1.2808792718987831,2091.804848009511,1.5145327266236368,2101.3297179899346,1.4435179840433683
433,2142.2388478916046,1.3713358027225242,2387.3360246235984,1.5556506277278088,2115.293661702147,1.137040899735437,1769.975207722813,1.333205642375021,2091.804848009511,1.5831384198823482,2101.3297179899346,1.3960742784886278
434,2142.2388478916046,1.2363949923125779,2387.3360246235984,1.6639182799780596,2115.293661702147,1.075435976940426,1769.975207722813,1.368100659587813,2091.804848009511,1.6042139201622754,2101.3297179899346,1.3896127657962303
435,2142.2388478916046,1.1156346723749127,2387.3360246235984,1.7933932209608696,2115.293661702147,0.8096390695961332,1769.975207722813,1.3276303132188798,2091.804848009511,1.4862758179643736,2101.3297179899346,1.3065146188230339
436,2142.2388478916046,1.2757888140550462,2387.3360246235984,1.786320506937084,2115.293661702147,0.7324383411748141,1769.975207722813,1.3474613886431581,2091.804848009511,1.4695412729483517,2101.3297179899346,1.3223100647516908
437,2142.2388478916046,1.2859603194750813,2387.3360246235984,1.780908978529177,2115.293661702147,0.6451735788043357,1769.975207722813,1.3730146106756151,2091.804848009511,1.452092489521604,2101.3297179899346,1.3074299954011628
438,2142.2388478916046,1.1351773125936082,2387.3360246235984,1.949035408346637,2115.293661702147,0.5284729454121503,1769.975207722813,1.4012868654326447,2091.804848009511,1.4104064615512146,2101.3297179899346,1.284875798667251
439,2142.2388478916046,1.2686584780149976,2387.3360246235984,2.0219773531058545,2115.293661702147,0.7353677772513367,1769.975207722813,1.5058340145637663,2091.804848009511,1.3710982454173326,2101.3297179899346,1.3805871736706576
440,2142.2388478916046,1.4447476876095626,2387.3360246235984,2.0514087134285686,2115.293661702147,0.3792395794245976,1769.975207722813,1.4358617708712642,2091.804848009511,1.342880337230727,2101.3297179899346,1.330827617712944
441,2142.2388478916046,1.4201075329172508,2387.3360246235984,1.941274376496293,2115.293661702147,0.44046731738374933,1769.975207722813,1.5226660321790704,2091.804848009511,1.4796333549699325,2101.3297179899346,1.3608297227892592
442,2142.2388478916046,1.254089908865364,2387.3360246235984,1.8818141620505522,2115.293661702147,0.6669626787586567,1769.975207722813,1.435051667082345,2091.804848009511,1.3845527121619061,2101.3297179899346,1.3244942257837646
443,2142.2388478916046,1.3859774419261834,2387.3360246235984,1.829599992134233,2115.293661702147,0.7091823641351915,1769.975207722813,1.5583703909334143,2091.804848009511,1.3847054198004114,2101.3297179899346,1.373567121785887
444,2142.2388478916046,1.137435050712917,2387.3360246235984,1.8225978578622302,2115.293661702147,0.4000499627114613,1769.975207722813,1.542305197143643,2091.804848009511,1.5889895982734645,2101.3297179899346,1.2982755333407432
445,2142.2388478916046,1.2833734884047254,2387.3360246235984,1.8090783787341647,2115.293661702147,0.3744899031142996,1769.975207722813,1.568846864591315,2091.804848009511,1.637114017367833,2101.3297179899346,1.3345805304424674
446,2142.2388478916046,1.084379083664641,2387.3360246235984,1.921088743064488,2115.293661702147,0.5618715872242305,1769.975207722813,1.5256458181658215,2091.804848009511,1.6715327713111203,2101.3297179899346,1.3529036006860604
447,2142.2388478916046,1.20799641432023,2387.3360246235984,1.937242469529571,2115.293661702147,0.8167546282757453,1769.975207722813,1.4020633053078297,2091.804848009511,1.685290598549128,2101.3297179899346,1.4098694831965006
448,2129.9316329564035,1.0476254610901077,2387.3360246235984,1.9127180191189799,2115.293661702147,0.8070345968485693,1769.975207722813,1.4694748999012777,2091.804848009511,1.7975092416038232,2098.8682750028943,1.4068724437125515
449,2129.9316329564035,1.072956778311271,2387.3360246235984,1.968057367460034,2115.293661702147,0.7757521605731597,1769.975207722813,1.522290249315927,2091.804848009511,1.760153726281995,2098.8682750028943,1.4198420563884775
450,2129.9316329564035,1.1704527753635177,2387.3360246235984,1.8746861667907844,2115.293661702147,0.44026471816885876,1769.975207722813,1.594020371694154,2091.804848009511,1.7045525774857033,2098.8682750028943,1.3567953219006035
451,2129.9316329564035,1.4763514488881462,2387.3360246235984,1.8855114609219374,2115.293661702147,0.5450611837562183,1769.975207722813,1.5413451090545796,2091.804848009511,1.857821184590286,2098.8682750028943,1.4612180774422334
452,2129.9316329564035,1.6422347827151753,2387.3360246235984,1.8375443530224616,2115.293661702147,0.4961778146012731,1765.18202350079,1.6175466962698022,2091.804848009511,1.588113935108668,2097.90963815849,1.4363235163434758
453,2129.9316329564035,1.5100147072312076,2387.3360246235984,1.7566043675682128,2115.293661702147,0.6738617430667928,1765.18202350079,1.5013250247540793,2091.804848009511,1.6125291936947515,2097.90963815849,1.4108670072630087
454,2129.9316329564035,1.501397717695217,2387.3360246235984,1.7088513474222602,2112.3492593390765,0.6667130570705709,1765.18202350079,1.435315651558018,2091.804848009511,1.5455493048108795,2097.320757685876,1.3715654157113892
455,2129.9316329564035,1.6019701768777566,2387.3360246235984,1.7064867571658753,2112.3492593390765,0.6270312403792839,1765.18202350079,1.4850008806355848,2091.804848009511,1.521586001554026,2097.320757685876,1.388415011322505
456,2129.9316329564035,1.6352877376137156,2387.3360246235984,1.7625097693406881,2112.3492593390765,0.2965334860843447,1765.18202350079,1.475018740126472,2091.804848009511,1.614030747262727,2097.320757685876,1.3566760960855893
457,2129.9316329564035,1.4441876424050124,2387.3360246235984,1.824236186602252,2112.3492593390765,0.3318174055579669,1765.18202350079,1.4642736678479378,2091.804848009511,1.7152225092180318,2097.320757685876,1.3559474823262403
458,2129.9316329564035,1.4812396042311464,2387.3360246235984,1.7584599930307665,2112.3492593390765,0.4829094598573735,1765.18202350079,1.3013275105692215,2091.804848009511,1.696977006617381,2097.320757685876,1.3441827148611778
459,2129.9316329564035,1.534075358226293,2387.3360246235984,1.7507588425514127,2112.3492593390765,0.28877438777461073,1765.18202350079,1.2550272436036567,2091.804848009511,1.606235746719234,2097.320757685876,1.2869743157750413
460,2129.9316329564035,1.541154758877721,2387.3360246235984,1.8805013095640184,2112.3492593390765,0.48307784701786244,1765.18202350079,1.2859199457249593,2091.804848009511,1.525870262178243,2097.320757685876,1.3433048246725607
461,2129.9316329564035,1.5153611601420949,2387.3360246235984,1.8588460170746792,2112.3492593390765,0.5454578421841121,1765.18202350079,1.3092900669691203,2091.804848009511,1.5702782219110039,2097.320757685876,1.3598466616562022
462,2129.9316329564035,1.2647737260776546,2387.3360246235984,1.855969563852734,2112.3492593390765,0.6766146562923454,1765.18202350079,1.2380898355075265,2091.804848009511,1.5350118285074117,2097.320757685876,1.3140919220475344
463,2129.9316329564035,1.3852615697788924,2387.3360246235984,1.858235335836368,2112.3492593390765,0.4928020426157752,1765.18202350079,1.2287473359454089,2091.804848009511,1.5089212481706975,2097.320757685876,1.2947935064694283
464,2129.9316329564035,1.4484395178337939,2387.3360246235984,1.790816428342591,2112.3492593390765,0.642179081768603,1765.18202350079,1.2157143124561176,2091.804848009511,1.557840091722424,2097.320757685876,1.3309978864247058
465,2129.9316329564035,1.3338247894825432,2387.3360246235984,1.820224062782585,2112.3492593390765,0.7117279400571773,1765.18202350079,1.0286746599694472,2091.804848009511,1.5778843924959365,2097.320757685876,1.2944671689575378
466,2129.9316329564035,1.423808723674805,2387.3360246235984,1.8237611618787508,2112.3492593390765,0.559964379063306,1765.18202350079,1.0709733346620829,2091.804848009511,1.4568641995928642,2097.320757685876,1.267074359774362
467,2129.9316329564035,1.217494280633275,2387.3360246235984,1.871341339755572,2112.3492593390765,0.7150430589187825,1765.18202350079,1.1724367795956658,2091.804848009511,1.298263589588198,2097.320757685876,1.2549158096982986
468,2129.9316329564035,1.3371581550799572,2387.3360246235984,1.8363178394549038,2112.3492593390765,0.669732288543226,1765.18202350079,1.2067371841740486,2091.804848009511,1.3937699217306847,2097.320757685876,1.288743077796564
469,2129.9316329564035,1.2651772533466359,2387.3360246235984,1.7664576034238268,2112.3492593390765,0.7045182141873122,1765.18202350079,1.2054036856780241,2091.804848009511,1.3827625832589645,2097.320757685876,1.2648638679789528
470,2129.9316329564035,1.3916420178318565,2387.3360246235984,1.732812140980529,2112.3492593390765,0.5352855315997617,1765.18202350079,1.1883436189634322,2091.804848009511,1.3988889202134371,2097.320757685876,1.2493944459178032
471,2121.9797327852716,0.9806522668360704,2387.3360246235984,1.6839798285477818,2112.3492593390765,0.5243139634397899,1765.18202350079,1.2795250077310665,2091.804848009511,1.3381761787771864,2095.7303776516496,1.161329449066379
472,2121.9797327852716,1.2377212196629301,2387.3360246235984,1.6525656617923574,2112.3492593390765,0.5682094559179496,1765.18202350079,1.36905847781714,2091.804848009511,1.353990501446994,2095.7303776516496,1.236309063327474
473,2121.9797327852716,0.9614148128232505,2387.3360246235984,1.3528885841247509,2112.3492593390765,0.38996193285926045,1765.18202350079,1.2162621001736251,2091.804848009511,1.3791606330647475,2095.7303776516496,1.059937612609127
474,2121.9797327852716,1.2338117502214114,2387.3360246235984,1.3277644156442878,2112.3492593390765,0.5002406853514774,1765.18202350079,1.0159085778534984,2091.804848009511,1.5143885601846712,2095.7303776516496,1.1184227978510692
475,2121.9797327852716,1.2025825101015757,2387.3360246235984,1.249863369686513,2112.3492593390765,0.5152407739569883,1765.18202350079,0.9312671585283531,2091.804848009511,1.5516404385155336,2095.7303776516496,1.0901188501577928
476,2121.9797327852716,1.383250116380248,2387.3360246235984,1.2883465926194455,2112.3492593390765,0.7378641451241807,1765.18202350079,1.1986613424979535,2091.804848009511,1.5628994910831315,2095.7303776516496,1.234204337540992
477,2119.6806412975247,1.4192068721586053,2387.3360246235984,1.1308181701831275,2112.3492593390765,0.62647461367791,1765.18202350079,1.2312859758312285,2091.804848009511,1.697907092838523,2095.2705593541,1.2211385449378789
478,2119.6806412975247,1.4728620591568622,2387.3360246235984,1.0628244437718823,2112.3492593390765,0.6361210935460412,1765.18202350079,1.1570011839676866,2091.804848009511,1.7569907439669628,2095.2705593541,1.2171599048818869
479,2119.6806412975247,1.3703010526678798,2387.3360246235984,1.1484004466448081,2112.3492593390765,0.780053595815857,1765.18202350079,1.3191245000864884,2091.804848009511,1.720909620664457,2095.2705593541,1.267757843175898
480,2119.6806412975247,1.30378904329956,2387.3360246235984,0.9671639534314749,2112.3492593390765,0.9762331944979058,1765.18202350079,1.2784575595565044,2091.804848009511,1.4172005446118212,2095.2705593541,1.1885688590794534
481,2119.6806412975247,1.1252372994514703,2387.3360246235984,0.8709006347803645,2112.3492593390765,0.9649567444281613,1765.18202350079,1.138682782861323,2091.804848009511,1.3771222466094453,2095.2705593541,1.095379941626153
482,2119.6806412975247,0.9931041052072797,2387.3360246235984,0.6490362234697475,2112.3492593390765,0.7732676123071243,1765.18202350079,1.1558676820375462,2091.804848009511,1.4804939990227832,2095.2705593541,1.0103539244088962
483,2119.6806412975247,1.0710782829597898,2387.3360246235984,0.7332148179707187,2112.3492593390765,0.5694635540316663,1765.18202350079,1.1102457785184559,2091.804848009511,1.5549746711131722,2095.2705593541,1.0077954209187605
484,2119.6806412975247,0.9682074692554119,2387.3360246235984,0.8969051046362874,2112.3492593390765,0.5933575898794208,1765.18202350079,1.3307168350863638,2091.804848009511,1.5458326213068356,2095.2705593541,1.067003924032864
485,2119.6806412975247,0.9099836932526728,2387.3360246235984,1.0222694422129177,2112.3492593390765,0.6437608337085414,1765.18202350079,1.4458960099303153,2091.804848009511,1.5149884351961653,2095.2705593541,1.1073796828601226
486,2119.6806412975247,0.9992441243669161,2387.3360246235984,1.1917712855447282,2112.3492593390765,0.7372933440165477,1765.18202350079,1.5601847182890243,2091.804848009511,1.4043587866407272,2095.2705593541,1.1785704517715887
487,2119.6806412975247,1.0016062193678759,2387.3360246235984,1.172990849238402,2112.3492593390765,0.7929621964440727,1765.18202350079,1.4486997631365408,2091.804848009511,1.4429155238596019,2095.2705593541,1.1718349104092987
488,2119.6806412975247,0.8663710581855717,2387.3360246235984,1.154537062793003,2112.3492593390765,0.6328307075841825,1762.9979037529968,1.4505690106713487,2091.804848009511,1.51820558251548,2094.8337354045416,1.1245026843499173
489,2119.6806412975247,1.0650714139224633,2387.3360246235984,1.1693793743724101,2112.3492593390765,0.7290927896074515,1762.9979037529968,1.3558923202258015,2091.804848009511,1.310021963205899,2094.8337354045416,1.1258915722668053
490,2119.6806412975247,1.098204491580706,2387.3360246235984,1.0882934693847195,2112.3492593390765,0.8176958852321768,1762.9979037529968,1.4462603610809095,2091.804848009511,1.2516206914335326,2094.8337354045416,1.140414979742409
491,2119.6806412975247,1.1216298212973195,2387.3360246235984,1.1220658177080531,2112.3492593390765,0.6760734376265969,1762.9979037529968,1.3254795938402937,2091.804848009511,1.2774963193259228,2094.8337354045416,1.1045489979596372
492,2119.6806412975247,1.055379119491159,2387.3360246235984,1.0629072577318206,2112.3492593390765,0.7567207241654601,1762.0641385057536,1.268788322250726,2091.804848009511,1.4296596608222418,2094.646982355093,1.1146910168922814
493,2119.6806412975247,1.078117929597043,2387.3360246235984,0.9979506857891186,2112.3492593390765,0.7741834285438041,1762.0641385057536,1.526806145300315,2091.804848009511,1.5222203106896157,2094.646982355093,1.1798556999839793
494,2119.6806412975247,1.0206175414732506,2387.3360246235984,0.9923370888779726,2112.3492593390765,0.7063469698461873,1762.0641385057536,1.6169429403374922,2091.804848009511,1.554135877835074,2094.646982355093,1.1780760836739954
495,2119.6806412975247,1.0617653863930558,2387.3360246235984,1.2169733379038368,2112.3492593390765,0.7016124667864378,1762.0641385057536,1.6391884900758102,2091.804848009511,1.5526069238657683,2094.646982355093,1.2344293210049817
496,2119.6806412975247,0.8004755077230585,2387.3360246235984,1.1396208884066386,2112.3492593390765,0.9077213243206192,1762.0641385057536,1.7066665015918001,2091.804848009511,1.4564469816002965,2094.646982355093,1.2021862407284827
497,2119.6806412975247,0.9987831174187928,2387.3360246235984,1.0985379964740518,2112.3492593390765,0.8479657351828402,1762.0641385057536,1.6346202796908598,2091.804848009511,1.3546319348142408,2094.646982355093,1.186907812716157
498,2119.6806412975247,1.087936463838463,2387.3360246235984,1.19072192617173,2112.3492593390765,1.008737987807419,1762.0641385057536,1.4733349037811954,2091.804848009511,1.4154518088513295,2094.646982355093,1.2352366180900272
499,2119.181236607207,1.0002733391927623,2387.3360246235984,1.162940566093895,2112.3492593390765,1.0972073049797384,1762.0641385057536,1.5225650838863034,2091.804848009511,1.1850740713369945,2094.5471014170294,1.1936120730979387
500,2118.7645673132506,1.1431703351793534,2387.3360246235984,1.1203034043043716,2112.3492593390765,1.1004376266150848,1762.0641385057536,1.6425250690200788,2091.804848009511,1.1434477890848502,2094.463767558238,1.2299768448407478
