generation,fitness_run_1,diversity_run_1,fitness_run_2,diversity_run_2,fitness_run_3,diversity_run_3,fitness_run_4,diversity_run_4,fitness_run_5,diversity_run_5,fitness_average,diversity_average
1,3446.3858491512406,98.82879746835442,3421.0667737783324,98.73101265822785,3458.8161975726052,98.87405063291139,3328.2804037770356,98.89050632911392,3272.441541756783,98.81139240506329,3385.3981532071994,98.82715189873417
2,3091.042930113056,98.7870253164557,3018.059233705193,98.88924050632912,3031.474963893623,98.73449367088608,3003.5285286249773,98.69462025316456,2926.682743025703,98.72816455696203,3014.157679872511,98.7667088607595
3,2701.0071523749743,98.6123417721519,2698.910850387786,98.7629746835443,2687.9137996163545,98.83575949367089,2615.639259810411,98.84810126582279,2683.2817197548216,98.7003164556962,2677.3505563888693,98.75189873417722
4,2541.8286926468786,98.51202531645569,2461.7203661077792,98.64113924050633,2435.7451691585866,98.67246835443038,2600.90447349112,98.58164556962025,2484.125333788952,98.74715189873417,2504.8648070386635,98.63088607594936
5,2363.5993931915727,98.39050632911392,2165.338202251607,98.58259493670886,2358.322421960916,98.6243670886076,2292.35747222691,98.60949367088608,2273.5497641143015,98.39430379746835,2290.6334507490615,98.52025316455696
6,2257.8829315983703,98.25981012658228,2115.252791490457,98.45,2130.0448683673744,98.47151898734177,2134.717382974098,98.32943037974684,2146.7974337433175,98.35791139240506,2156.9390816347236,98.3737341772152
7,2121.1921055797166,98.13354430379746,2016.515619518038,98.22911392405064,2130.0448683673744,98.38259493670886,2088.2495281660654,98.1860759493671,2058.6187793277722,98.32373417721519,2082.9241801917933,98.25101265822784
8,2044.4211316673416,98.33449367088608,1791.4956222983885,98.1,1914.5218168299218,98.44335443037974,1962.5110438217584,98.06835443037974,1993.7733385191925,98.22151898734177,1941.3445906273205,98.23354430379746
9,1918.684414408083,98.16455696202532,1791.4956222983885,98.01550632911392,1914.5218168299218,98.0370253164557,1871.7898921894405,97.86424050632911,1855.697848726991,97.86170886075949,1870.4379188905648,97.98860759493671
10,1848.0278699316018,97.97025316455696,1701.2398445224487,97.88037974683544,1746.6372396657448,97.92816455696203,1793.0316299611438,97.801582278481,1766.3733272067038,96.70411392405063,1771.0619822575286,97.65689873417723
11,1712.174062602663,97.9506329113924,1605.1369929977009,97.3256329113924,1746.6372396657448,97.93069620253165,1779.9179412419387,97.8373417721519,1658.1778242470746,97.39082278481013,1700.4088121510244,97.6870253164557
12,1698.207895158874,97.37594936708861,1605.1369929977009,96.91107594936709,1569.1668618511092,96.88164556962025,1723.2085394583828,97.85696202531645,1549.7242375542637,96.7756329113924,1629.088905404066,97.16025316455695
13,1643.5555272931433,97.2003164556962,1600.7414900114375,96.7873417721519,1569.1668618511092,96.83227848101266,1610.060719158251,96.95189873417722,1494.1614621914173,97.23291139240506,1583.5372121010719,97.00094936708862
14,1643.5555272931433,96.10791139240506,1600.7414900114375,96.64272151898734,1569.1668618511092,96.13987341772152,1457.7877486485634,95.76329113924051,1408.3761850662265,97.44715189873418,1535.925562574096,96.42018987341771
15,1537.5725618959302,95.3376582278481,1536.0879536821044,96.44240506329113,1569.1668618511092,96.22626582278481,1452.1930051326929,92.79493670886076,1408.3761850662265,96.88892405063291,1500.6793135256125,95.53803797468353
16,1494.4086268341157,93.22405063291139,1461.8800717722959,95.64525316455696,1569.1668618511092,95.76075949367089,1452.1930051326929,90.17974683544304,1408.3761850662265,96.48069620253165,1477.2049501312881,94.25810126582277
17,1413.9502420868548,90.1490506329114,1461.8800717722959,95.9636075949367,1493.5636857833379,94.6737341772152,1407.4597654513113,89.44683544303797,1408.3761850662265,96.15,1437.0459900320052,93.27664556962024
18,1355.885372585646,86.71170886075949,1409.2693394100227,94.9253164556962,1465.7682232987545,94.81962025316456,1348.7805563008608,88.93291139240506,1408.3761850662265,96.61962025316456,1397.6159353323021,92.40183544303798
19,1347.1786638984354,80.7873417721519,1409.2693394100227,95.49683544303798,1422.0600970956368,93.21708860759493,1320.1848309571053,88.0626582278481,1408.3761850662265,96.15348101265823,1381.4138232854853,90.74348101265824
20,1307.5680452958416,79.23227848101266,1409.2693394100227,95.4,1375.8160044309925,92.82943037974684,1257.8107389372888,83.31677215189873,1392.9339061633757,95.64335443037974,1348.6796068475041,89.28436708860758
21,1307.5680452958416,74.075,1396.648184591614,95.79050632911392,1353.9065752770132,91.74746835443038,1217.8977145326978,81.30886075949367,1392.9339061633757,94.84145569620253,1333.7908851721083,87.55265822784811
22,1307.5680452958416,77.36613924050633,1396.648184591614,94.32120253164557,1344.3067495519,91.53987341772152,1217.8977145326978,68.41898734177215,1350.21529534978,93.30791139240506,1323.3271978643666,84.99082278481013
23,1307.5680452958416,75.91487341772152,1396.648184591614,93.80854430379746,1344.3067495519,90.66835443037975,1217.8977145326978,61.562974683544304,1247.547604287049,91.97310126582279,1302.7936596518205,82.78556962025317
24,1289.949111339361,73.35126582278481,1368.0252003505939,93.13132911392405,1319.017754550871,89.15696202531646,1217.8977145326978,59.745886075949365,1247.547604287049,90.66107594936709,1288.4874770121146,81.20930379746837
25,1289.949111339361,69.78481012658227,1342.061299706901,89.89525316455696,1315.3950404875602,88.95253164556962,1161.5379461503571,67.16044303797469,1247.547604287049,88.22911392405064,1271.2982003942457,80.80443037974683
26,1289.949111339361,67.62911392405063,1342.061299706901,89.80379746835443,1268.276581336274,87.2493670886076,1161.5379461503571,68.8256329113924,1247.547604287049,81.60822784810127,1261.8745085639882,79.02322784810126
27,1289.949111339361,63.18417721518988,1342.061299706901,89.68481012658228,1268.276581336274,88.09493670886076,1161.5379461503571,72.97183544303797,1247.547604287049,74.48670886075949,1261.8745085639882,77.68449367088607
28,1289.949111339361,62.928481012658224,1292.3409964229368,88.78006329113924,1237.4813762193287,89.81360759493671,1161.5379461503571,73.90601265822785,1247.547604287049,72.5639240506329,1245.7714068838063,77.59841772151898
29,1289.949111339361,62.23702531645569,1267.7727167077915,89.8996835443038,1237.4813762193287,88.51898734177215,1161.5379461503571,71.98417721518987,1247.547604287049,69.44367088607595,1240.8577509407774,76.41670886075948
30,1289.949111339361,58.845569620253166,1267.385758647283,87.8873417721519,1233.3501241375054,88.47879746835443,1161.5379461503571,69.37341772151899,1247.547604287049,66.1867088607595,1239.9541089123109,74.15436708860759
31,1289.949111339361,50.03386075949367,1259.7391941353965,83.87721518987341,1233.3501241375054,87.85348101265822,1161.5379461503571,68.45886075949367,1247.547604287049,62.32689873417721,1238.4247960099337,70.51006329113923
32,1258.5915324840244,50.12246835443038,1259.7391941353965,79.71930379746836,1233.3501241375054,88.3990506329114,1161.5379461503571,67.575,1198.348450271197,53.03417721518987,1222.313449435696,67.77
33,1258.5915324840244,45.22436708860759,1259.7391941353965,76.49272151898734,1233.3501241375054,82.61803797468355,1161.5379461503571,64.125,1175.532737631494,52.151898734177216,1217.7503069077552,64.12240506329114
34,1258.5915324840244,45.13860759493671,1259.7391941353965,74.4379746835443,1216.4731971422784,82.72943037974683,1161.5379461503571,59.063291139240505,1175.532737631494,48.71772151898734,1214.37492150871,62.01740506329113
35,1258.5915324840244,45.44113924050633,1240.3921149671542,60.04746835443038,1216.4731971422784,82.42848101265822,1161.5379461503571,57.789240506329115,1175.532737631494,48.79462025316456,1210.5055056750618,58.900189873417716
36,1258.5915324840244,45.76012658227848,1238.7769687691323,42.380379746835445,1175.445021521094,73.42215189873417,1161.5379461503571,56.43512658227848,1175.532737631494,46.9756329113924,1201.9768413112204,52.99468354430379
37,1258.5915324840244,48.960443037974684,1231.645939982181,34.71898734177215,1175.3267702268568,69.80537974683544,1161.5379461503571,52.57120253164557,1175.532737631494,46.18417721518988,1200.5269852949828,50.448037974683544
38,1258.5915324840244,24.81772151898734,1230.0307937841592,52.47373417721519,1175.3267702268568,63.76329113924051,1161.5379461503571,49.12721518987342,1175.532737631494,46.7123417721519,1200.203956055378,47.37886075949367
39,1258.5915324840244,5.063607594936709,1230.0307937841592,58.879113924050635,1175.3267702268568,55.65854430379747,1161.5379461503571,39.80569620253164,1175.532737631494,47.028164556962025,1200.203956055378,41.2870253164557
40,1258.5915324840244,3.9686708860759494,1230.0307937841592,54.59177215189873,1175.3267702268568,58.54556962025316,1161.5379461503571,24.523101265822785,1175.532737631494,46.46518987341772,1200.203956055378,37.61886075949367
41,1258.5915324840244,3.454746835443038,1230.0307937841592,40.27088607594937,1162.74502121873,56.61645569620253,1161.5379461503571,19.818354430379745,1122.0938366062508,40.81392405063291,1186.999826048704,32.194873417721524
42,1258.5915324840244,8.874050632911393,1226.077044486143,10.450632911392406,1130.147813222238,62.7253164556962,1161.5379461503571,9.938607594936709,1122.0938366062508,29.85664556962025,1179.6896345898026,24.369050632911392
43,1258.5915324840244,12.280063291139241,1226.077044486143,3.4433544303797468,1130.147813222238,49.744303797468355,1161.5379461503571,1.4439873417721518,1122.0938366062508,24.203164556962026,1179.6896345898026,18.222974683544304
44,1258.5915324840244,10.75759493670886,1224.7831008249952,3.569620253164557,1130.147813222238,55.59778481012658,1161.5379461503571,4.0943037974683545,1122.0938366062508,22.993354430379746,1179.430845857573,19.40253164556962
45,1258.5915324840244,15.325632911392406,1224.7831008249952,9.940189873417722,1130.147813222238,60.44398734177215,1161.5379461503571,4.449683544303798,1122.0938366062508,11.770886075949367,1179.430845857573,20.38607594936709
46,1258.5915324840244,18.569620253164558,1224.7831008249952,11.978481012658229,1130.147813222238,62.26360759493671,1161.5379461503571,6.422784810126582,1119.8437284178015,1.5408227848101266,1178.9808242198833,20.155063291139243
47,1258.5915324840244,8.280063291139241,1221.3466799447033,4.258544303797469,1130.147813222238,51.51487341772152,1161.5379461503571,1.2955696202531646,1119.8437284178015,3.454746835443038,1178.293540043825,13.760759493670884
48,1258.5915324840244,6.619620253164557,1221.3466799447033,1.4525316455696202,1130.147813222238,32.19430379746836,1161.5379461503571,1.0968354430379748,1119.8437284178015,6.413607594936709,1178.293540043825,9.555379746835444
49,1258.5915324840244,6.715189873417722,1221.3466799447033,9.137974683544304,1130.147813222238,24.012974683544304,1161.5379461503571,1.0477848101265823,1119.8437284178015,1.0794303797468354,1178.293540043825,8.39867088607595
50,1258.5915324840244,1.2455696202531645,1221.3466799447033,1.9515822784810126,1130.147813222238,8.120886075949366,1161.5379461503571,0.8487341772151898,1119.8437284178015,1.575632911392405,1178.293540043825,2.7484810126582278
51,1258.5915324840244,1.0977848101265824,1221.3466799447033,3.0414556962025316,1130.147813222238,1.8113924050632912,1161.5379461503571,2.8990506329113925,1119.8437284178015,0.6990506329113924,1178.293540043825,1.909746835443038
52,1258.5915324840244,3.6832278481012657,1221.2169988989049,1.1927215189873417,1130.147813222238,1.494620253164557,1161.5379461503571,2.17626582278481,1119.8437284178015,0.8987341772151899,1178.2676038346651,1.8891139240506327
53,1258.5915324840244,2.6186708860759493,1221.2169988989049,2.1604430379746837,1130.147813222238,1.196518987341772,1161.5379461503571,3.1107594936708862,1119.8437284178015,0.9977848101265823,1178.2676038346651,2.0168354430379747
54,1258.5915324840244,1.6819620253164558,1221.2169988989049,1.6813291139240507,1130.147813222238,1.4446202531645569,1161.5379461503571,4.631962025316455,1119.8437284178015,4.789873417721519,1178.2676038346651,2.8459493670886076
55,1258.5915324840244,2.126898734177215,1216.5553238160635,2.2186708860759494,1130.147813222238,1.3920886075949368,1161.5379461503571,8.561392405063291,1119.8437284178015,1.1943037974683544,1177.3352688180971,3.0986708860759493
56,1258.5915324840244,7.226582278481013,1216.5553238160635,3.680379746835443,1130.147813222238,1.0981012658227849,1161.5379461503571,8.223417721518988,1119.8437284178015,0.9977848101265823,1177.3352688180971,4.245253164556962
57,1258.5915324840244,1.7813291139240506,1216.5553238160635,0.9481012658227848,1130.147813222238,1.1481012658227847,1161.5379461503571,2.062658227848101,1119.8437284178015,1.1471518987341771,1177.3352688180971,1.4174683544303797
58,1258.5915324840244,2.375,1216.5553238160635,1.1981012658227848,1130.147813222238,3.0240506329113925,1161.5379461503571,2.4060126582278483,1119.8437284178015,1.144620253164557,1177.3352688180971,2.0295569620253167
59,1258.5915324840244,1.4933544303797468,1216.5553238160635,1.3484177215189874,1130.147813222238,3.7800632911392404,1161.5379461503571,5.196835443037974,1119.8437284178015,8.927215189873417,1177.3352688180971,4.149177215189873
60,1258.5915324840244,7.163924050632912,1216.5553238160635,4.275632911392405,1130.147813222238,4.829430379746835,1161.5379461503571,2.154746835443038,1119.8437284178015,18.74367088607595,1177.3352688180971,7.433481012658229
61,1258.5915324840244,2.767088607594937,1216.5553238160635,0.8981012658227848,1130.147813222238,3.436392405063291,1161.5379461503571,5.55,1119.8437284178015,17.40791139240506,1177.3352688180971,6.0118987341772145
62,1258.5915324840244,2.9477848101265822,1216.5553238160635,1.0484177215189874,1130.147813222238,0.9977848101265823,1161.5379461503571,6.526582278481013,1117.9652732961995,36.312341772151896,1176.9595777937766,9.566582278481011
63,1258.5915324840244,13.84620253164557,1216.5553238160635,3.679746835443038,1130.147813222238,5.464240506329114,1161.5379461503571,1.195253164556962,1115.7330062935528,42.20664556962026,1176.5131243932472,13.278417721518988
64,1258.5915324840244,4.593987341772152,1216.5553238160635,3.337974683544304,1130.147813222238,0.9977848101265823,1161.5379461503571,1.3458860759493672,1115.7330062935528,42.99620253164557,1176.5131243932472,10.654367088607597
65,1258.5915324840244,5.2316455696202535,1216.0214951443393,1.245886075949367,1130.147813222238,1.445253164556962,1161.5379461503571,3.7313291139240508,1115.7330062935528,36.03860759493671,1176.4063586589023,9.538544303797469
66,1258.5915324840244,10.824050632911392,1216.0214951443393,1.3955696202531647,1130.147813222238,1.4936708860759493,1161.5379461503571,0.7,1115.7330062935528,23.59620253164557,1176.4063586589023,7.601898734177214
67,1258.5915324840244,5.603164556962025,1216.0214951443393,5.392721518987342,1130.147813222238,15.648417721518987,1161.5379461503571,1.760126582278481,1115.7330062935528,7.864873417721519,1176.4063586589023,7.253860759493671
68,1258.5915324840244,2.235126582278481,1216.0214951443393,5.527531645569621,1130.147813222238,1.4455696202531645,1161.5379461503571,1.754113924050633,1113.4828981051035,1.1968354430379746,1175.9563370212124,2.4318354430379747
69,1258.5915324840244,2.3813291139240507,1216.0214951443393,1.4604430379746836,1130.147813222238,4.362974683544304,1161.5379461503571,1.3547468354430379,1113.4828981051035,3.187341772151899,1175.9563370212124,2.549367088607595
70,1258.5915324840244,1.4829113924050632,1214.2482137305035,1.90126582278481,1130.147813222238,5.962025316455696,1161.5379461503571,1.495253164556962,1113.4828981051035,4.888607594936709,1175.6016807384453,3.1460126582278485
71,1258.5915324840244,2.1367088607594935,1214.2482137305035,1.5806962025316456,1130.147813222238,6.2449367088607595,1161.5379461503571,2.2525316455696203,1113.4828981051035,1.9367088607594938,1175.6016807384453,2.8303164556962024
72,1258.5915324840244,2.625632911392405,1214.2482137305035,2.0674050632911394,1130.147813222238,0.9958860759493671,1161.5379461503571,1.2949367088607595,1113.4828981051035,1.2955696202531646,1175.6016807384453,1.6558860759493672
73,1258.5915324840244,2.0186708860759492,1214.2482137305035,1.146518987341772,1130.147813222238,1.145886075949367,1161.5379461503571,1.5727848101265822,1113.4828981051035,3.3205696202531647,1175.6016807384453,1.840886075949367
74,1258.5915324840244,2.0110759493670884,1214.2482137305035,1.1449367088607596,1130.147813222238,1.2462025316455696,1158.9426855789786,2.072151898734177,1113.4828981051035,1.09873417721519,1175.0826286241695,1.5146202531645572
75,1258.5915324840244,2.335126582278481,1214.2482137305035,5.262025316455696,1130.147813222238,4.976582278481013,1137.6271297280907,1.3449367088607596,1113.4828981051035,1.0465189873417722,1170.819517453992,2.9930379746835443
76,1254.5202097362508,4.055696202531646,1214.2482137305035,4.027848101265823,1130.147813222238,13.435443037974684,1137.6271297280907,4.60253164556962,1113.4828981051035,1.4455696202531645,1170.0052529044374,5.513417721518987
77,1254.5202097362508,4.872151898734177,1214.2482137305035,4.974050632911393,1130.147813222238,20.10253164556962,1137.0779829308553,11.204746835443038,1113.4828981051035,0.9990506329113924,1169.8954235449903,8.430506329113923
78,1254.5202097362508,2.4712025316455697,1214.2482137305035,13.688924050632911,1130.147813222238,28.531645569620252,1137.0779829308553,20.530696202531647,1113.4828981051035,1.0962025316455697,1169.8954235449903,13.26373417721519
79,1254.5202097362508,1.4943037974683544,1214.2482137305035,1.2949367088607595,1130.147813222238,17.121835443037973,1137.0779829308553,13.830379746835444,1113.4828981051035,0.9474683544303798,1169.8954235449903,6.937784810126582
80,1254.5202097362508,5.408544303797468,1207.0258221912593,1.0468354430379747,1130.147813222238,6.0363924050632916,1137.0779829308553,23.102848101265824,1113.4828981051035,1.145886075949367,1168.4509452371415,7.348101265822786
81,1254.5202097362508,1.4462025316455696,1207.0258221912593,1.7408227848101265,1130.147813222238,3.185126582278481,1137.0779829308553,9.094303797468354,1113.4828981051035,0.9981012658227848,1168.4509452371415,3.2929113924050633
82,1254.5202097362508,2.2598101265822783,1207.0258221912593,2.3341772151898734,1130.147813222238,1.5449367088607595,1137.0779829308553,3.8563291139240508,1113.4828981051035,1.1974683544303797,1168.4509452371415,2.238544303797468
83,1254.5202097362508,1.195886075949367,1207.0258221912593,0.8870253164556962,1130.147813222238,3.4063291139240506,1137.0779829308553,1.4401898734177214,1113.4828981051035,1.4446202531645569,1168.4509452371415,1.6748101265822786
84,1254.5202097362508,1.2971518987341772,1207.0258221912593,1.196518987341772,1130.147813222238,6.137341772151899,1137.0779829308553,1.191772151898734,1113.4828981051035,1.389240506329114,1168.4509452371415,2.2424050632911396
85,1254.5202097362508,8.749683544303798,1207.0258221912593,1.0968354430379748,1130.147813222238,1.884493670886076,1137.0779829308553,1.763607594936709,1113.4828981051035,1.8322784810126582,1168.4509452371415,3.065379746835443
86,1254.5202097362508,4.123101265822785,1207.0258221912593,0.8984177215189874,1130.147813222238,1.3462025316455697,1137.0779829308553,2.1841772151898735,1113.4828981051035,4.7762658227848105,1168.4509452371415,2.665632911392405
87,1254.5202097362508,2.821835443037975,1207.0258221912593,2.5449367088607593,1130.147813222238,7.532278481012658,1137.0779829308553,1.8411392405063292,1113.4828981051035,1.2927215189873418,1168.4509452371415,3.206582278481013
88,1254.5202097362508,2.6139240506329116,1207.0258221912593,1.1474683544303796,1130.147813222238,1.0974683544303798,1137.0779829308553,3.185759493670886,1113.4828981051035,1.3962025316455695,1168.4509452371415,1.8881645569620253
89,1254.5202097362508,1.1462025316455695,1198.8849470872253,1.2955696202531646,1130.147813222238,2.3240506329113924,1137.0779829308553,2.9490506329113924,1113.4828981051035,1.2965189873417722,1166.8227702163344,1.802278481012658
90,1254.5202097362508,2.6300632911392405,1198.8849470872253,1.635126582278481,1130.147813222238,1.4281645569620254,1137.0779829308553,1.735759493670886,1113.4828981051035,1.5417721518987342,1166.8227702163344,1.7941772151898736
91,1254.5202097362508,0.7984177215189874,1198.8849470872253,5.704113924050633,1130.147813222238,1.739873417721519,1137.0779829308553,1.789873417721519,1113.4828981051035,1.4455696202531645,1166.8227702163344,2.295569620253165
92,1254.5202097362508,1.5838607594936709,1198.8849470872253,10.083544303797469,1129.0547492516046,1.8354430379746836,1137.0779829308553,1.0955696202531646,1113.4828981051035,1.195886075949367,1166.604157422208,3.1588607594936713
93,1254.5202097362508,1.8762658227848101,1198.8849470872253,1.6484177215189872,1129.0547492516046,1.575632911392405,1137.0779829308553,0.9977848101265823,1109.3447288086334,1.4930379746835443,1165.776523562914,1.5182278481012657
94,1254.5202097362508,3.295886075949367,1198.8849470872253,1.9588607594936709,1129.0547492516046,2.348101265822785,1137.0779829308553,3.5031645569620253,1109.3447288086334,0.8984177215189874,1165.776523562914,2.400886075949367
95,1254.5202097362508,1.9693037974683545,1198.8849470872253,3.6895569620253164,1129.0547492516046,1.946518987341772,1137.0779829308553,3.233227848101266,1109.3447288086334,1.1468354430379746,1165.776523562914,2.3970886075949367
96,1254.5202097362508,1.0462025316455696,1198.8849470872253,1.6746835443037975,1129.0547492516046,1.3952531645569621,1137.0779829308553,1.6936708860759493,1109.3447288086334,4.025632911392405,1165.776523562914,1.967088607594937
97,1254.5202097362508,2.529113924050633,1198.8849470872253,1.1971518987341772,1129.0547492516046,1.1471518987341771,1137.0779829308553,0.9965189873417721,1109.3447288086334,3.4863924050632913,1165.776523562914,1.8712658227848102
98,1254.5202097362508,5.2237341772151895,1198.8849470872253,5.517721518987342,1129.0547492516046,1.195886075949367,1137.0779829308553,1.744620253164557,1109.3447288086334,0.8981012658227848,1165.776523562914,2.9160126582278485
99,1254.5202097362508,1.3468354430379748,1198.8849470872253,4.277848101265823,1128.1146030926182,1.1468354430379746,1137.0779829308553,2.087025316455696,1109.3447288086334,3.867088607594937,1165.5884943311169,2.545126582278481
100,1254.5202097362508,4.149367088607595,1198.8849470872253,5.802848101265822,1128.1146030926182,3.107911392405063,1137.0779829308553,1.5462025316455696,1109.3447288086334,1.1477848101265822,1165.5884943311169,3.1508227848101265
101,1254.5202097362508,4.054746835443038,1196.2826218201828,3.7348101265822784,1127.8831763763508,5.080063291139241,1137.0779829308553,4.098101265822785,1109.3447288086334,1.4449367088607594,1165.0217439344547,3.6825316455696204
102,1252.5343917436264,1.2955696202531646,1196.2826218201828,4.252848101265823,1127.8831763763508,1.6427215189873419,1137.0779829308553,3.089873417721519,1109.3447288086334,0.9465189873417722,1164.62458033593,2.245506329113924
103,1252.5343917436264,8.756645569620254,1196.2826218201828,1.3943037974683545,1127.8831763763508,6.121835443037975,1137.0779829308553,2.9066455696202533,1109.3447288086334,5.226582278481013,1164.62458033593,4.88120253164557
104,1252.5343917436264,0.8484177215189873,1196.2826218201828,0.8981012658227848,1127.8831763763508,1.0462025316455696,1137.0779829308553,6.103481012658228,1109.3447288086334,8.867088607594937,1164.62458033593,3.5526582278481014
105,1252.5343917436264,1.2962025316455696,1196.2826218201828,1.2943037974683544,1127.8831763763508,1.2958860759493671,1137.0779829308553,0.9965189873417721,1109.3447288086334,7.036708860759494,1164.62458033593,2.383924050632911
106,1252.5343917436264,1.445253164556962,1196.2826218201828,9.249367088607595,1127.8831763763508,1.0977848101265824,1137.0779829308553,1.3952531645569621,1109.3447288086334,1.5917721518987342,1164.62458033593,2.9558860759493673
107,1252.5343917436264,1.2879746835443038,1196.2826218201828,1.196518987341772,1127.8831763763508,1.4462025316455696,1137.0779829308553,12.37120253164557,1109.3447288086334,1.4968354430379747,1164.62458033593,3.5597468354430375
108,1252.5343917436264,1.804113924050633,1196.2826218201828,8.86012658227848,1127.8831763763508,2.6924050632911394,1137.0779829308553,1.0971518987341773,1109.3447288086334,1.1468354430379746,1164.62458033593,3.1201265822784805
109,1252.5343917436264,3.6670886075949367,1196.2826218201828,10.345886075949368,1127.8831763763508,1.146518987341772,1137.0779829308553,1.2958860759493671,1109.3447288086334,1.1468354430379746,1164.62458033593,3.520443037974683
110,1221.8422416124452,1.2427215189873417,1196.2826218201828,5.7939873417721515,1125.6457827363029,1.0971518987341773,1137.0779829308553,1.2981012658227848,1109.3447288086334,0.9987341772151899,1158.038671581684,2.0861392405063293
111,1221.8422416124452,1.6379746835443039,1196.2826218201828,0.9974683544303797,1125.6457827363029,1.4541139240506329,1137.0779829308553,1.4949367088607595,1109.3447288086334,0.9477848101265823,1158.038671581684,1.3064556962025315
112,1221.8422416124452,2.0844936708860757,1196.2826218201828,1.1455696202531647,1125.6457827363029,6.931962025316456,1137.0779829308553,1.8585443037974683,1109.3447288086334,1.4433544303797468,1158.038671581684,2.6927848101265828
113,1221.8422416124452,2.1348101265822783,1196.2826218201828,1.0468354430379747,1125.6457827363029,5.175,1137.0779829308553,3.1572784810126584,1109.3447288086334,1.1474683544303796,1158.038671581684,2.532278481012658
114,1219.287682415075,0.7493670886075949,1196.2826218201828,0.9981012658227848,1125.2065326033273,1.2962025316455696,1137.0779829308553,4.318987341772152,1109.3447288086334,1.1471518987341771,1157.4399097156147,1.7019620253164558
115,1219.287682415075,8.871835443037975,1196.2826218201828,1.3936708860759495,1125.2065326033273,5.196518987341772,1137.0779829308553,8.185759493670886,1109.3447288086334,1.145886075949367,1157.4399097156147,4.95873417721519
116,1219.287682415075,11.677848101265823,1196.2826218201828,3.6484177215189875,1125.2065326033273,1.1487341772151898,1137.0779829308553,1.645886075949367,1109.3447288086334,1.2955696202531646,1157.4399097156147,3.8832911392405065
117,1219.287682415075,13.442405063291138,1196.2826218201828,2.328481012658228,1125.2065326033273,1.1474683544303796,1137.0779829308553,1.2955696202531646,1109.3447288086334,1.1962025316455696,1157.4399097156147,3.882025316455696
118,1219.287682415075,8.092721518987341,1196.2826218201828,1.1462025316455695,1125.2065326033273,1.2955696202531646,1137.0779829308553,1.3458860759493672,1109.3447288086334,1.6920886075949366,1157.4399097156147,2.7144936708860756
119,1219.287682415075,1.2462025316455696,1196.2826218201828,0.9968354430379747,1125.2065326033273,0.9981012658227848,1137.0779829308553,8.915506329113924,1109.3447288086334,1.2449367088607595,1157.4399097156147,2.6803164556962025
120,1194.7444221803003,1.2962025316455696,1196.2826218201828,0.7990506329113924,1125.2065326033273,1.5433544303797468,1137.0779829308553,1.09873417721519,1109.3447288086334,1.595253164556962,1152.53125766866,1.2665189873417722
121,1194.7444221803003,4.704113924050633,1196.2826218201828,0.8984177215189874,1125.2065326033273,5.540506329113924,1137.0779829308553,2.1129746835443037,1109.3447288086334,1.1971518987341772,1152.53125766866,2.8906329113924047
122,1194.7444221803003,6.168670886075949,1195.7756750115918,1.293987341772152,1125.2065326033273,7.207594936708861,1137.0779829308553,8.549683544303797,1109.3447288086334,1.1977848101265822,1152.4298683069417,4.883544303797468
123,1194.7444221803003,2.966139240506329,1195.0539951923802,1.6227848101265823,1125.2065326033273,1.9319620253164558,1137.0779829308553,2.3585443037974683,1109.3447288086334,1.5936708860759494,1152.2855323430995,2.0946202531645572
124,1194.7444221803003,1.245886075949367,1195.0010756309732,2.511392405063291,1124.066960147852,1.9424050632911392,1137.0779829308553,5.528797468354431,1109.3447288086334,1.1474683544303796,1152.047033939723,2.4751898734177216
125,1194.7444221803003,3.7617088607594935,1191.9447231167467,8.237974683544303,1124.001003376776,1.4917721518987341,1137.0779829308553,5.131962025316455,1109.3447288086334,1.1841772151898735,1151.4225720826623,3.9615189873417718
126,1194.7444221803003,1.3455696202531646,1191.9447231167467,9.790189873417722,1124.001003376776,11.061392405063291,1137.0779829308553,4.942721518987342,1109.3447288086334,1.8974683544303796,1151.4225720826623,5.807468354430379
127,1194.7444221803003,1.0481012658227848,1191.9447231167467,5.716772151898734,1124.001003376776,1.245253164556962,1137.0779829308553,4.583860759493671,1109.3447288086334,2.2876582278481012,1151.4225720826623,2.976329113924051
128,1181.4056801995616,1.1474683544303796,1191.2676474585119,2.7098101265822785,1124.001003376776,3.5822784810126582,1137.0779829308553,0.8474683544303797,1103.5034817777373,2.365506329113924,1147.4511591486885,2.1305063291139237
129,1181.4056801995616,4.755696202531645,1186.2143736068315,1.7813291139240506,1124.001003376776,4.386392405063291,1137.0779829308553,1.1971518987341772,1103.5034817777373,1.345253164556962,1146.4405043783524,2.6931645569620253
130,1181.4056801995616,6.137025316455696,1186.2143736068315,5.938924050632911,1124.001003376776,1.2968354430379747,1137.0779829308553,0.9993670886075949,1103.5034817777373,1.0984177215189874,1146.4405043783524,3.094113924050633
131,1181.4056801995616,6.484177215189874,1186.2143736068315,1.47373417721519,1124.001003376776,1.345253164556962,1136.5660622282508,0.9974683544303797,1103.5034817777373,1.395886075949367,1146.3381202378314,2.3393037974683546
132,1181.4056801995616,8.67373417721519,1186.2143736068315,1.5829113924050633,1124.001003376776,1.0971518987341773,1136.5660622282508,1.2955696202531646,1102.4320810279326,1.7367088607594936,1146.1238400878703,2.877215189873418
133,1181.4056801995616,19.104113924050633,1186.2143736068315,1.8984177215189872,1124.001003376776,0.9484177215189873,1136.5660622282508,1.345253164556962,1102.4320810279326,10.185126582278482,1146.1238400878703,6.6962658227848095
134,1181.4056801995616,24.98164556962025,1186.2143736068315,1.1990506329113924,1124.001003376776,1.145886075949367,1136.5660622282508,1.3443037974683545,1102.4320810279326,3.3281645569620255,1146.1238400878703,6.3998101265822775
135,1181.4056801995616,27.91360759493671,1186.2143736068315,0.9962025316455696,1124.001003376776,1.145886075949367,1136.5660622282508,0.8984177215189874,1102.4320810279326,1.9177215189873418,1146.1238400878703,6.574367088607595
136,1181.4056801995616,32.74810126582278,1186.2143736068315,1.1949367088607594,1124.001003376776,1.2974683544303798,1136.5660622282508,1.2958860759493671,1102.4320810279326,1.6816455696202532,1146.1238400878703,7.643607594936708
137,1181.4056801995616,12.42120253164557,1186.2143736068315,1.3952531645569621,1124.001003376776,0.9977848101265823,1132.650764913642,2.383860759493671,1102.4320810279326,4.2,1145.3407806249486,4.279620253164557
138,1181.4056801995616,3.2079113924050633,1186.2143736068315,5.240189873417721,1124.001003376776,1.245886075949367,1132.650764913642,1.4984177215189873,1102.4320810279326,1.4943037974683544,1145.3407806249486,2.5373417721518985
139,1181.4056801995616,3.5835443037974684,1186.2143736068315,1.0474683544303798,1124.001003376776,1.0455696202531646,1130.6330657739559,8.89240506329114,1102.4320810279326,2.7642405063291138,1144.9372407970116,3.4666455696202534
140,1181.4056801995616,1.0471518987341772,1184.3626309258532,1.394620253164557,1124.001003376776,3.1471518987341773,1130.6330657739559,6.309177215189873,1082.1856461957718,4.80253164556962,1140.5176052943837,3.3401265822784807
141,1181.4056801995616,0.9971518987341772,1184.3626309258532,1.0468354430379747,1124.001003376776,1.3962025316455695,1130.6330657739559,11.623101265822784,1082.1856461957718,5.8699367088607595,1140.5176052943837,4.186645569620253
142,1181.4056801995616,1.2474683544303797,1184.3626309258532,1.2468354430379747,1124.001003376776,5.496835443037975,1130.6330657739559,4.8231012658227845,1082.1856461957718,16.145569620253166,1140.5176052943837,5.791962025316456
143,1181.4056801995616,3.8585443037974683,1184.3626309258532,9.227848101265822,1124.001003376776,1.0977848101265824,1130.6330657739559,3.3544303797468356,1082.1856461957718,1.0462025316455696,1140.5176052943837,3.7169620253164553
144,1181.4056801995616,1.5436708860759494,1184.3626309258532,7.75,1124.001003376776,1.3468354430379748,1130.6330657739559,5.332911392405063,1082.1856461957718,1.3955696202531647,1140.5176052943837,3.473797468354431
145,1181.4056801995616,1.4272151898734178,1184.3626309258532,2.288607594936709,1124.001003376776,1.3968354430379746,1130.6330657739559,3.1889240506329113,1082.1856461957718,4.598101265822785,1140.5176052943837,2.5799367088607594
146,1181.4056801995616,1.396518987341772,1184.3626309258532,6.151898734177215,1124.001003376776,1.1468354430379746,1130.6330657739559,1.5427215189873418,1082.1856461957718,0.8974683544303798,1140.5176052943837,2.227088607594937
147,1181.4056801995616,0.9477848101265823,1184.3626309258532,2.3753164556962023,1124.001003376776,1.1452531645569621,1130.6330657739559,4.378481012658228,1082.1856461957718,0.8984177215189874,1140.5176052943837,1.9490506329113924
148,1181.4056801995616,1.1455696202531647,1184.3626309258532,2.675632911392405,1124.001003376776,0.7493670886075949,1130.6330657739559,0.9955696202531645,1082.1856461957718,9.0876582278481,1140.5176052943837,2.930759493670886
149,1181.4056801995616,3.2088607594936707,1184.3626309258532,4.575,1124.001003376776,1.4446202531645569,1130.6330657739559,1.1971518987341772,1082.1856461957718,11.047151898734176,1140.5176052943837,4.294556962025316
150,1181.4056801995616,5.032594936708861,1184.3626309258532,1.4908227848101265,1124.001003376776,3.5838607594936707,1130.6330657739559,0.9965189873417721,1082.1856461957718,6.158227848101266,1140.5176052943837,3.4524050632911396
151,1181.4056801995616,0.8981012658227848,1184.3626309258532,1.3455696202531646,1124.001003376776,0.6474683544303798,1130.6330657739559,0.8987341772151899,1082.1856461957718,0.9974683544303797,1140.5176052943837,0.9574683544303797
152,1181.4056801995616,9.696518987341772,1184.3626309258532,1.2965189873417722,1124.001003376776,1.1481012658227847,1118.7212008822999,1.4901898734177215,1082.1856461957718,0.9981012658227848,1138.1352323160525,2.925886075949367
153,1181.4056801995616,8.798417721518987,1184.3626309258532,1.4446202531645569,1124.001003376776,0.8958860759493671,1118.7212008822999,3.279113924050633,1082.1856461957718,1.2449367088607595,1138.1352323160525,3.1325949367088604
154,1181.4056801995616,13.99240506329114,1184.3626309258532,6.068987341772152,1124.001003376776,1.5924050632911393,1118.7212008822999,2.9177215189873418,1082.1856461957718,1.145886075949367,1138.1352323160525,5.143481012658228
155,1181.4056801995616,15.169620253164556,1184.3626309258532,0.9974683544303797,1124.001003376776,1.4427215189873417,1117.941526659804,5.210126582278481,1082.1856461957718,1.1452531645569621,1137.9792974715533,4.793037974683544
156,1181.4056801995616,8.429430379746835,1184.3626309258532,1.2971518987341772,1124.001003376776,1.4443037974683544,1114.228159773545,4.293670886075949,1082.1856461957718,1.0471518987341772,1137.2366240943015,3.302341772151898
157,1181.4056801995616,1.7943037974683544,1184.3626309258532,1.1449367088607596,1124.001003376776,1.2462025316455696,1114.228159773545,4.485126582278481,1082.1856461957718,1.1471518987341771,1137.2366240943015,1.9635443037974685
158,1181.4056801995616,4.018987341772152,1184.3626309258532,1.2443037974683544,1124.001003376776,1.0471518987341772,1114.228159773545,1.4990506329113924,1082.1856461957718,0.8462025316455696,1137.2366240943015,1.731139240506329
159,1181.4056801995616,5.462025316455696,1184.3626309258532,1.4949367088607595,1124.001003376776,1.1474683544303796,1113.4484855510486,2.1579113924050635,1082.1856461957718,0.9474683544303798,1137.0806892498022,2.2419620253164556
160,1181.4056801995616,1.2401898734177215,1184.3626309258532,1.145886075949367,1124.001003376776,1.0974683544303798,1113.4484855510486,1.5601265822784811,1082.1856461957718,1.3721518987341772,1137.0806892498022,1.2831645569620254
161,1181.4056801995616,1.625632911392405,1184.3626309258532,4.01867088607595,1124.001003376776,1.4424050632911392,1113.4484855510486,5.590506329113924,1082.1856461957718,2.2626582278481013,1137.0806892498022,2.987974683544304
162,1181.4056801995616,1.809493670886076,1181.6735499689773,1.4439873417721518,1124.001003376776,1.5943037974683545,1113.4484855510486,2.597151898734177,1082.1856461957718,1.5965189873417722,1136.542873058427,1.8082911392405063
163,1181.4056801995616,1.4892405063291139,1181.6735499689773,1.5443037974683544,1124.001003376776,1.495886075949367,1113.4484855510486,2.8623417721518987,1082.1856461957718,1.3443037974683545,1136.542873058427,1.7472151898734176
164,1181.4056801995616,3.8563291139240508,1181.6735499689773,1.2958860759493671,1124.001003376776,5.4693037974683545,1107.1570919616793,1.196518987341772,1082.1856461957718,4.681962025316456,1135.2845943405532,3.3
165,1181.4056801995616,2.241139240506329,1181.6735499689773,3.8791139240506327,1124.001003376776,1.445253164556962,1107.1570919616793,1.1477848101265822,1082.1856461957718,1.2455696202531645,1135.2845943405532,1.991772151898734
166,1181.4056801995616,11.036708860759493,1181.6735499689773,5.0474683544303796,1124.001003376776,6.453797468354431,1107.1570919616793,1.3436708860759494,1082.1856461957718,1.1971518987341772,1135.2845943405532,5.015759493670886
167,1181.4056801995616,2.5556962025316454,1181.6735499689773,9.307911392405064,1124.001003376776,6.794620253164557,1107.1570919616793,1.3677215189873417,1082.1856461957718,1.5462025316455696,1135.2845943405532,4.3144303797468355
168,1181.4056801995616,1.3465189873417722,1181.6735499689773,1.1468354430379746,1124.001003376776,1.633860759493671,1107.1570919616793,2.293670886075949,1082.1856461957718,5.021518987341772,1135.2845943405532,2.2884810126582282
169,1181.4056801995616,3.779113924050633,1181.6735499689773,1.543987341772152,1124.001003376776,1.730379746835443,1107.1570919616793,1.6768987341772152,1082.1856461957718,1.4433544303797468,1135.2845943405532,2.034746835443038
170,1181.4056801995616,0.9487341772151898,1181.6735499689773,3.7636075949367087,1124.001003376776,2.054746835443038,1107.1570919616793,1.1474683544303796,1082.1856461957718,3.5341772151898736,1135.2845943405532,2.289746835443038
171,1181.4056801995616,1.0971518987341773,1181.6735499689773,5.808860759493671,1124.001003376776,1.4835443037974683,1107.1570919616793,1.2943037974683544,1082.1856461957718,1.2965189873417722,1135.2845943405532,2.1960759493670885
172,1181.4056801995616,0.9965189873417721,1181.6735499689773,6.316772151898734,1123.8711746466092,1.4762658227848102,1107.1570919616793,4.832594936708861,1082.1856461957718,0.8981012658227848,1135.25862859452,2.9040506329113924
173,1181.4056801995616,0.8977848101265823,1181.6735499689773,1.7740506329113923,1123.8711746466092,1.2449367088607595,1107.1570919616793,1.1462025316455695,1082.1856461957718,1.5943037974683545,1135.25862859452,1.3314556962025317
174,1181.4056801995616,3.911708860759494,1181.6735499689773,2.2167721518987342,1123.8711746466092,1.2465189873417721,1106.9769948133812,1.2462025316455696,1082.1856461957718,3.6287974683544304,1135.2226091648602,2.45
175,1181.4056801995616,3.2822784810126584,1181.6735499689773,1.4174050632911392,1123.8711746466092,1.4433544303797468,1106.9769948133812,13.677848101265823,1082.1856461957718,1.52626582278481,1135.2226091648602,4.269430379746836
176,1181.4056801995616,3.2072784810126582,1181.6735499689773,1.4943037974683544,1123.8711746466092,7.798417721518987,1106.9769948133812,1.2462025316455696,1082.1856461957718,1.9351265822784811,1135.2226091648602,3.13626582278481
177,1181.4056801995616,0.8493670886075949,1181.6735499689773,0.9474683544303798,1123.8711746466092,1.293987341772152,1106.9769948133812,5.475316455696203,1073.6619633713594,1.749367088607595,1133.5178725999776,2.0631012658227847
178,1181.4056801995616,1.2449367088607595,1181.6735499689773,0.7984177215189874,1120.0589034271436,1.1477848101265822,1106.9769948133812,1.145886075949367,1073.6619633713594,4.045569620253165,1132.7554183560846,1.676518987341772
179,1181.4056801995616,1.7329113924050632,1181.6735499689773,1.6563291139240506,1120.0589034271436,1.7712025316455695,1106.9769948133812,1.1443037974683545,1073.6619633713594,1.7835443037974683,1132.7554183560846,1.6176582278481013
180,1181.4056801995616,2.1585443037974685,1181.6735499689773,2.0778481012658228,1114.0456296381064,5.015189873417722,1106.9769948133812,1.3471518987341773,1073.6619633713594,1.593987341772152,1131.5527635982774,2.4385443037974683
181,1181.4056801995616,3.900632911392405,1181.6735499689773,2.054113924050633,1114.0456296381064,2.2098101265822785,1106.9769948133812,1.195886075949367,1073.6619633713594,1.2468354430379747,1131.5527635982774,2.1214556962025317
182,1181.4056801995616,1.2965189873417722,1181.6735499689773,1.4914556962025316,1114.0456296381064,1.3917721518987343,1106.9769948133812,1.2930379746835443,1073.6619633713594,1.3443037974683545,1131.5527635982774,1.3634177215189873
183,1181.4056801995616,5.3734177215189876,1181.6735499689773,4.285759493670886,1114.0456296381064,0.9465189873417722,1106.9769948133812,0.9487341772151898,1073.6619633713594,1.3455696202531646,1131.5527635982774,2.5800000000000005
184,1181.4056801995616,8.620253164556962,1181.6735499689773,1.1981012658227848,1114.0456296381064,1.316772151898734,1106.9769948133812,3.6743670886075948,1073.6619633713594,1.3272151898734177,1131.5527635982774,3.227341772151899
185,1181.4056801995616,13.364556962025317,1181.3093843758968,1.3458860759493672,1114.0456296381064,2.291772151898734,1106.9769948133812,3.6104430379746835,1073.6619633713594,2.3420886075949365,1131.479930479661,4.590949367088608
186,1181.4056801995616,13.406012658227848,1181.3093843758968,3.3268987341772154,1114.0456296381064,1.2246835443037976,1106.9769948133812,6.249367088607595,1073.6619633713594,4.055696202531646,1131.479930479661,5.652531645569621
187,1181.4056801995616,11.854746835443038,1181.3093843758968,2.5860759493670886,1114.0456296381064,1.1455696202531647,1106.9769948133812,11.26487341772152,1073.6619633713594,1.0965189873417722,1131.479930479661,5.589556962025316
188,1181.4056801995616,28.174050632911392,1181.3093843758968,6.124050632911392,1114.0456296381064,0.9981012658227848,1106.9769948133812,18.74493670886076,1073.6619633713594,1.1962025316455696,1131.479930479661,11.047468354430379
189,1181.4056801995616,9.518670886075949,1176.5010267711664,5.64746835443038,1114.0456296381064,0.8965189873417722,1106.9769948133812,15.505379746835443,1073.6619633713594,1.295253164556962,1130.5182589587153,6.5726582278481
190,1181.4056801995616,5.415506329113924,1176.5010267711664,6.421202531645569,1114.0456296381064,1.3455696202531646,1106.9769948133812,8.05379746835443,1073.6619633713594,1.0949367088607596,1130.5182589587153,4.46620253164557
191,1181.4056801995616,5.368037974683545,1176.5010267711664,1.1977848101265822,1114.0456296381064,1.2949367088607595,1106.9769948133812,6.283544303797468,1073.6619633713594,2.1224683544303797,1130.5182589587153,3.253354430379747
192,1181.4056801995616,1.445253164556962,1176.5010267711664,6.567088607594937,1112.6773148286757,4.251898734177215,1106.9769948133812,2.27753164556962,1073.6619633713594,7.938924050632911,1130.2445959968288,4.496139240506329
193,1181.4056801995616,1.3955696202531647,1176.5010267711664,8.458227848101266,1112.6773148286757,1.5699367088607594,1106.9769948133812,1.4275316455696203,1073.6619633713594,9.481645569620254,1130.2445959968288,4.466582278481013
194,1181.4056801995616,1.2221518987341773,1176.5010267711664,1.1487341772151898,1110.541197145597,12.524367088607596,1106.9769948133812,1.1471518987341771,1073.6619633713594,15.382278481012658,1129.8173724602134,6.2849367088607595
195,1181.4056801995616,1.071518987341772,1176.5010267711664,0.6981012658227848,1110.541197145597,1.9427215189873417,1106.9769948133812,1.2465189873417721,1073.6619633713594,11.175949367088608,1129.8173724602134,3.2269620253164555
196,1181.4056801995616,1.5778481012658228,1176.5010267711664,1.0955696202531646,1110.541197145597,3.4908227848101268,1106.9769948133812,1.2468354430379747,1073.6619633713594,1.593987341772152,1129.8173724602134,1.801012658227848
197,1181.4056801995616,1.5123417721518988,1176.5010267711664,3.533860759493671,1110.541197145597,6.706329113924051,1106.9769948133812,4.390822784810126,1067.1661553621648,4.839556962025316,1128.5182108583745,4.196582278481012
198,1181.4056801995616,1.2965189873417722,1176.5010267711664,3.8278481012658228,1110.541197145597,1.420253164556962,1106.9769948133812,1.345253164556962,1067.1661553621648,5.008860759493671,1128.5182108583745,2.5797468354430384
199,1181.4056801995616,1.6908227848101265,1176.5010267711664,2.6699367088607593,1110.541197145597,1.2449367088607595,1106.9769948133812,1.2471518987341772,1067.1661553621648,1.1981012658227848,1128.5182108583745,1.6101898734177216
200,1181.4056801995616,2.383544303797468,1176.5010267711664,4.980379746835443,1110.541197145597,1.1962025316455696,1106.9769948133812,1.2949367088607595,1067.1661553621648,1.2955696202531646,1128.5182108583745,2.2301265822784813
201,1181.4056801995616,1.8186708860759493,1176.5010267711664,1.2965189873417722,1110.541197145597,7.498101265822785,1106.9769948133812,3.5838607594936707,1067.1661553621648,15.711392405063291,1128.5182108583745,5.981708860759494
202,1181.4056801995616,4.148417721518987,1176.5010267711664,5.959177215189873,1110.541197145597,2.6151898734177217,1105.0236204595749,0.8981012658227848,1067.1661553621648,3.3287974683544306,1128.127535987613,3.389936708860759
203,1181.4056801995616,3.9408227848101265,1176.5010267711664,1.6765822784810127,1110.541197145597,1.5924050632911393,1105.0236204595749,1.5395569620253164,1067.1661553621648,1.7968354430379747,1128.127535987613,2.109240506329114
204,1181.4056801995616,1.0968354430379748,1176.5010267711664,1.7474683544303797,1110.541197145597,1.8794303797468355,1105.0236204595749,1.5199367088607596,1067.1661553621648,1.745886075949367,1128.127535987613,1.5979113924050634
205,1181.4056801995616,1.4474683544303797,1176.5010267711664,1.3936708860759495,1110.541197145597,6.089240506329114,1105.0236204595749,2.118354430379747,1067.1661553621648,3.8227848101265822,1128.127535987613,2.9743037974683544
206,1181.4056801995616,8.330696202531646,1176.5010267711664,2.082594936708861,1110.541197145597,1.8325949367088608,1105.0236204595749,0.9981012658227848,1067.1661553621648,1.1481012658227847,1128.127535987613,2.878417721518987
207,1181.4056801995616,1.0471518987341772,1176.5010267711664,1.195253164556962,1110.541197145597,1.2468354430379747,1105.0236204595749,1.3458860759493672,1067.1661553621648,1.1977848101265822,1128.127535987613,1.2065822784810127
208,1181.4056801995616,1.1968354430379746,1176.5010267711664,1.245886075949367,1110.541197145597,12.425632911392405,1105.0236204595749,4.304430379746836,1067.1661553621648,1.344620253164557,1128.127535987613,4.103481012658228
209,1181.4056801995616,1.1474683544303796,1176.5010267711664,1.5927215189873418,1110.541197145597,0.7984177215189874,1105.0236204595749,3.5844936708860757,1067.1661553621648,1.4455696202531645,1128.127535987613,1.71373417721519
210,1181.4056801995616,10.844620253164557,1176.5010267711664,1.5449367088607595,1110.541197145597,1.3465189873417722,1105.0236204595749,2.449367088607595,1067.1661553621648,1.1968354430379746,1128.127535987613,3.4764556962025326
211,1181.4056801995616,12.094620253164557,1176.5010267711664,0.9481012658227848,1110.541197145597,1.3471518987341773,1105.0236204595749,1.2920886075949367,1067.1661553621648,1.3458860759493672,1128.127535987613,3.4055696202531642
212,1181.4056801995616,10.643670886075949,1176.5010267711664,5.026582278481013,1110.541197145597,1.2955696202531646,1105.0236204595749,1.4933544303797468,1067.1661553621648,1.0477848101265823,1128.127535987613,3.901392405063291
213,1181.4056801995616,6.24620253164557,1176.5010267711664,1.3443037974683545,1110.541197145597,1.1455696202531647,1105.0236204595749,1.1955696202531645,1067.1661553621648,1.396518987341772,1128.127535987613,2.265632911392405
214,1181.4056801995616,1.4462025316455696,1174.9375299414758,5.465189873417722,1110.541197145597,1.0958860759493672,1105.0236204595749,1.3449367088607596,1067.1661553621648,1.0481012658227848,1127.8148366216749,2.0800632911392407
215,1181.4056801995616,0.8984177215189874,1174.9375299414758,5.623101265822785,1110.541197145597,1.393354430379747,1104.781652223695,0.8471518987341772,1067.1661553621648,1.245886075949367,1127.766442974499,2.0015822784810124
216,1181.4056801995616,5.285126582278481,1174.9375299414758,5.556962025316456,1110.541197145597,1.2465189873417721,1100.8814848358438,1.7256329113924052,1067.1661553621648,5.205379746835443,1126.9864094969284,3.8039240506329124
217,1181.4056801995616,0.7984177215189874,1174.9375299414758,6.281012658227848,1110.541197145597,3.159493670886076,1100.8814848358438,1.8724683544303797,1067.1661553621648,0.8487341772151898,1126.9864094969284,2.592025316455696
218,1181.4056801995616,1.0471518987341772,1174.9375299414758,1.5572784810126583,1110.541197145597,1.2465189873417721,1100.6395165999638,2.509493670886076,1067.1661553621648,1.1468354430379746,1126.9380158497527,1.5014556962025316
219,1181.4056801995616,1.3949367088607596,1167.7215314839918,1.6810126582278482,1110.541197145597,1.2958860759493671,1100.6395165999638,2.7636075949367087,1067.1661553621648,1.344620253164557,1125.4948161582556,1.696012658227848
220,1181.4056801995616,5.3443037974683545,1167.7215314839918,6.093354430379747,1110.541197145597,3.729113924050633,1100.6395165999638,1.9829113924050632,1067.1661553621648,1.2468354430379747,1125.4948161582556,3.6793037974683545
221,1181.4056801995616,1.1468354430379746,1167.7215314839918,8.599367088607595,1110.541197145597,1.393987341772152,1100.6395165999638,0.9939873417721519,1067.1661553621648,3.625,1125.4948161582556,3.151835443037975
222,1181.4056801995616,4.48006329113924,1167.7215314839918,5.952215189873418,1110.541197145597,1.395886075949367,1100.6395165999638,1.293987341772152,1067.1661553621648,2.0490506329113924,1125.4948161582556,3.034240506329114
223,1181.4056801995616,1.3974683544303796,1167.7215314839918,1.1971518987341772,1110.541197145597,1.7433544303797468,1100.6395165999638,1.4955696202531645,1067.1661553621648,2.05126582278481,1125.4948161582556,1.5769620253164558
224,1181.4056801995616,1.0971518987341773,1167.7215314839918,1.2965189873417722,1110.541197145597,1.1468354430379746,1100.6395165999638,1.0981012658227849,1067.1661553621648,1.9974683544303797,1125.4948161582556,1.3272151898734177
225,1181.4056801995616,5.7674050632911396,1167.7215314839918,1.3449367088607596,1110.541197145597,1.2477848101265823,1100.6395165999638,1.0965189873417722,1067.1661553621648,1.6142405063291139,1125.4948161582556,2.2141772151898733
226,1181.4056801995616,5.796835443037975,1167.7215314839918,0.8981012658227848,1106.1616321856204,1.0971518987341773,1100.6395165999638,1.2465189873417721,1067.1661553621648,1.1477848101265822,1124.6189031662605,2.0372784810126583
227,1181.4056801995616,1.4572784810126582,1167.7215314839918,3.1123417721518987,1106.1616321856204,7.568037974683544,1100.6395165999638,1.2465189873417721,1067.1661553621648,1.2465189873417721,1124.6189031662605,2.926139240506329
228,1181.4056801995616,2.2003164556962025,1167.7215314839918,4.408860759493671,1106.1616321856204,0.7987341772151899,1100.6395165999638,0.8984177215189874,1067.1661553621648,1.196518987341772,1124.6189031662605,1.9005696202531646
229,1181.4056801995616,5.185443037974683,1167.7215314839918,1.5911392405063292,1106.1616321856204,0.9984177215189873,1100.6395165999638,1.0965189873417722,1067.1661553621648,1.0971518987341773,1124.6189031662605,1.9937341772151895
230,1181.4056801995616,2.0579113924050634,1167.7215314839918,1.2439873417721519,1106.1616321856204,1.196518987341772,1100.4223561400559,1.1962025316455696,1067.1661553621648,1.0468354430379747,1124.575471074279,1.3482911392405064
231,1181.4056801995616,1.1981012658227848,1167.7215314839918,1.3949367088607596,1106.1616321856204,1.8424050632911393,1100.4223561400559,1.244620253164557,1067.1661553621648,5.57373417721519,1124.575471074279,2.2507594936708863
232,1181.4056801995616,0.7484177215189873,1167.7215314839918,1.4886075949367088,1106.1616321856204,1.3930379746835444,1100.4223561400559,0.8487341772151898,1067.1661553621648,1.244620253164557,1124.575471074279,1.1446835443037975
233,1181.4056801995616,1.045253164556962,1167.7215314839918,5.315506329113924,1106.1616321856204,1.393987341772152,1095.867097892905,1.3449367088607596,1067.1661553621648,1.1474683544303796,1123.6644194248488,2.0494303797468354
234,1181.4056801995616,0.8981012658227848,1167.7215314839918,3.618354430379747,1106.1616321856204,1.1933544303797468,1095.867097892905,15.882278481012658,1067.1661553621648,1.3968354430379746,1123.6644194248488,4.597784810126583
235,1181.4056801995616,1.2958860759493671,1167.7215314839918,7.2674050632911396,1106.1616321856204,1.6430379746835444,1095.867097892905,6.833860759493671,1067.1661553621648,1.6449367088607596,1123.6644194248488,3.7370253164556964
236,1181.4056801995616,1.343987341772152,1167.7215314839918,10.039240506329113,1106.1616321856204,1.4455696202531645,1095.867097892905,7.14746835443038,1067.1661553621648,1.2955696202531646,1123.6644194248488,4.254367088607595
237,1181.4056801995616,1.3699367088607595,1167.7215314839918,4.679430379746836,1106.1616321856204,1.196518987341772,1095.867097892905,1.1477848101265822,1067.1661553621648,4.06993670886076,1123.6644194248488,2.4927215189873415
238,1181.4056801995616,4.169303797468355,1167.7215314839918,3.492088607594937,1106.1616321856204,1.0468354430379747,1095.867097892905,1.4889240506329113,1067.1661553621648,1.1455696202531647,1123.6644194248488,2.2685443037974684
239,1181.4056801995616,1.790506329113924,1167.7215314839918,5.467721518987342,1106.1616321856204,0.8955696202531646,1095.867097892905,6.066139240506329,1067.1661553621648,15.639240506329115,1123.6644194248488,5.971835443037975
240,1181.4056801995616,5.614873417721519,1167.7215314839918,2.0683544303797468,1106.1616321856204,6.3420886075949365,1095.44585828042,1.5579113924050634,1067.1661553621648,14.234810126582278,1123.5801715023517,5.963607594936709
241,1181.4056801995616,1.2471518987341772,1167.7215314839918,1.854113924050633,1106.1616321856204,9.259177215189874,1095.44585828042,2.5044303797468355,1067.1661553621648,11.78987341772152,1123.5801715023517,5.330949367088609
242,1181.4056801995616,1.3424050632911393,1167.7215314839918,8.837025316455696,1106.1616321856204,2.541772151898734,1095.44585828042,1.268354430379747,1067.1661553621648,1.343987341772152,1123.5801715023517,3.0667088607594932
243,1181.4056801995616,5.384177215189873,1167.7215314839918,5.513607594936709,1106.1616321856204,1.3962025316455695,1095.44585828042,1.0955696202531646,1067.1661553621648,0.8987341772151899,1123.5801715023517,2.857658227848101
244,1181.4056801995616,1.3867088607594937,1167.7215314839918,2.130379746835443,1106.1616321856204,3.775,1095.44585828042,3.652848101265823,1067.1661553621648,0.8977848101265823,1123.5801715023517,2.368544303797468
245,1181.4056801995616,1.361392405063291,1167.7215314839918,1.145886075949367,1106.1616321856204,0.7481012658227848,1095.44585828042,3.481645569620253,1067.1661553621648,1.1487341772151898,1123.5801715023517,1.577151898734177
246,1181.4056801995616,14.150316455696203,1167.7215314839918,1.4927215189873417,1106.1616321856204,1.2455696202531645,1095.44585828042,7.283544303797468,1067.1661553621648,1.0471518987341772,1123.5801715023517,5.043860759493671
247,1178.662782393158,4.797151898734177,1167.7215314839918,0.9474683544303798,1106.1616321856204,22.78006329113924,1095.44585828042,3.5022151898734175,1067.1661553621648,1.0481012658227848,1123.031591941071,6.615
248,1178.662782393158,1.5841772151898734,1167.7215314839918,3.060759493670886,1106.1616321856204,17.451898734177217,1095.44585828042,1.3471518987341773,1067.1661553621648,1.0471518987341772,1123.031591941071,4.898227848101266
249,1178.662782393158,2.4873417721518987,1167.7215314839918,0.9977848101265823,1106.1616321856204,10.659810126582279,1095.44585828042,1.0474683544303798,1067.1661553621648,1.6756329113924051,1123.031591941071,3.373607594936709
250,1178.662782393158,1.9667721518987342,1167.7215314839918,1.0968354430379748,1106.1616321856204,1.245886075949367,1095.44585828042,1.1962025316455696,1067.1661553621648,1.7037974683544304,1123.031591941071,1.4418987341772154
251,1178.662782393158,1.6417721518987343,1167.7215314839918,1.3787974683544304,1106.1616321856204,1.0977848101265824,1095.44585828042,3.483227848101266,1067.1661553621648,2.249367088607595,1123.031591941071,1.9701898734177217
252,1178.662782393158,1.2462025316455696,1167.7215314839918,2.303481012658228,1106.1616321856204,2.116455696202532,1095.44585828042,1.049367088607595,1067.1661553621648,1.1946202531645569,1123.031591941071,1.5820253164556963
253,1178.662782393158,3.7056962025316458,1167.7215314839918,5.559177215189873,1106.1616321856204,1.2468354430379747,1095.44585828042,1.494620253164557,1067.1661553621648,4.978481012658228,1123.031591941071,3.396962025316456
254,1178.662782393158,1.7439873417721519,1167.7215314839918,4.383860759493671,1106.1616321856204,1.0465189873417722,1095.44585828042,1.3443037974683545,1067.1661553621648,1.0971518987341773,1123.031591941071,1.9231645569620253
255,1178.662782393158,6.921202531645569,1167.7215314839918,1.0971518987341773,1106.1616321856204,1.3462025316455697,1095.44585828042,4.442405063291139,1067.1661553621648,0.7990506329113924,1123.031591941071,2.9212025316455694
256,1178.662782393158,0.9468354430379747,1167.7215314839918,2.464873417721519,1106.1616321856204,1.241139240506329,1095.44585828042,2.7515822784810124,1067.1661553621648,1.2974683544303798,1123.031591941071,1.740379746835443
257,1178.662782393158,1.245886075949367,1167.7215314839918,1.749367088607595,1106.1616321856204,0.9474683544303798,1095.44585828042,3.509493670886076,1067.1661553621648,0.9965189873417721,1123.031591941071,1.689746835443038
258,1175.3351074466436,1.7408227848101265,1167.7215314839918,2.140506329113924,1106.1616321856204,4.5395569620253164,1095.44585828042,1.195886075949367,1067.1661553621648,1.2465189873417721,1122.366056951768,2.1726582278481015
259,1175.3351074466436,3.8791139240506327,1167.7215314839918,1.446518987341772,1106.1616321856204,2.411392405063291,1095.44585828042,3.7525316455696203,1067.1661553621648,1.146518987341772,1122.366056951768,2.5272151898734174
260,1172.8520380539328,6.521835443037975,1167.7215314839918,3.8015822784810127,1106.1616321856204,1.0971518987341773,1095.44585828042,1.295253164556962,1067.1661553621648,0.9477848101265823,1121.869443073226,2.732721518987342
261,1172.8520380539328,0.8477848101265822,1167.7215314839918,1.394620253164557,1106.1616321856204,1.0984177215189874,1095.44585828042,0.8490506329113924,1067.1661553621648,3.1639240506329114,1121.869443073226,1.470759493670886
262,1172.8520380539328,0.9977848101265823,1167.7215314839918,0.8984177215189874,1106.1616321856204,1.2471518987341772,1095.44585828042,1.0481012658227848,1067.1661553621648,1.494620253164557,1121.869443073226,1.1372151898734177
263,1172.8520380539328,1.295253164556962,1167.7215314839918,0.9477848101265823,1106.1616321856204,1.2965189873417722,1095.44585828042,1.3924050632911393,1067.1661553621648,4.5183544303797465,1121.869443073226,1.8900632911392408
264,1172.8520380539328,7.5708860759493675,1167.7215314839918,1.1484177215189872,1106.1616321856204,1.0965189873417722,1095.44585828042,0.9984177215189873,1067.1661553621648,14.907594936708861,1121.869443073226,5.144367088607595
265,1172.8520380539328,5.0117088607594935,1167.7215314839918,1.2455696202531645,1106.1616321856204,1.1962025316455696,1095.44585828042,0.9968354430379747,1067.1661553621648,8.637341772151899,1121.869443073226,3.4175316455696203
266,1172.8520380539328,1.5949367088607596,1167.5569850231982,4.1613924050632916,1106.1616321856204,1.2968354430379747,1095.44585828042,3.92626582278481,1067.1661553621648,2.401898734177215,1121.8365337810671,2.676265822784811
267,1172.8520380539328,16.370569620253164,1167.5569850231982,1.3465189873417722,1106.1616321856204,4.591455696202532,1095.44585828042,4.540822784810127,1067.1661553621648,4.291139240506329,1121.8365337810671,6.228101265822785
268,1172.8520380539328,26.574367088607595,1167.5569850231982,1.6449367088607596,1106.1616321856204,1.1474683544303796,1095.44585828042,3.581645569620253,1067.1661553621648,4.4224683544303796,1121.8365337810671,7.474177215189873
269,1172.8520380539328,28.05253164556962,1167.5569850231982,1.2443037974683544,1106.1616321856204,3.1585443037974685,1095.44585828042,1.389873417721519,1067.1661553621648,1.3471518987341773,1121.8365337810671,7.0384810126582265
270,1172.8520380539328,33.69525316455696,1167.5569850231982,5.272784810126582,1106.1616321856204,1.2958860759493671,1095.44585828042,7.766139240506329,1067.1661553621648,1.3471518987341773,1121.8365337810671,9.875443037974682
271,1172.8520380539328,31.18860759493671,1167.5569850231982,1.4462025316455696,1106.1616321856204,1.1462025316455695,1095.44585828042,1.1962025316455696,1067.1661553621648,1.094620253164557,1121.8365337810671,7.214367088607595
272,1172.8520380539328,14.349367088607595,1167.5569850231982,3.5822784810126582,1106.1616321856204,4.631645569620253,1095.44585828042,1.245886075949367,1067.1661553621648,1.2971518987341772,1121.8365337810671,5.021265822784811
273,1172.8520380539328,3.881645569620253,1167.5569850231982,1.0955696202531646,1106.1616321856204,1.269620253164557,1095.44585828042,1.1974683544303797,1067.1661553621648,0.8481012658227848,1121.8365337810671,1.658481012658228
274,1172.8520380539328,3.7522151898734175,1167.5569850231982,1.2949367088607595,1106.1616321856204,1.0471518987341772,1095.44585828042,1.3455696202531646,1067.1661553621648,0.9487341772151898,1121.8365337810671,1.6777215189873416
275,1172.8520380539328,3.744620253164557,1167.5569850231982,1.0474683544303798,1106.1616321856204,1.0968354430379748,1095.44585828042,1.3462025316455697,1067.1661553621648,1.196518987341772,1121.8365337810671,1.6863291139240506
276,1172.8520380539328,3.65126582278481,1167.5569850231982,1.4446202531645569,1106.1616321856204,1.094620253164557,1095.44585828042,1.244620253164557,1067.1661553621648,8.850632911392404,1121.8365337810671,3.2571518987341768
277,1172.8520380539328,5.046202531645569,1167.5569850231982,1.5386075949367088,1106.1616321856204,0.9981012658227848,1095.44585828042,1.5443037974683544,1067.1661553621648,1.0477848101265823,1121.8365337810671,2.0349999999999997
278,1172.8520380539328,5.511392405063291,1167.5569850231982,1.2955696202531646,1106.1616321856204,1.5965189873417722,1095.44585828042,1.6363924050632912,1067.1661553621648,1.0974683544303798,1121.8365337810671,2.2274683544303797
279,1172.8520380539328,1.2949367088607595,1167.5569850231982,6.111708860759494,1106.1616321856204,4.790822784810127,1095.44585828042,1.731645569620253,1067.1661553621648,1.0449367088607595,1121.8365337810671,2.994810126582279
280,1172.8520380539328,0.8484177215189873,1167.5569850231982,3.5063291139240507,1106.1616321856204,1.6420886075949368,1095.44585828042,2.3177215189873417,1067.1661553621648,1.3443037974683545,1121.8365337810671,1.9317721518987345
281,1172.8520380539328,1.295253164556962,1167.5569850231982,0.9968354430379747,1106.1616321856204,3.1208860759493673,1095.44585828042,5.433860759493671,1067.1661553621648,1.2977848101265823,1121.8365337810671,2.4289240506329115
282,1172.8520380539328,4.831645569620253,1167.5569850231982,1.1984177215189873,1106.1616321856204,1.2455696202531645,1095.3098496225005,2.1392405063291138,1067.1661553621648,1.2949367088607595,1121.8093320494834,2.141962025316456
283,1172.8520380539328,1.1949367088607594,1167.5569850231982,3.793037974683544,1106.1616321856204,1.2943037974683544,1095.3098496225005,2.3420886075949365,1067.1661553621648,1.1955696202531645,1121.8093320494834,1.963987341772152
284,1172.8520380539328,1.0968354430379748,1167.5569850231982,10.38006329113924,1106.1616321856204,1.1484177215189872,1095.3098496225005,8.454746835443038,1067.1661553621648,1.3962025316455695,1121.8093320494834,4.495253164556962
285,1172.8520380539328,0.9487341772151898,1167.5569850231982,1.4420886075949366,1106.1616321856204,1.1981012658227848,1095.3098496225005,3.108860759493671,1067.1661553621648,0.8968354430379747,1121.8093320494834,1.5189240506329111
286,1172.8520380539328,0.9468354430379747,1167.5569850231982,1.244620253164557,1106.1616321856204,0.9981012658227848,1095.3098496225005,2.2908227848101266,1067.1661553621648,1.0458860759493671,1121.8093320494834,1.3052531645569618
287,1172.8520380539328,1.3458860759493672,1167.5569850231982,3.485126582278481,1106.1616321856204,1.2971518987341772,1095.3098496225005,6.321518987341772,1067.1661553621648,1.491139240506329,1121.8093320494834,2.7881645569620255
288,1172.8520380539328,0.8977848101265823,1167.5569850231982,1.6939873417721518,1106.1616321856204,1.4462025316455696,1093.5436005156773,4.0943037974683545,1067.1661553621648,1.0468354430379747,1121.4560822281187,1.8358227848101265
289,1172.8520380539328,1.5458860759493671,1167.5569850231982,1.3455696202531646,1106.1616321856204,1.146518987341772,1093.5436005156773,1.4838607594936708,1067.1661553621648,1.196518987341772,1121.4560822281187,1.3436708860759494
290,1172.8520380539328,1.335759493670886,1167.5569850231982,4.548417721518987,1106.1616321856204,1.0962025316455697,1093.5436005156773,1.6085443037974683,1067.1661553621648,1.195886075949367,1121.4560822281187,1.956962025316456
291,1172.8520380539328,2.152215189873418,1167.5569850231982,1.5911392405063292,1106.1616321856204,1.0971518987341773,1093.5436005156773,2.2547468354430378,1067.1661553621648,4.766139240506329,1121.4560822281187,2.3722784810126583
292,1172.8520380539328,5.000949367088608,1167.5569850231982,0.9474683544303798,1106.1616321856204,3.260126582278481,1093.2612917269882,2.4670886075949365,1067.1661553621648,1.0455696202531646,1121.399620470381,2.544240506329114
293,1172.8520380539328,1.3731012658227848,1167.5569850231982,1.295253164556962,1106.1616321856204,1.4430379746835442,1089.682724054018,4.321835443037974,1067.1661553621648,1.634493670886076,1120.683906935787,2.013544303797468
294,1172.8520380539328,1.4943037974683544,1167.5569850231982,1.195253164556962,1106.1616321856204,0.8481012658227848,1089.682724054018,1.5509493670886076,1067.1661553621648,1.650632911392405,1120.683906935787,1.3478481012658228
295,1172.8520380539328,0.8987341772151899,1167.5569850231982,5.966455696202532,1106.1616321856204,1.6604430379746835,1089.682724054018,2.3598101265822784,1067.1661553621648,4.504430379746835,1120.683906935787,3.0779746835443036
296,1171.2384468857551,1.09873417721519,1167.5569850231982,6.710759493670886,1106.1616321856204,2.0800632911392407,1089.682724054018,3.9316455696202532,1067.1661553621648,1.4718354430379748,1120.3611887021514,3.058607594936709
297,1171.2384468857551,1.343987341772152,1167.5569850231982,12.531012658227848,1106.1616321856204,2.2287974683544305,1089.682724054018,1.245253164556962,1067.1661553621648,1.7936708860759494,1120.3611887021514,3.828544303797469
298,1171.2384468857551,4.096202531645569,1167.5569850231982,11.839240506329114,1106.1616321856204,3.4069620253164556,1089.682724054018,2.973101265822785,1067.1661553621648,1.3455696202531646,1120.3611887021514,4.7322151898734175
299,1171.2384468857551,3.92626582278481,1167.5569850231982,3.0123417721518986,1106.1616321856204,1.0977848101265824,1085.2057672793437,2.543037974683544,1067.1661553621648,1.3436708860759494,1119.4657973472163,2.384620253164557
300,1171.2384468857551,1.6183544303797468,1167.5569850231982,2.323101265822785,1106.1616321856204,5.122784810126582,1085.2057672793437,1.3943037974683545,1067.1661553621648,2.768987341772152,1119.4657973472163,2.645506329113924
301,1171.2384468857551,5.429430379746836,1167.5569850231982,1.2943037974683544,1106.1616321856204,1.2936708860759494,1085.2057672793437,1.6379746835443039,1067.1661553621648,1.0468354430379747,1119.4657973472163,2.1404430379746833
302,1171.2384468857551,5.8933544303797465,1167.5569850231982,5.247784810126582,1104.816938278897,1.3462025316455697,1085.2057672793437,1.0465189873417722,1067.1661553621648,1.3427215189873418,1119.1968585658717,2.9753164556962024
303,1171.2384468857551,1.3794303797468355,1167.5569850231982,1.2465189873417721,1104.816938278897,1.690506329113924,1085.2057672793437,1.2465189873417721,1067.1661553621648,6.613924050632911,1119.1968585658717,2.435379746835443
304,1171.2384468857551,1.4281645569620254,1167.5569850231982,1.495253164556962,1104.816938278897,0.8468354430379746,1085.2057672793437,10.045886075949367,1067.1661553621648,1.6427215189873419,1119.1968585658717,3.0917721518987342
305,1171.2384468857551,1.6588607594936708,1167.5569850231982,0.6990506329113924,1104.816938278897,1.3443037974683545,1085.2057672793437,10.280696202531646,1067.1661553621648,1.1962025316455696,1119.1968585658717,3.0358227848101267
306,1171.2384468857551,2.277848101265823,1167.5569850231982,0.8490506329113924,1104.816938278897,1.4436708860759493,1085.2057672793437,14.949683544303797,1067.1661553621648,1.294620253164557,1119.1968585658717,4.162974683544304
307,1171.2384468857551,1.539873417721519,1167.5569850231982,1.0474683544303798,1104.816938278897,1.4955696202531645,1085.2057672793437,18.02341772151899,1067.1661553621648,0.9971518987341772,1119.1968585658717,4.620696202531645
308,1171.2384468857551,1.3955696202531647,1167.5569850231982,1.343987341772152,1104.816938278897,0.9974683544303797,1085.2057672793437,19.566139240506327,1067.1661553621648,4.678164556962026,1119.1968585658717,5.59626582278481
309,1171.2384468857551,1.1943037974683544,1167.5569850231982,2.1819620253164556,1104.816938278897,1.1477848101265822,1085.2057672793437,15.521518987341771,1067.1661553621648,4.973417721518987,1119.1968585658717,5.00379746835443
310,1171.2384468857551,1.2471518987341772,1166.908864116036,1.9971518987341772,1104.816938278897,4.977215189873418,1085.2057672793437,10.87246835443038,1067.1661553621648,18.515822784810126,1119.0672343844394,7.521962025316455
311,1170.126360610208,5.27120253164557,1166.908864116036,2.2686708860759492,1104.816938278897,1.4930379746835443,1085.2057672793437,2.3651898734177217,1067.1661553621648,39.71487341772152,1118.8448171293298,10.222594936708862
312,1170.126360610208,9.178164556962026,1166.908864116036,2.1585443037974685,1104.816938278897,1.394620253164557,1085.2057672793437,1.2468354430379747,1067.1661553621648,16.207594936708862,1118.8448171293298,6.0371518987341775
313,1170.126360610208,5.242088607594937,1166.192824433872,1.6348101265822785,1104.816938278897,0.8965189873417722,1083.771851439529,4.7572784810126585,1067.1661553621648,1.1455696202531647,1118.4148260249342,2.7352531645569624
314,1170.126360610208,1.0981012658227849,1166.192824433872,1.2471518987341772,1104.816938278897,1.0477848101265823,1083.771851439529,9.961392405063291,1067.1661553621648,2.8848101265822783,1118.4148260249342,3.2478481012658227
315,1170.126360610208,0.9987341772151899,1166.192824433872,3.5563291139240505,1104.816938278897,0.9484177215189873,1083.771851439529,22.60126582278481,1067.1661553621648,1.0455696202531646,1118.4148260249342,5.830063291139241
316,1170.126360610208,0.8981012658227848,1166.192824433872,1.1477848101265822,1104.816938278897,1.1955696202531645,1083.771851439529,7.994303797468355,1067.1661553621648,0.9487341772151898,1118.4148260249342,2.4368987341772153
317,1170.126360610208,1.0462025316455696,1164.1374907438387,3.3294303797468356,1104.816938278897,1.1968354430379746,1083.771851439529,7.2060126582278485,1067.1661553621648,1.3436708860759494,1118.0037592869273,2.8244303797468358
318,1170.126360610208,11.655379746835443,1164.1374907438387,1.393354430379747,1104.816938278897,1.5427215189873418,1083.771851439529,1.2962025316455696,1067.1661553621648,5.861392405063291,1118.0037592869273,4.349810126582279
319,1170.126360610208,10.925949367088608,1164.1374907438387,7.334493670886076,1104.816938278897,1.3477848101265824,1083.771851439529,1.4930379746835443,1067.1661553621648,9.455379746835444,1118.0037592869273,6.111329113924051
320,1170.126360610208,1.5933544303797469,1164.1374907438387,1.1471518987341771,1104.816938278897,1.0474683544303798,1083.771851439529,1.146518987341772,1067.1661553621648,0.9484177215189873,1118.0037592869273,1.1765822784810127
321,1170.126360610208,1.0455696202531646,1164.1374907438387,0.8981012658227848,1104.816938278897,1.1477848101265822,1082.2768350912093,1.2477848101265823,1067.1661553621648,4.744620253164557,1117.7047560172637,1.8167721518987343
322,1170.126360610208,1.196518987341772,1164.1374907438387,1.5933544303797469,1104.816938278897,2.527848101265823,1082.2768350912093,2.1753164556962026,1067.1661553621648,5.4414556962025316,1117.7047560172637,2.586898734177215
323,1170.126360610208,1.0974683544303798,1164.1374907438387,1.191772151898734,1104.816938278897,0.9981012658227848,1082.2768350912093,1.8348101265822785,1067.1661553621648,1.2955696202531646,1117.7047560172637,1.2835443037974685
324,1170.126360610208,5.465506329113924,1164.1374907438387,1.639240506329114,1104.816938278897,0.9977848101265823,1082.2768350912093,4.681012658227848,1067.1661553621648,2.846518987341772,1117.7047560172637,3.126012658227848
325,1170.126360610208,1.0965189873417722,1164.1374907438387,0.8481012658227848,1104.816938278897,1.1949367088607594,1082.2768350912093,1.345253164556962,1067.1661553621648,2.3813291139240507,1117.7047560172637,1.3732278481012659
326,1170.126360610208,7.226898734177215,1164.1374907438387,1.2414556962025316,1104.816938278897,1.0965189873417722,1082.2768350912093,1.0474683544303798,1067.1661553621648,4.170886075949367,1117.7047560172637,2.9566455696202536
327,1170.126360610208,4.87753164556962,1164.1374907438387,1.2477848101265823,1104.816938278897,1.3943037974683545,1082.2768350912093,1.494620253164557,1067.1661553621648,0.9481012658227848,1117.7047560172637,1.9924683544303796
328,1170.126360610208,1.196518987341772,1164.1374907438387,0.9487341772151898,1104.816938278897,11.939240506329114,1082.2768350912093,6.262025316455696,1067.1661553621648,1.5443037974683544,1117.7047560172637,4.378164556962025
329,1170.126360610208,0.7987341772151899,1164.1374907438387,1.2974683544303798,1104.816938278897,4.949367088607595,1082.2768350912093,1.4446202531645569,1067.1661553621648,1.1981012658227848,1117.7047560172637,1.9376582278481014
330,1170.126360610208,1.4933544303797468,1164.1374907438387,1.0474683544303798,1104.816938278897,1.0458860759493671,1082.2768350912093,1.4924050632911392,1067.1661553621648,0.9484177215189873,1117.7047560172637,1.205506329113924
331,1170.126360610208,1.1971518987341772,1164.1374907438387,1.0474683544303798,1104.816938278897,1.145886075949367,1082.2768350912093,1.3436708860759494,1067.1661553621648,5.125632911392405,1117.7047560172637,1.9719620253164556
332,1170.126360610208,3.3022151898734178,1164.1374907438387,1.2465189873417721,1104.816938278897,1.0981012658227849,1082.2768350912093,2.6949367088607596,1067.1661553621648,9.075632911392406,1117.7047560172637,3.4834810126582285
333,1170.126360610208,5.313924050632911,1164.1374907438387,1.0981012658227849,1104.816938278897,1.2933544303797468,1082.2768350912093,1.7367088607594936,1067.1661553621648,1.1968354430379746,1117.7047560172637,2.127784810126582
334,1170.126360610208,2.7199367088607596,1164.1374907438387,1.3462025316455697,1104.816938278897,7.522784810126582,1082.2768350912093,5.456645569620253,1067.1661553621648,1.4439873417721518,1117.7047560172637,3.6979113924050635
335,1170.126360610208,2.4227848101265823,1164.1374907438387,1.9329113924050634,1104.816938278897,1.2462025316455696,1082.2768350912093,1.4427215189873417,1067.1661553621648,4.546518987341772,1117.7047560172637,2.318227848101266
336,1170.126360610208,0.9984177215189873,1164.1374907438387,1.393987341772152,1104.816938278897,1.2465189873417721,1082.2768350912093,3.758227848101266,1067.1661553621648,2.079746835443038,1117.7047560172637,1.895379746835443
337,1170.126360610208,0.8984177215189874,1164.1374907438387,1.1474683544303796,1104.816938278897,0.9974683544303797,1082.2768350912093,2.4955696202531645,1067.1661553621648,1.1949367088607594,1117.7047560172637,1.3467721518987341
338,1170.126360610208,6.633544303797469,1164.1374907438387,1.1468354430379746,1104.816938278897,1.2974683544303798,1082.2768350912093,2.251898734177215,1067.1661553621648,0.9471518987341773,1117.7047560172637,2.455379746835443
339,1170.126360610208,3.696518987341772,1164.1374907438387,4.120569620253165,1104.816938278897,1.2449367088607595,1082.2768350912093,1.0968354430379748,1067.1661553621648,1.2933544303797468,1117.7047560172637,2.2904430379746836
340,1170.126360610208,1.3430379746835444,1164.1374907438387,1.3455696202531646,1104.816938278897,5.859493670886076,1082.2768350912093,1.2955696202531646,1067.1661553621648,1.1977848101265822,1117.7047560172637,2.2082911392405067
341,1170.126360610208,1.0981012658227849,1164.1374907438387,0.995253164556962,1104.816938278897,1.941772151898734,1082.2768350912093,7.814556962025317,1067.1661553621648,1.2484177215189873,1117.7047560172637,2.6196202531645567
342,1170.126360610208,1.2465189873417721,1164.1374907438387,3.631012658227848,1104.816938278897,1.1484177215189872,1082.2768350912093,1.1452531645569621,1067.1661553621648,1.395886075949367,1117.7047560172637,1.7134177215189872
343,1170.126360610208,1.0477848101265823,1164.1374907438387,1.0977848101265824,1104.816938278897,1.1471518987341771,1082.2768350912093,1.396518987341772,1067.1661553621648,0.9487341772151898,1117.7047560172637,1.1275949367088607
344,1170.126360610208,1.2468354430379747,1164.1374907438387,1.1949367088607594,1104.816938278897,1.4936708860759493,1082.2768350912093,0.9487341772151898,1067.1661553621648,1.1462025316455695,1117.7047560172637,1.2060759493670887
345,1170.126360610208,1.3949367088607596,1164.1374907438387,1.4943037974683544,1104.816938278897,4.015189873417722,1081.9167684052534,1.4936708860759493,1067.1661553621648,1.3943037974683545,1117.6327426800722,1.958481012658228
346,1170.126360610208,8.643354430379746,1164.1374907438387,1.1962025316455696,1104.816938278897,1.245253164556962,1081.9167684052534,8.012025316455697,1067.1661553621648,0.9977848101265823,1117.6327426800722,4.018924050632911
347,1170.126360610208,0.9474683544303798,1164.1374907438387,4.144303797468354,1104.816938278897,3.7800632911392404,1081.9167684052534,1.0958860759493672,1067.1661553621648,0.8481012658227848,1117.6327426800722,2.1631645569620255
348,1170.126360610208,1.0974683544303798,1164.1374907438387,1.245886075949367,1104.816938278897,1.0484177215189874,1081.9167684052534,1.1468354430379746,1067.1661553621648,1.3449367088607596,1117.6327426800722,1.1767088607594935
349,1170.126360610208,0.9477848101265823,1164.1374907438387,1.2962025316455696,1104.816938278897,0.9471518987341773,1081.9167684052534,3.704113924050633,1067.1661553621648,0.9981012658227848,1117.6327426800722,1.5786708860759493
350,1170.126360610208,1.1962025316455696,1164.1374907438387,1.0474683544303798,1104.816938278897,1.1981012658227848,1081.9167684052534,1.3449367088607596,1067.1661553621648,0.9981012658227848,1117.6327426800722,1.1569620253164554
351,1170.126360610208,3.999367088607595,1164.1374907438387,9.29746835443038,1104.816938278897,1.3449367088607596,1081.9167684052534,1.1477848101265822,1067.1661553621648,1.3449367088607596,1117.6327426800722,3.4268987341772155
352,1170.126360610208,1.1962025316455696,1164.1374907438387,1.6424050632911393,1104.816938278897,1.3465189873417722,1081.9167684052534,1.2971518987341772,1067.1661553621648,1.3962025316455695,1117.6327426800722,1.3756962025316455
353,1170.126360610208,1.2474683544303797,1164.1374907438387,5.472151898734177,1104.816938278897,1.4939873417721519,1081.9167684052534,4.5708860759493675,1067.1661553621648,1.3936708860759495,1117.6327426800722,2.835632911392405
354,1170.126360610208,1.4433544303797468,1164.1374907438387,4.5474683544303796,1104.816938278897,1.8591772151898733,1081.9167684052534,4.535443037974684,1067.1661553621648,1.5443037974683544,1117.6327426800722,2.7859493670886075
355,1170.126360610208,1.5670886075949366,1164.1374907438387,4.850632911392405,1104.816938278897,1.2468354430379747,1081.9167684052534,1.4974683544303797,1067.1661553621648,3.8167721518987343,1117.6327426800722,2.595759493670886
356,1170.126360610208,1.6341772151898735,1164.1374907438387,1.593987341772152,1104.816938278897,4.685443037974683,1081.9167684052534,1.1971518987341772,1067.1661553621648,1.6449367088607596,1117.6327426800722,2.151139240506329
357,1170.126360610208,2.085126582278481,1164.1374907438387,1.3949367088607596,1104.816938278897,0.7971518987341772,1081.9167684052534,0.9974683544303797,1067.1661553621648,1.245886075949367,1117.6327426800722,1.304113924050633
358,1170.126360610208,1.754746835443038,1164.1374907438387,1.785126582278481,1104.816938278897,0.9977848101265823,1081.9167684052534,0.9962025316455696,1067.1661553621648,0.9474683544303798,1117.6327426800722,1.29626582278481
359,1170.126360610208,1.3414556962025317,1164.1374907438387,3.2430379746835443,1104.816938278897,0.9981012658227848,1081.9167684052534,1.8424050632911393,1067.1661553621648,1.4680379746835444,1117.6327426800722,1.7786075949367088
360,1170.126360610208,0.8484177215189873,1164.1374907438387,1.5300632911392404,1104.816938278897,1.3949367088607596,1081.9167684052534,9.812658227848102,1067.1661553621648,1.1971518987341772,1117.6327426800722,2.956645569620253
361,1170.126360610208,1.0977848101265824,1164.1374907438387,5.654430379746835,1104.816938278897,1.0458860759493671,1081.9167684052534,4.8800632911392405,1067.1661553621648,5.858544303797468,1117.6327426800722,3.7073417721518984
362,1170.126360610208,3.3085443037974684,1164.1374907438387,6.237974683544304,1104.816938278897,1.4936708860759493,1081.9167684052534,1.3465189873417722,1067.1661553621648,1.6436708860759495,1117.6327426800722,2.806075949367089
363,1169.8780909724744,5.766772151898734,1164.1374907438387,1.6436708860759495,1104.816938278897,1.1943037974683544,1081.9167684052534,1.2977848101265823,1067.1661553621648,4.2069620253164555,1117.5830887525256,2.821898734177215
364,1169.8780909724744,10.499050632911393,1164.1374907438387,1.0974683544303798,1102.9530559619757,1.0477848101265823,1081.9167684052534,1.4436708860759493,1067.1661553621648,0.9977848101265823,1117.2103122891415,3.0171518987341774
365,1169.8780909724744,1.294620253164557,1164.1374907438387,1.3481012658227849,1102.9530559619757,2.570253164556962,1081.9167684052534,0.9971518987341772,1067.1661553621648,1.0981012658227849,1117.2103122891415,1.4616455696202533
366,1169.8780909724744,0.8968354430379747,1164.1374907438387,1.1471518987341771,1102.9530559619757,4.14620253164557,1081.9167684052534,1.1971518987341772,1067.1661553621648,1.2965189873417722,1117.2103122891415,1.7367721518987342
367,1169.8780909724744,1.1971518987341772,1164.1374907438387,1.1962025316455696,1102.9530559619757,2.2787974683544303,1081.9167684052534,3.6272151898734175,1067.1661553621648,1.1471518987341771,1117.2103122891415,1.8893037974683544
368,1169.8780909724744,5.083860759493671,1164.1374907438387,4.038607594936709,1102.9530559619757,13.373101265822784,1081.9089017762544,1.2436708860759493,1067.1661553621648,3.4354430379746836,1117.2087389633416,5.434936708860759
369,1169.8780909724744,1.0477848101265823,1163.151164365918,0.9974683544303797,1102.9530559619757,8.952215189873417,1081.9089017762544,11.79620253164557,1067.1661553621648,1.4436708860759493,1117.0114736877574,4.84746835443038
370,1169.8780909724744,1.2455696202531645,1163.151164365918,5.231012658227848,1102.9530559619757,7.925632911392405,1081.9089017762544,2.1193037974683544,1067.1661553621648,1.5854430379746836,1117.0114736877574,3.621392405063291
371,1169.8780909724744,2.3759493670886074,1163.151164365918,3.4259493670886076,1102.9530559619757,9.99113924050633,1081.9089017762544,0.9462025316455697,1067.1661553621648,1.0113924050632912,1117.0114736877574,3.550126582278481
372,1169.8780909724744,9.45253164556962,1163.151164365918,1.1468354430379746,1102.9530559619757,5.3955696202531644,1080.626661852195,1.0484177215189874,1067.1661553621648,1.8462025316455697,1116.7550257029457,3.7779113924050627
373,1169.8780909724744,2.3265822784810126,1163.151164365918,1.5420886075949367,1102.9530559619757,1.4433544303797468,1080.626661852195,13.796835443037974,1065.3637781364807,1.9424050632911392,1116.3945502578085,4.210253164556962
374,1169.8780909724744,1.1984177215189873,1163.151164365918,1.195886075949367,1102.9530559619757,1.1481012658227847,1080.626661852195,4.543670886075949,1065.3637781364807,2.3091772151898735,1116.3945502578085,2.0790506329113922
375,1169.8780909724744,1.2958860759493671,1163.151164365918,1.294620253164557,1102.9530559619757,3.382594936708861,1080.626661852195,14.76392405063291,1065.3637781364807,2.2724683544303796,1116.3945502578085,4.601898734177215
376,1169.8780909724744,10.783227848101266,1163.151164365918,5.82246835443038,1101.739464030095,1.2474683544303797,1080.626661852195,3.1113924050632913,1065.3637781364807,3.2920886075949367,1116.1518318714325,4.851329113924051
377,1169.8780909724744,4.922784810126582,1163.151164365918,1.3465189873417722,1101.739464030095,23.675,1080.626661852195,1.3455696202531646,1065.3637781364807,1.3943037974683545,1116.1518318714325,6.536835443037975
378,1169.8780909724744,4.974367088607595,1163.151164365918,1.9300632911392406,1101.739464030095,13.99746835443038,1080.626661852195,3.681012658227848,1065.3637781364807,2.803481012658228,1116.1518318714325,5.477278481012659
379,1169.8780909724744,2.9360759493670887,1163.151164365918,1.8876582278481013,1101.739464030095,14.782911392405063,1080.626661852195,1.0965189873417722,1065.3637781364807,1.0974683544303798,1116.1518318714325,4.360126582278481
380,1169.8780909724744,1.0458860759493671,1163.151164365918,1.0955696202531646,1101.739464030095,16.659493670886075,1080.626661852195,3.913607594936709,1065.3637781364807,1.0962025316455697,1116.1518318714325,4.762151898734177
381,1169.8780909724744,1.1971518987341772,1163.151164365918,14.036708860759493,1101.739464030095,24.937025316455696,1080.626661852195,1.1455696202531647,1065.3637781364807,4.097151898734177,1116.1518318714325,9.082721518987341
382,1169.8780909724744,3.6117088607594936,1163.151164365918,8.863924050632912,1101.739464030095,24.8626582278481,1080.626661852195,1.196518987341772,1065.3637781364807,10.09113924050633,1116.1518318714325,9.725189873417722
383,1169.8780909724744,1.0471518987341772,1163.151164365918,6.560759493670886,1101.739464030095,16.93006329113924,1080.626661852195,1.244620253164557,1065.3637781364807,7.455379746835443,1116.1518318714325,6.6475949367088605
384,1169.8780909724744,1.2471518987341772,1163.151164365918,4.042721518987341,1101.739464030095,6.087974683544304,1080.626661852195,1.2455696202531645,1065.3637781364807,4.240189873417721,1116.1518318714325,3.372721518987342
385,1169.8780909724744,3.357278481012658,1163.151164365918,3.3433544303797467,1101.739464030095,1.2474683544303797,1080.626661852195,2.866455696202532,1065.3637781364807,1.1962025316455696,1116.1518318714325,2.4021518987341772
386,1169.3183156281505,3.3537974683544305,1163.151164365918,3.8734177215189876,1101.739464030095,1.1974683544303797,1080.626661852195,1.1962025316455696,1065.3637781364807,3.582594936708861,1116.0398768025677,2.6406962025316454
387,1169.3183156281505,1.2443037974683544,1163.151164365918,4.927848101265822,1101.739464030095,5.612025316455696,1080.626661852195,1.2471518987341772,1065.3637781364807,1.2455696202531645,1116.0398768025677,2.855379746835443
388,1169.3183156281505,1.6556962025316455,1163.151164365918,1.1955696202531645,1101.739464030095,1.2958860759493671,1080.626661852195,1.1968354430379746,1065.3637781364807,1.2443037974683544,1116.0398768025677,1.317658227848101
389,1169.3183156281505,1.7272151898734178,1163.151164365918,0.8477848101265822,1101.739464030095,1.9335443037974684,1080.626661852195,3.9784810126582277,1065.3637781364807,3.9259493670886076,1116.0398768025677,2.482594936708861
390,1169.3183156281505,1.8386075949367089,1163.151164365918,1.2465189873417721,1101.739464030095,2.0287974683544303,1080.626661852195,2.866772151898734,1065.3637781364807,1.3955696202531647,1116.0398768025677,1.8752531645569621
391,1169.3183156281505,1.425,1163.151164365918,1.6094936708860759,1101.739464030095,1.0468354430379747,1080.626661852195,3.2905063291139243,1065.3637781364807,1.8306962025316456,1116.0398768025677,1.8405063291139243
392,1169.3183156281505,3.434493670886076,1158.9882873074164,6.347468354430379,1101.739464030095,1.0468354430379747,1080.626661852195,2.4670886075949365,1065.3637781364807,1.9813291139240505,1115.2073013908675,3.0554430379746833
393,1169.3183156281505,1.0974683544303798,1158.9882873074164,7.906012658227848,1101.739464030095,6.080696202531645,1080.626661852195,2.903481012658228,1065.3637781364807,2.383544303797468,1115.2073013908675,4.074240506329113
394,1169.3183156281505,4.829746835443038,1158.9882873074164,1.8810126582278481,1101.739464030095,1.2936708860759494,1080.626661852195,2.9246835443037975,1065.3637781364807,4.228164556962025,1115.2073013908675,3.0314556962025314
395,1169.3183156281505,1.1955696202531645,1158.9882873074164,3.7477848101265825,1101.739464030095,3.179113924050633,1080.626661852195,2.356645569620253,1065.3637781364807,1.1971518987341772,1115.2073013908675,2.335253164556962
396,1169.3183156281505,5.603481012658228,1158.9882873074164,1.0468354430379747,1101.6775358779437,0.8487341772151898,1080.626661852195,3.2819620253164556,1065.3637781364807,1.543987341772152,1115.1949157604372,2.465
397,1169.3183156281505,6.585759493670886,1158.9882873074164,1.0477848101265823,1099.410633612949,16.320253164556963,1080.626661852195,1.9667721518987342,1065.3637781364807,1.0965189873417722,1114.7415353074382,5.403417721518987
398,1169.3183156281505,1.643987341772152,1158.9882873074164,1.544620253164557,1099.410633612949,9.508227848101265,1080.626661852195,1.4661392405063292,1065.3637781364807,1.1481012658227847,1114.7415353074382,3.0622151898734176
399,1169.3183156281505,1.2474683544303797,1158.9882873074164,3.972151898734177,1099.410633612949,1.3430379746835444,1080.626661852195,1.5430379746835443,1065.3637781364807,1.5462025316455696,1114.7415353074382,1.930379746835443
400,1169.3183156281505,5.316139240506329,1158.9882873074164,8.805063291139241,1099.410633612949,1.04873417721519,1080.626661852195,3.8879746835443036,1065.3637781364807,1.0968354430379748,1114.7415353074382,4.030949367088608
401,1169.3183156281505,1.0490506329113924,1158.9882873074164,1.0474683544303798,1099.410633612949,1.2462025316455696,1080.626661852195,1.0474683544303798,1065.3637781364807,0.9477848101265823,1114.7415353074382,1.0675949367088609
402,1169.3183156281505,0.7477848101265823,1158.9882873074164,1.0481012658227848,1099.410633612949,1.2955696202531646,1080.626661852195,1.146518987341772,1065.3637781364807,0.9974683544303797,1114.7415353074382,1.0470886075949368
403,1169.3183156281505,1.5443037974683544,1158.9882873074164,1.1471518987341771,1099.410633612949,1.244620253164557,1080.626661852195,1.0481012658227848,1065.3637781364807,1.3455696202531646,1114.7415353074382,1.2659493670886077
404,1167.019300674902,1.245253164556962,1158.9882873074164,2.2781645569620252,1099.410633612949,1.3981012658227847,1080.626661852195,1.7424050632911392,1065.3637781364807,2.3256329113924052,1114.2817323167887,1.7979113924050634
405,1167.019300674902,1.245886075949367,1158.9882873074164,1.1977848101265822,1099.410633612949,1.3458860759493672,1080.626661852195,1.1462025316455695,1065.3637781364807,3.6984177215189873,1114.2817323167887,1.7268354430379749
406,1167.019300674902,1.3462025316455697,1158.9882873074164,2.323101265822785,1099.410633612949,1.0490506329113924,1080.626661852195,1.239873417721519,1065.3637781364807,3.4522151898734177,1114.2817323167887,1.8820886075949368
407,1166.492410541657,1.345253164556962,1158.9882873074164,9.855696202531645,1099.410633612949,1.195253164556962,1080.626661852195,1.5806962025316456,1065.3637781364807,3.233227848101266,1114.1763542901394,3.442025316455696
408,1166.492410541657,1.394620253164557,1132.724575429478,13.143037974683544,1099.410633612949,1.2462025316455696,1080.626661852195,1.7917721518987342,1065.3637781364807,1.1981012658227848,1108.9236119145519,3.7547468354430378
409,1166.492410541657,1.0465189873417722,1132.724575429478,22.6753164556962,1099.410633612949,1.0971518987341773,1080.626661852195,1.7208860759493672,1065.3637781364807,0.9487341772151898,1108.9236119145519,5.497721518987342
410,1166.492410541657,1.4471518987341772,1132.724575429478,40.62879746835443,1099.410633612949,1.2477848101265823,1080.626661852195,0.9981012658227848,1065.3637781364807,2.017088607594937,1108.9236119145519,9.267784810126582
411,1166.492410541657,1.1971518987341772,1132.724575429478,25.589556962025316,1099.410633612949,1.5943037974683545,1080.626661852195,0.8471518987341772,1065.3637781364807,1.0474683544303798,1108.9236119145519,6.055126582278481
412,1166.492410541657,0.9984177215189873,1132.724575429478,1.0974683544303798,1099.410633612949,1.445886075949367,1080.626661852195,1.1977848101265822,1065.3637781364807,1.4433544303797468,1108.9236119145519,1.2365822784810128
413,1166.492410541657,1.195253164556962,1132.724575429478,1.2462025316455696,1099.410633612949,1.1474683544303796,1080.626661852195,1.5449367088607595,1065.3637781364807,1.245253164556962,1108.9236119145519,1.2758227848101265
414,1166.492410541657,1.0962025316455697,1132.724575429478,1.491139240506329,1099.410633612949,3.1180379746835443,1080.626661852195,5.921518987341772,1065.3637781364807,1.1971518987341772,1108.9236119145519,2.564810126582278
415,1166.492410541657,1.343987341772152,1132.724575429478,4.243037974683545,1099.410633612949,1.0468354430379747,1080.626661852195,4.239873417721519,1065.3637781364807,4.546835443037975,1108.9236119145519,3.084113924050633
416,1166.492410541657,1.3955696202531647,1132.724575429478,1.146518987341772,1099.410633612949,1.2965189873417722,1080.626661852195,3.5240506329113925,1065.3637781364807,1.3455696202531646,1108.9236119145519,1.7416455696202533
417,1166.492410541657,1.5927215189873418,1132.724575429478,0.9465189873417722,1099.410633612949,1.295253164556962,1080.626661852195,1.2471518987341772,1065.3637781364807,3.5844936708860757,1108.9236119145519,1.7332278481012657
418,1166.492410541657,1.3468354430379748,1132.724575429478,1.2462025316455696,1099.410633612949,0.9965189873417721,1080.626661852195,1.1968354430379746,1065.3637781364807,0.9987341772151899,1108.9236119145519,1.157025316455696
419,1165.6923618828637,0.9968354430379747,1132.724575429478,0.9965189873417721,1099.410633612949,1.1455696202531647,1080.626661852195,1.2465189873417721,1065.3637781364807,1.0490506329113924,1108.7636021827932,1.0868987341772152
420,1165.6923618828637,10.400632911392405,1132.724575429478,1.1946202531645569,1099.410633612949,1.0981012658227849,1080.626661852195,1.195886075949367,1065.3637781364807,1.244620253164557,1108.7636021827932,3.026772151898734
421,1161.3062596712275,6.4458860759493675,1132.724575429478,1.0977848101265824,1099.410633612949,1.196518987341772,1077.0971260081612,1.0455696202531646,1065.3637781364807,1.0455696202531646,1107.1804745716593,2.1662658227848106
422,1161.3062596712275,5.124367088607595,1132.724575429478,1.09873417721519,1099.410633612949,3.803481012658228,1077.0971260081612,2.109493670886076,1065.3637781364807,4.299367088607595,1107.1804745716593,3.2870886075949373
423,1161.3062596712275,1.4427215189873417,1132.724575429478,1.345253164556962,1099.410633612949,1.1977848101265822,1077.0971260081612,3.197151898734177,1065.3637781364807,4.188924050632911,1107.1804745716593,2.274367088607595
424,1161.3062596712275,3.6234177215189876,1132.724575429478,1.2962025316455696,1099.410633612949,0.7490506329113924,1077.0971260081612,1.9113924050632911,1065.3637781364807,4.0731012658227845,1107.1804745716593,2.330632911392405
425,1161.3062596712275,2.1598101265822787,1132.724575429478,1.5430379746835443,1099.410633612949,0.7996835443037975,1077.0971260081612,2.5772151898734177,1065.3637781364807,0.9965189873417721,1107.1804745716593,1.615253164556962
426,1161.3062596712275,6.394303797468354,1130.4422844362841,4.088291139240506,1099.410633612949,4.487974683544304,1077.0971260081612,1.396518987341772,1065.3637781364807,0.9981012658227848,1106.7240163730205,3.4730379746835447
427,1161.3062596712275,1.6443037974683545,1130.4422844362841,1.0981012658227849,1099.410633612949,4.481012658227848,1077.0971260081612,1.1449367088607596,1065.3637781364807,1.0977848101265824,1106.7240163730205,1.8932278481012657
428,1161.3062596712275,2.109493670886076,1130.4422844362841,1.5927215189873418,1099.410633612949,1.495886075949367,1077.0971260081612,1.4430379746835442,1064.9024240378294,1.1468354430379746,1106.6317455532903,1.5575949367088608
429,1161.147675472472,1.5408227848101266,1130.4422844362841,1.9126582278481012,1099.410633612949,1.9316455696202532,1077.0971260081612,3.9550632911392407,1064.9024240378294,2.460759493670886,1106.6000287135391,2.3601898734177214
430,1160.455236030961,1.9234177215189874,1130.4422844362841,1.4430379746835442,1099.410633612949,1.2477848101265823,1077.0971260081612,2.1753164556962026,1064.9024240378294,5.301582278481012,1106.461540825237,2.4182278481012656
431,1157.383593599276,2.4651898734177213,1130.4422844362841,1.2468354430379747,1099.410633612949,1.0958860759493672,1077.0971260081612,2.1003164556962024,1064.9024240378294,1.3927215189873419,1105.8472123389,1.6601898734177216
432,1157.383593599276,5.643987341772152,1130.4422844362841,4.7762658227848105,1099.410633612949,5.041772151898734,1077.0971260081612,1.3930379746835444,1064.9024240378294,1.1468354430379746,1105.8472123389,3.6003797468354435
433,1157.383593599276,9.384810126582279,1130.4422844362841,7.305379746835443,1099.410633612949,1.3468354430379748,1077.0971260081612,1.2955696202531646,1064.9024240378294,1.1974683544303797,1105.8472123389,4.106012658227849
434,1157.383593599276,3.7617088607594935,1130.4422844362841,9.304746835443037,1099.410633612949,3.9455696202531647,1072.2592386960616,1.295253164556962,1064.9024240378294,3.288607594936709,1104.87963487648,4.319177215189873
435,1157.383593599276,1.2468354430379747,1130.4422844362841,12.093354430379748,1099.410633612949,0.9965189873417721,1072.2592386960616,3.804746835443038,1064.9024240378294,1.2968354430379747,1104.87963487648,3.8876582278481018
436,1157.383593599276,4.974367088607595,1130.4422844362841,5.483227848101266,1099.410633612949,1.4427215189873417,1072.2592386960616,4.044936708860759,1064.9024240378294,0.9471518987341773,1104.87963487648,3.378481012658228
437,1157.383593599276,1.6427215189873419,1130.4422844362841,7.487658227848101,1099.410633612949,0.9965189873417721,1072.2592386960616,1.8981012658227847,1062.2203295926638,1.1971518987341772,1104.343215987447,2.6444303797468356
438,1157.383593599276,5.575632911392405,1130.4422844362841,5.856962025316456,1099.410633612949,1.0965189873417722,1072.2592386960616,9.607278481012658,1062.2203295926638,1.4430379746835442,1104.343215987447,4.715886075949367
439,1157.383593599276,3.9537974683544306,1130.4422844362841,5.487658227848101,1099.410633612949,1.146518987341772,1070.813451608351,0.8974683544303798,1062.2203295926638,1.195886075949367,1104.0540585699048,2.5362658227848103
440,1157.383593599276,1.3449367088607596,1130.4422844362841,1.0477848101265823,1099.410633612949,4.782594936708861,1070.813451608351,1.7936708860759494,1062.2203295926638,3.5341772151898736,1104.0540585699048,2.5006329113924055
441,1157.383593599276,4.953797468354431,1130.4422844362841,0.9981012658227848,1099.410633612949,3.163607594936709,1070.813451608351,5.689873417721519,1062.2203295926638,1.3382911392405064,1104.0540585699048,3.22873417721519
442,1157.383593599276,1.0977848101265824,1130.4422844362841,1.3471518987341773,1099.410633612949,1.195253164556962,1070.813451608351,2.4667721518987342,1062.2203295926638,1.3376582278481013,1104.0540585699048,1.4889240506329116
443,1157.383593599276,1.2965189873417722,1130.4422844362841,2.7379746835443037,1099.410633612949,1.0965189873417722,1070.813451608351,4.568354430379747,1062.2203295926638,1.0462025316455696,1104.0540585699048,2.1491139240506327
444,1157.383593599276,1.3196202531645569,1130.4422844362841,1.1462025316455695,1099.410633612949,1.3458860759493672,1070.813451608351,1.3917721518987343,1062.2203295926638,0.9477848101265823,1104.0540585699048,1.2302531645569619
445,1157.383593599276,1.5462025316455696,1130.4422844362841,5.073417721518988,1099.410633612949,1.0458860759493671,1070.813451608351,1.1946202531645569,1062.2203295926638,1.0971518987341773,1104.0540585699048,1.9914556962025316
446,1157.383593599276,3.7623417721518986,1130.4422844362841,2.027215189873418,1099.410633612949,1.3952531645569621,1070.813451608351,1.494620253164557,1062.2203295926638,1.0481012658227848,1104.0540585699048,1.945506329113924
447,1154.953290253935,0.9984177215189873,1130.4422844362841,1.4939873417721519,1099.410633612949,1.0958860759493672,1070.813451608351,1.0958860759493672,1062.2203295926638,1.344620253164557,1103.5679979008366,1.205759493670886
448,1154.953290253935,1.5848101265822785,1130.4422844362841,1.4636075949367089,1099.410633612949,1.0471518987341772,1064.801681041843,1.1477848101265822,1062.2203295926638,1.5376582278481012,1102.365643787535,1.3562025316455695
449,1154.953290253935,4.611708860759494,1130.4422844362841,3.975,1099.410633612949,1.4462025316455696,1064.801681041843,6.259810126582279,1062.2203295926638,3.780379746835443,1102.365643787535,4.014620253164557
450,1154.953290253935,4.4481012658227845,1121.9014473568097,3.5044303797468355,1099.410633612949,2.869620253164557,1064.801681041843,4.37246835443038,1062.2203295926638,1.1977848101265822,1100.65747637164,3.278481012658228
451,1154.953290253935,1.268354430379747,1121.9014473568097,1.6430379746835444,1098.9474204513065,0.9487341772151898,1064.801681041843,1.5430379746835443,1062.2203295926638,0.8987341772151899,1100.5648337393116,1.2603797468354432
452,1154.953290253935,0.9974683544303797,1121.9014473568097,6.474050632911393,1098.9474204513065,9.384177215189874,1064.801681041843,4.1455696202531644,1062.2203295926638,1.1977848101265822,1100.5648337393116,4.4398101265822785
453,1154.953290253935,1.3449367088607596,1121.9014473568097,4.487025316455696,1098.9474204513065,10.065822784810127,1064.801681041843,1.0477848101265823,1062.2203295926638,0.9471518987341773,1100.5648337393116,3.578544303797468
454,1154.953290253935,5.074367088607595,1121.9014473568097,3.543354430379747,1098.9474204513065,6.451582278481013,1064.801681041843,1.2924050632911392,1062.2203295926638,1.594620253164557,1100.5648337393116,3.59126582278481
455,1154.953290253935,1.2971518987341772,1121.9014473568097,6.803164556962026,1098.9474204513065,4.945569620253164,1064.801681041843,0.8977848101265823,1062.2203295926638,5.0205696202531644,1100.5648337393116,3.7928481012658226
456,1154.953290253935,0.9481012658227848,1118.218915191958,1.5436708860759494,1098.9474204513065,1.0474683544303798,1064.801681041843,0.9468354430379747,1062.2203295926638,1.445253164556962,1099.8283273063412,1.1862658227848102
457,1154.953290253935,1.3949367088607596,1118.218915191958,3.8610759493670885,1098.9474204513065,1.0477848101265823,1064.801681041843,1.0971518987341773,1062.2203295926638,0.8971518987341772,1099.8283273063412,1.659620253164557
458,1154.953290253935,1.2449367088607595,1118.218915191958,2.3522151898734176,1098.9474204513065,1.1984177215189873,1064.801681041843,1.0367088607594936,1062.2203295926638,1.2965189873417722,1099.8283273063412,1.4257594936708862
459,1154.953290253935,3.725632911392405,1116.7731281042472,2.4433544303797468,1092.2717126342827,1.1974683544303797,1064.801681041843,1.1949367088607594,1062.2203295926638,0.8490506329113924,1098.2040283253941,1.8820886075949368
460,1149.9557619527786,1.395886075949367,1116.7731281042472,2.1462025316455695,1092.2717126342827,7.944303797468354,1064.801681041843,1.3449367088607596,1062.2203295926638,1.4443037974683544,1097.204522665163,2.855126582278481
461,1149.9557619527786,1.4575949367088608,1116.7731281042472,4.011392405063291,1092.2717126342827,4.622151898734177,1064.801681041843,1.4974683544303797,1062.2203295926638,1.1962025316455696,1097.204522665163,2.556962025316456
462,1149.9557619527786,9.551582278481012,1112.9884702260804,3.069620253164557,1092.2717126342827,3.3132911392405062,1064.801681041843,1.925,1062.2203295926638,1.195253164556962,1096.4475910895299,3.8109493670886074
463,1149.9557619527786,9.550316455696203,1111.5426831383695,2.2882911392405063,1092.2717126342827,0.9977848101265823,1064.801681041843,1.8145569620253164,1062.2203295926638,1.0484177215189874,1096.1584336719875,3.139873417721519
464,1149.9557619527786,1.6189873417721519,1111.5426831383695,2.029746835443038,1092.2717126342827,1.3462025316455697,1064.801681041843,1.885126582278481,1062.2203295926638,0.7984177215189874,1096.1584336719875,1.5356962025316456
465,1149.9557619527786,1.2471518987341772,1111.5426831383695,1.779746835443038,1092.2717126342827,0.9474683544303798,1064.801681041843,5.981012658227848,1062.2203295926638,5.419936708860759,1096.1584336719875,3.075063291139241
466,1149.9557619527786,1.0481012658227848,1111.5426831383695,1.545253164556962,1092.2717126342827,1.3952531645569621,1064.801681041843,1.3927215189873419,1062.2203295926638,1.495886075949367,1096.1584336719875,1.3754430379746836
467,1149.9557619527786,1.145886075949367,1111.5426831383695,1.4439873417721518,1092.2717126342827,1.0955696202531646,1064.801681041843,1.3474683544303798,1062.2203295926638,1.3443037974683545,1096.1584336719875,1.2754430379746835
468,1149.9557619527786,1.244620253164557,1111.5426831383695,4.503164556962025,1092.2717126342827,1.4936708860759493,1064.801681041843,1.196518987341772,1062.2203295926638,1.2949367088607595,1096.1584336719875,1.946582278481013
469,1149.9557619527786,0.9965189873417721,1111.5426831383695,2.018354430379747,1092.2717126342827,2.606012658227848,1064.801681041843,1.2974683544303798,1062.2203295926638,1.2955696202531646,1096.1584336719875,1.6427848101265823
470,1149.9557619527786,1.2465189873417721,1108.2053724220045,1.2974683544303798,1092.2717126342827,2.5193037974683543,1064.801681041843,1.1471518987341771,1062.2203295926638,4.973417721518987,1095.4909715287145,2.2367721518987342
471,1149.9557619527786,0.9987341772151899,1108.2053724220045,1.0968354430379748,1092.2717126342827,2.3056962025316454,1064.801681041843,1.0474683544303798,1062.2203295926638,0.9977848101265823,1095.4909715287145,1.2893037974683543
472,1149.9557619527786,1.1471518987341771,1108.2053724220045,1.3977848101265822,1092.2717126342827,5.391772151898734,1064.801681041843,1.2981012658227848,1062.2203295926638,1.1452531645569621,1095.4909715287145,2.076012658227848
473,1149.9557619527786,5.196835443037974,1108.2053724220045,1.4446202531645569,1092.2717126342827,3.2167721518987342,1064.801681041843,4.056012658227848,1062.2203295926638,1.146518987341772,1095.4909715287145,3.012151898734177
474,1149.9557619527786,1.3462025316455697,1108.2053724220045,4.674050632911392,1092.2717126342827,1.1487341772151898,1064.801681041843,1.396518987341772,1062.2203295926638,0.9484177215189873,1095.4909715287145,1.902784810126582
475,1149.9557619527786,0.8481012658227848,1108.2053724220045,4.64746835443038,1092.2717126342827,4.390189873417722,1064.801681041843,1.3436708860759494,1062.2203295926638,1.04873417721519,1095.4909715287145,2.455632911392405
476,1149.9557619527786,0.9471518987341773,1108.2053724220045,4.388291139240506,1092.2717126342827,1.0984177215189874,1064.801681041843,1.196518987341772,1062.2203295926638,1.5920886075949368,1095.4909715287145,1.844493670886076
477,1149.9557619527786,1.0462025316455696,1108.2053724220045,1.195886075949367,1092.2717126342827,1.345253164556962,1064.801681041843,3.508227848101266,1062.2203295926638,1.344620253164557,1095.4909715287145,1.6880379746835446
478,1149.083800729122,1.6914556962025316,1108.2053724220045,1.3474683544303798,1092.2717126342827,1.2468354430379747,1064.801681041843,1.3474683544303798,1062.2203295926638,3.97373417721519,1095.3165792839832,1.9213924050632911
479,1149.083800729122,1.1468354430379746,1108.2053724220045,1.0465189873417722,1092.2717126342827,1.4943037974683544,1064.801681041843,5.163291139240506,1062.2203295926638,3.2104430379746836,1095.3165792839832,2.4122784810126583
480,1149.083800729122,1.2439873417721519,1108.2053724220045,0.6484177215189874,1092.2717126342827,3.3781645569620253,1064.801681041843,3.9594936708860757,1062.2203295926638,1.7392405063291139,1095.3165792839832,2.193860759493671
481,1149.083800729122,1.1943037974683544,1107.1899405158906,1.1943037974683544,1092.2717126342827,1.394620253164557,1064.801681041843,1.345253164556962,1062.2203295926638,1.0474683544303798,1095.1134929027603,1.2351898734177216
482,1149.083800729122,1.495253164556962,1107.1899405158906,7.800632911392405,1092.2717126342827,3.0686708860759495,1064.801681041843,4.184177215189873,1062.2203295926638,1.3930379746835444,1095.1134929027603,3.5883544303797463
483,1147.7386014928707,6.037974683544304,1107.1899405158906,1.2281645569620254,1092.2717126342827,0.9971518987341772,1064.801681041843,1.5933544303797469,1062.2203295926638,0.9974683544303797,1094.8444530555103,2.1708227848101265
484,1147.7386014928707,1.1924050632911392,1107.1899405158906,1.755379746835443,1092.2717126342827,1.545253164556962,1064.801681041843,4.642088607594936,1062.2203295926638,1.2968354430379747,1094.8444530555103,2.086392405063291
485,1147.7386014928707,7.830379746835443,1107.1899405158906,1.7129746835443038,1092.2717126342827,4.939873417721519,1064.801681041843,1.0968354430379748,1062.2203295926638,4.888607594936709,1094.8444530555103,4.09373417721519
486,1147.7386014928707,3.642721518987342,1107.1899405158906,1.3477848101265824,1092.2717126342827,13.108227848101265,1064.801681041843,1.2974683544303798,1062.2203295926638,4.3610759493670885,1094.8444530555103,4.751455696202531
487,1147.7386014928707,1.245886075949367,1101.5426831383697,1.0471518987341772,1092.2717126342827,1.0471518987341772,1064.801681041843,1.633860759493671,1062.2203295926638,1.4455696202531645,1093.715001580006,1.2839240506329115
488,1147.7386014928707,1.0477848101265823,1101.5426831383697,0.9990506329113924,1092.2717126342827,1.5430379746835443,1064.801681041843,1.906012658227848,1062.2203295926638,1.0977848101265824,1093.715001580006,1.31873417721519
489,1147.7386014928707,1.2455696202531645,1101.5426831383697,1.2462025316455696,1092.2717126342827,1.0974683544303798,1064.801681041843,2.0037974683544304,1062.2203295926638,2.8949367088607594,1093.715001580006,1.6975949367088607
490,1147.7386014928707,0.7990506329113924,1101.5426831383697,1.1974683544303797,1092.2717126342827,3.529746835443038,1064.801681041843,1.3474683544303798,1062.2203295926638,1.0977848101265824,1093.715001580006,1.5943037974683547
491,1147.7386014928707,0.8465189873417721,1101.5426831383697,0.799367088607595,1092.2717126342827,1.2430379746835443,1064.801681041843,1.3449367088607596,1062.2203295926638,1.6420886075949368,1093.715001580006,1.1751898734177217
492,1144.528052539862,3.662341772151899,1101.5426831383697,1.396518987341772,1092.2717126342827,1.0965189873417722,1064.801681041843,1.3968354430379746,1062.2203295926638,1.0455696202531646,1093.0728917894044,1.7195569620253164
493,1144.528052539862,1.1484177215189872,1101.5426831383697,1.1462025316455695,1092.2717126342827,2.767405063291139,1064.801681041843,4.4,1062.2203295926638,0.9490506329113924,1093.0728917894044,2.0822151898734176
494,1144.528052539862,1.446518987341772,1101.5426831383697,4.761392405063291,1092.2717126342827,22.156645569620252,1064.801681041843,4.818354430379747,1062.2203295926638,1.2949367088607595,1093.0728917894044,6.8955696202531644
495,1144.528052539862,3.6563291139240506,1101.5426831383697,1.754746835443038,1092.2717126342827,6.493987341772152,1064.801681041843,2.767088607594937,1062.2203295926638,1.396518987341772,1093.0728917894044,3.2137341772151897
496,1144.528052539862,3.8705696202531645,1101.5426831383697,1.5522151898734178,1092.2717126342827,1.395886075949367,1064.801681041843,9.268987341772151,1062.2203295926638,3.6813291139240505,1093.0728917894044,3.9537974683544306
497,1144.528052539862,1.2477848101265823,1101.5426831383697,1.9085443037974683,1092.2717126342827,1.1443037974683545,1064.801681041843,2.768987341772152,1062.2203295926638,1.2462025316455696,1093.0728917894044,1.6631645569620255
498,1144.528052539862,0.8487341772151898,1101.5426831383697,1.3911392405063292,1092.2717126342827,1.0974683544303798,1064.801681041843,1.245253164556962,1062.2203295926638,0.7981012658227848,1093.0728917894044,1.0761392405063293
499,1144.528052539862,1.3449367088607596,1101.5426831383697,1.1974683544303797,1092.2717126342827,1.0962025316455697,1064.801681041843,1.1977848101265822,1062.2203295926638,0.9968354430379747,1093.0728917894044,1.1666455696202533
500,1144.528052539862,0.9481012658227848,1101.5426831383697,4.882594936708861,1092.2717126342827,1.2474683544303797,1064.801681041843,3.167405063291139,1062.2203295926638,1.6943037974683544,1093.0728917894044,2.3879746835443036
