generation,fitness_run_1,diversity_run_1,fitness_run_2,diversity_run_2,fitness_run_3,diversity_run_3,fitness_run_4,diversity_run_4,fitness_run_5,diversity_run_5,fitness_average,diversity_average
1,3706.1438146688265,18.360197460229337,3717.02817704032,18.347901527876754,3675.9687970034624,18.361007538720294,3695.5192651521543,18.380753375130325,3825.4974854637144,18.337270534990047,3724.0315078656954,18.35742608738935
2,3706.1438146688265,18.32674818938073,3717.02817704032,18.36701863110638,3675.9687970034624,18.330393970584833,3695.5192651521543,18.32158142432093,3825.4974854637144,18.328242900999197,3724.0315078656954,18.334797023278416
3,3706.1438146688265,19.058542175053923,3549.4866005020617,18.355715418968753,3675.9687970034624,18.326648875077083,3695.5192651521543,18.352680702172215,3728.5355999880317,18.374009847647322,3671.130815462907,18.493519403783857
4,3706.1438146688265,18.376621802852856,3549.4866005020617,18.314299645112634,3675.9687970034624,18.299701118609775,3695.5192651521543,18.26902152246332,3694.9065563712393,18.329493757842982,3664.4050067395488,18.317827569376313
5,3706.1438146688265,18.34855812526426,3549.4866005020617,18.315524308596558,3675.9687970034624,18.33314711509713,3695.5192651521543,18.327498906238052,3694.9065563712393,18.32282236145601,3664.4050067395488,18.3295101633304
6,3706.1438146688265,18.37478110324823,3549.4866005020617,18.347073965845702,3675.9687970034624,18.337753716165395,3695.5192651521543,18.29291909684003,3694.9065563712393,18.36635454862811,3664.4050067395488,18.343776486145494
7,3706.1438146688265,18.31171281545009,3549.4866005020617,18.27401586522013,3675.9687970034624,18.44069534032481,3634.7815117821547,18.354988764444347,3694.9065563712393,18.279352101326467,3652.2574560655494,18.332152977353168
8,3706.1438146688265,18.365431225065628,3549.4866005020617,18.28380294508083,3675.9687970034624,18.397588316836767,3634.7815117821547,18.35840931462461,3694.9065563712393,18.27537670245409,3652.2574560655494,18.336121700812384
9,3706.1438146688265,18.31653795778682,3549.4866005020617,18.32244109734652,3675.9687970034624,18.347933466766044,3634.7815117821547,18.3727909360925,3694.9065563712393,18.313885526322434,3652.2574560655494,18.334717796862865
10,3706.1438146688265,18.33306097809663,3549.4866005020617,18.33257826698446,3675.9687970034624,18.319968137329973,3634.7815117821547,18.372320731400723,3645.485638332437,18.338192077402002,3642.3732724577885,18.339224038242754
11,3706.1438146688265,18.312558494779083,3549.4866005020617,18.305336952870004,3675.9687970034624,18.358017485773242,3634.7815117821547,18.37299069072856,3645.485638332437,18.31560480541876,3642.3732724577885,18.33290168591393
12,3639.641579702289,18.337469752081656,3549.4866005020617,18.39161660610762,3564.9888811177893,18.343453787394424,3634.7815117821547,18.327731237651257,3645.485638332437,18.347979964621597,3606.8768422873463,18.34965026957131
13,3639.641579702289,18.349776978228533,3549.4866005020617,18.360080502155515,3564.9888811177893,18.345122858371745,3634.7815117821547,18.33870117783349,3645.485638332437,18.34630299861745,3606.8768422873463,18.347996903041345
14,3639.641579702289,18.358228700919515,3549.4866005020617,18.347670484074744,3564.9888811177893,18.30903175199491,3634.7815117821547,18.34933229552385,3645.485638332437,18.316288833081448,3606.8768422873463,18.336110413118895
15,3639.641579702289,18.33728950071346,3549.4866005020617,19.034063458180153,3564.9888811177893,18.31103384821059,3634.7815117821547,18.32140720554541,3645.485638332437,18.37040985047056,3606.8768422873463,18.47484077262403
16,3639.641579702289,18.325765545235836,3549.4866005020617,18.931563564504174,3564.9888811177893,18.324238845050075,3634.7815117821547,18.332097709026762,3645.485638332437,18.371214508029954,3606.8768422873463,18.45697603436936
17,3639.641579702289,18.274901148493065,3549.4866005020617,18.968469731794517,3564.9888811177893,18.296058775176558,3634.7815117821547,18.305801627624053,3645.485638332437,18.297268750706625,3606.8768422873463,18.428500006758963
18,3639.641579702289,18.288195230433395,3549.4866005020617,18.324494809435222,3564.9888811177893,18.35320177440637,3634.7815117821547,18.34242865096448,3645.485638332437,18.316490059020623,3606.8768422873463,18.324962104852016
19,3639.641579702289,18.315085241155007,3549.4866005020617,18.32333788530776,3564.9888811177893,18.321446215627237,3634.7815117821547,18.35046339182153,3645.485638332437,18.30766720616565,3606.8768422873463,18.323599988015438
20,3639.641579702289,18.348630877435966,3549.4866005020617,18.349468418596015,3564.9888811177893,18.30577238423391,3634.7815117821547,18.674363802965967,3645.485638332437,18.361870559228418,3606.8768422873463,18.408021208492055
21,3639.641579702289,18.325205285423806,3549.4866005020617,18.411545359180373,3564.9888811177893,18.30226133428503,3634.7815117821547,18.278043348548568,3645.485638332437,18.30521359050129,3606.8768422873463,18.324453783587813
22,3639.641579702289,18.30698748648066,3549.4866005020617,18.34154365703167,3564.9888811177893,18.334500709864436,3634.7815117821547,18.28422289065746,3645.485638332437,18.3855809833076,3606.8768422873463,18.33056714546837
23,3639.641579702289,18.31432448745605,3549.4866005020617,18.3672584000461,3564.9888811177893,18.35261898419297,3634.7815117821547,18.281244509225324,3645.485638332437,18.337766858565892,3606.8768422873463,18.330642647897264
24,3639.641579702289,18.34179167069851,3549.4866005020617,18.326813225815265,3564.9888811177893,18.888611067778935,3634.7815117821547,18.32859220099527,3645.485638332437,18.346198825447235,3606.8768422873463,18.446401398147042
25,3639.641579702289,18.297865624956895,3549.4866005020617,18.293961656292797,3564.9888811177893,18.2926209252923,3634.7815117821547,18.32546018707933,3645.485638332437,18.35990565357108,3606.8768422873463,18.31396280943848
26,3639.641579702289,18.293560840097896,3549.4866005020617,18.311119295675496,3564.9888811177893,19.06912734539806,3449.439887665685,18.35377815410441,3645.485638332437,18.31974859266976,3569.8085174640523,18.469466845589125
27,3639.641579702289,18.46754329217503,3549.4866005020617,18.330269577230293,3564.9888811177893,18.35001013027723,3449.439887665685,18.385813062141676,3560.464632326809,18.31189206019608,3552.804316262927,18.369105624404064
28,3639.641579702289,18.351952936527944,3549.4866005020617,18.309424726840337,3564.9888811177893,18.35568078713214,3449.439887665685,18.343651287008132,3560.464632326809,18.28996695734072,3552.804316262927,18.330135338969857
29,3637.2151392485653,18.28749926424511,3549.4866005020617,18.316449607263486,3564.9888811177893,18.674169183886058,3449.439887665685,18.31669038736038,3560.464632326809,18.303400168547313,3552.3190281721822,18.37964172226047
30,3637.2151392485653,18.311320446042703,3549.4866005020617,18.31020875577878,3564.9888811177893,18.360823423734992,3449.439887665685,18.34053618910363,3560.464632326809,18.27365665860625,3552.3190281721822,18.31930909465327
31,3637.2151392485653,18.34068142376317,3549.4866005020617,18.345420018848287,3564.9888811177893,18.347282506237168,3449.439887665685,18.28987848086859,3560.464632326809,18.370269505167368,3552.3190281721822,18.338706386976916
32,3637.2151392485653,18.335842902458598,3549.4866005020617,18.30039088659675,3564.9888811177893,18.298578524893596,3449.439887665685,18.33034655951509,3560.464632326809,18.335506571108265,3552.3190281721822,18.320133088914464
33,3637.2151392485653,18.31806495267359,3549.4866005020617,18.297951841498538,3564.9888811177893,18.34784814001789,3449.439887665685,18.31039025019293,3560.464632326809,18.3001445601804,3552.3190281721822,18.31487994891267
34,3637.2151392485653,18.28558585905933,3549.4866005020617,18.365950909884823,3564.9888811177893,18.270228691578826,3449.439887665685,18.37342036352066,3560.464632326809,18.339230883573936,3552.3190281721822,18.326883341523516
35,3637.2151392485653,18.250236306267617,3549.4866005020617,18.343424659703043,3564.9888811177893,18.34786968331632,3449.439887665685,18.33660934350114,3560.464632326809,18.252135313042682,3552.3190281721822,18.30605506116616
36,3637.2151392485653,18.339324424673045,3549.4866005020617,18.286056476608458,3564.9888811177893,18.31717705790344,3449.439887665685,18.287955199059848,3560.464632326809,18.33121650951771,3552.3190281721822,18.3123459335525
37,3637.2151392485653,18.286172845700207,3549.4866005020617,18.342659955215375,3564.9888811177893,18.34737953703635,3449.439887665685,18.383937916401266,3560.464632326809,18.76892064511743,3552.3190281721822,18.425814179894125
38,3637.2151392485653,18.309130481445354,3549.4866005020617,18.330222539804186,3564.9888811177893,18.319738653263503,3449.439887665685,18.32544304234502,3560.464632326809,18.35547065320676,3552.3190281721822,18.328001074012967
39,3637.2151392485653,18.23842506328234,3549.4866005020617,18.39292515657403,3564.9888811177893,18.339245862359935,3449.439887665685,18.255128940115203,3560.464632326809,18.31734499340433,3552.3190281721822,18.308614003147166
40,3637.2151392485653,18.29307740717625,3549.4866005020617,18.39088546561922,3564.9888811177893,18.268431114497837,3449.439887665685,18.362793842477302,3560.464632326809,18.342453258726554,3552.3190281721822,18.331528217699432
41,3637.2151392485653,18.350638422151334,3549.4866005020617,18.233039594488037,3564.9888811177893,18.4424265336056,3449.439887665685,19.131200103661975,3560.464632326809,18.34377898356881,3552.3190281721822,18.50021672749515
42,3637.2151392485653,18.302143002311617,3549.4866005020617,18.363132773808996,3564.9888811177893,18.325212645544667,3449.439887665685,18.30427703502674,3560.464632326809,18.36782559278913,3552.3190281721822,18.33251820989623
43,3637.2151392485653,18.87008550744941,3549.4866005020617,18.85042779570895,3564.9888811177893,18.372830159419244,3449.439887665685,18.37592207207062,3560.464632326809,18.317657342789726,3552.3190281721822,18.55738457548759
44,3637.2151392485653,18.278282413206185,3549.4866005020617,18.352694766585362,3539.6551035502807,18.344886932557035,3449.439887665685,18.302392579994223,3560.464632326809,18.33069444126073,3547.2522726586803,18.321790226720704
45,3637.2151392485653,18.371501496816084,3549.4866005020617,18.32629663946726,3539.6551035502807,18.36005068032745,3449.439887665685,18.3311017621916,3560.464632326809,18.326252754834446,3547.2522726586803,18.34304066672737
46,3637.2151392485653,18.336902639198804,3549.4866005020617,18.310408519085268,3539.6551035502807,18.2820620024093,3449.439887665685,18.359856043768207,3560.464632326809,18.323776748128306,3547.2522726586803,18.32260119051798
47,3637.2151392485653,18.566709537142884,3549.4866005020617,18.389662892772165,3539.6551035502807,18.30065802134122,3449.439887665685,18.33042240975598,3560.464632326809,18.33247178784968,3547.2522726586803,18.38398492977239
48,3637.2151392485653,18.325193405457654,3549.4866005020617,18.359875303543006,3539.6551035502807,18.323228994041912,3449.439887665685,18.368508560636798,3560.464632326809,18.38647381444243,3547.2522726586803,18.35265601562436
49,3637.2151392485653,18.337901973846765,3549.4866005020617,18.336670676378624,3539.6551035502807,18.350243361580315,3449.439887665685,18.37874478228906,3560.464632326809,18.2813177339174,3547.2522726586803,18.336975705602434
50,3637.2151392485653,18.24498004271101,3549.4866005020617,18.39479149069521,3539.6551035502807,18.304831912224685,3449.439887665685,18.284171741184515,3560.464632326809,18.274285006209457,3547.2522726586803,18.300612038604974
51,3637.2151392485653,18.312256229995093,3549.4866005020617,18.29665877924804,3539.6551035502807,18.343153971886004,3449.439887665685,18.35671683429505,3560.464632326809,18.356784987787872,3547.2522726586803,18.333114160642413
52,3637.2151392485653,18.317632757990243,3549.4866005020617,18.34464736147696,3539.6551035502807,18.279758612887512,3449.439887665685,18.359768263898182,3560.464632326809,18.34660644864736,3547.2522726586803,18.32968268898005
53,3637.2151392485653,18.374817668241906,3549.4866005020617,18.348829001256924,3539.6551035502807,18.249478975665113,3449.439887665685,18.29510205280237,3560.464632326809,18.325735851455683,3547.2522726586803,18.3187927098844
54,3637.2151392485653,18.319076898561388,3549.4866005020617,18.318052569476542,3539.6551035502807,18.310771981199874,3449.439887665685,18.290117638312456,3560.464632326809,18.370932725574924,3547.2522726586803,18.321790362625034
55,3637.2151392485653,18.266672485818198,3549.4866005020617,18.348406132996967,3539.6551035502807,18.95056810917724,3449.439887665685,18.308298972084383,3560.464632326809,18.742128711847023,3547.2522726586803,18.523214882384764
56,3602.687718358907,18.378573755314203,3549.4866005020617,18.405872606764575,3539.6551035502807,18.324848124980168,3449.439887665685,18.282219389787084,3560.464632326809,18.345988828844973,3540.346788480749,18.347500541138203
57,3602.687718358907,18.332890074899417,3549.4866005020617,18.300432067556873,3539.6551035502807,18.30228678918186,3449.439887665685,18.309201569835636,3560.464632326809,18.3170336275428,3540.346788480749,18.31236882580332
58,3602.687718358907,18.315610109821336,3549.4866005020617,18.338937041418955,3539.6551035502807,18.331824122478782,3449.439887665685,18.329176483190345,3560.464632326809,18.346656931741254,3540.346788480749,18.332440937730134
59,3602.687718358907,18.316139433056545,3549.4866005020617,18.60198233570416,3539.6551035502807,18.369939930903733,3449.439887665685,18.318819651683064,3560.464632326809,18.312863648112735,3540.346788480749,18.38394899989205
60,3602.687718358907,18.31492955863022,3549.4866005020617,18.9793709889398,3539.6551035502807,18.292835935920518,3449.439887665685,18.319258832084397,3560.464632326809,18.340508176479396,3540.346788480749,18.44938069841087
61,3602.687718358907,18.29008928825759,3549.4866005020617,18.261056549814132,3539.6551035502807,18.302065540196306,3449.439887665685,18.374993400046076,3560.464632326809,18.316248195783547,3540.346788480749,18.30889059481953
62,3602.687718358907,18.348054665764877,3549.4866005020617,18.28345069355153,3539.6551035502807,18.331326422286246,3449.439887665685,18.328239274113777,3560.464632326809,18.355496649185245,3540.346788480749,18.329313540980333
63,3602.687718358907,19.01470859018634,3549.4866005020617,18.388085198383315,3539.6551035502807,18.346746060386327,3449.439887665685,18.314811703782738,3560.464632326809,18.31968165925328,3540.346788480749,18.476806642398397
64,3602.687718358907,18.28291047184144,3549.4866005020617,18.329182168226474,3539.6551035502807,18.29476509443472,3449.439887665685,18.303175806426175,3560.464632326809,18.300547552957518,3540.346788480749,18.302116218777265
65,3602.687718358907,18.311763448661154,3549.4866005020617,18.345697258219374,3539.6551035502807,18.317008563741854,3449.439887665685,18.432601060765197,3560.464632326809,18.373442646535313,3540.346788480749,18.356102595584577
66,3602.687718358907,18.378843662281756,3549.4866005020617,18.299919824713438,3491.786573741473,18.31271799008376,3449.439887665685,18.374272239072916,3560.464632326809,18.33717100721416,3530.7730825189874,18.340584944673203
67,3602.687718358907,18.362350218117605,3549.4866005020617,18.329811213122802,3491.786573741473,18.338094459947836,3449.439887665685,18.364227875126613,3560.464632326809,18.323222843133838,3530.7730825189874,18.343541321889738
68,3602.687718358907,18.34447670685737,3549.4866005020617,18.332550107769922,3491.786573741473,18.358523185941504,3449.439887665685,18.290888492521102,3560.464632326809,18.38427017171546,3530.7730825189874,18.342141732961075
69,3602.687718358907,18.36305327680857,3549.4866005020617,18.36025188123899,3491.786573741473,18.29974584661333,3449.439887665685,18.242134429924462,3560.464632326809,18.369926206224125,3530.7730825189874,18.327022328161895
70,3602.687718358907,18.350898694306462,3549.4866005020617,18.3269390791163,3491.786573741473,18.295012924577996,3449.439887665685,18.358225098599686,3560.464632326809,18.252440157838397,3530.7730825189874,18.316703190887768
71,3602.687718358907,18.329964219711115,3549.4866005020617,18.335015823369087,3491.786573741473,18.30393354981013,3449.439887665685,18.28951989680688,3560.464632326809,18.27509587967964,3530.7730825189874,18.30670587387537
72,3602.687718358907,18.337877268989416,3549.4866005020617,18.313322677753895,3491.786573741473,18.347056010102136,3449.439887665685,18.355657637778265,3560.464632326809,18.307032544601185,3530.7730825189874,18.33218922784498
73,3602.687718358907,18.302078543839954,3549.4866005020617,18.34203763605969,3491.786573741473,18.32610254248931,3449.439887665685,18.391659787849708,3560.464632326809,18.355012435194652,3530.7730825189874,18.34337818908666
74,3602.687718358907,18.317277126632142,3549.4866005020617,18.88509606350924,3491.786573741473,18.28815721191535,3449.439887665685,18.263838839162794,3560.464632326809,18.325787749750194,3530.7730825189874,18.416031398193944
75,3602.687718358907,18.34245095965307,3549.4866005020617,18.31094057460719,3491.786573741473,18.301462804665636,3449.439887665685,18.31819842351999,3560.464632326809,18.30788432113316,3530.7730825189874,18.31618741671581
76,3602.687718358907,18.35649882178662,3549.4866005020617,18.357468888067803,3491.786573741473,18.344915028082628,3449.439887665685,18.341655131607613,3560.464632326809,18.277363705387426,3530.7730825189874,18.33558031498642
77,3602.687718358907,18.318789936147738,3549.4866005020617,18.374737942156703,3491.786573741473,18.52291162272409,3449.439887665685,18.325634063610153,3560.464632326809,18.300531623274647,3530.7730825189874,18.368521037582667
78,3602.687718358907,18.367030583718538,3549.4866005020617,18.348806412619215,3491.786573741473,18.366809006499366,3449.439887665685,18.34196129333799,3560.464632326809,18.343564143658185,3530.7730825189874,18.35363428796666
79,3602.687718358907,18.325660923173412,3549.4866005020617,18.323534582057302,3491.786573741473,18.28641446809319,3449.439887665685,18.34368951658336,3560.464632326809,18.30993940325992,3530.7730825189874,18.317847778633435
80,3602.687718358907,18.32164718486773,3549.4866005020617,18.31611380574104,3491.786573741473,19.056565508860146,3449.439887665685,18.34385876339091,3560.464632326809,18.26803723786758,3530.7730825189874,18.461244500145483
81,3602.687718358907,18.35004900421558,3549.4866005020617,18.25735847355732,3491.786573741473,18.35633591666652,3449.439887665685,18.301896732625067,3560.464632326809,18.325613405175268,3530.7730825189874,18.31825070644795
82,3602.687718358907,18.965840813030034,3549.4866005020617,18.310966893403616,3491.786573741473,18.308014596052256,3449.439887665685,18.396983147675645,3560.464632326809,18.311725408817757,3530.7730825189874,18.45870617179586
83,3602.687718358907,18.888055198117343,3549.4866005020617,18.238846625368833,3491.786573741473,18.351327415975845,3449.439887665685,18.350944221349796,3560.464632326809,18.31260243335889,3530.7730825189874,18.428355178834142
84,3602.687718358907,18.302931054458153,3549.4866005020617,18.32426714506456,3491.786573741473,18.307194772608515,3449.439887665685,18.34367640976611,3560.464632326809,18.32593567875419,3530.7730825189874,18.320801012130303
85,3602.687718358907,18.31895587046198,3549.4866005020617,18.322821886654026,3491.786573741473,18.336233706415026,3449.439887665685,18.301908596450744,3560.464632326809,18.32109673613211,3530.7730825189874,18.320203359222777
86,3602.687718358907,18.574902395599327,3549.4866005020617,18.336790352272146,3491.786573741473,18.300764759002096,3449.439887665685,18.344541462772778,3560.464632326809,18.345478525463715,3530.7730825189874,18.38049549902201
87,3591.7852202725185,18.38212186876667,3549.4866005020617,18.998617813349323,3491.786573741473,18.323741177050326,3449.439887665685,18.34921707266412,3560.464632326809,18.273988347227224,3528.5925829017096,18.465537255811533
88,3591.7852202725185,18.361377574319523,3549.4866005020617,18.353130812644658,3491.786573741473,18.348434412198404,3449.439887665685,18.65313572971011,3560.464632326809,18.309376507844014,3528.5925829017096,18.405091007343344
89,3591.7852202725185,18.300023654882505,3549.4866005020617,18.604120044230427,3491.786573741473,18.341396315760576,3449.439887665685,18.357347452800763,3560.464632326809,18.29631336944858,3528.5925829017096,18.37984016742457
90,3591.7852202725185,18.301912894250147,3549.4866005020617,18.90075198825276,3491.786573741473,18.36564866981931,3449.439887665685,18.327555026490153,3560.464632326809,18.316234608114634,3528.5925829017096,18.442420637385403
91,3591.7852202725185,18.345951315454776,3549.4866005020617,18.498053179159715,3491.786573741473,18.324347521558746,3449.439887665685,18.326184063361048,3560.464632326809,18.297580306865285,3528.5925829017096,18.35842327727992
92,3591.7852202725185,18.349558685310214,3549.4866005020617,18.617401972211916,3491.786573741473,18.307957651425394,3449.439887665685,18.605151295253552,3560.464632326809,18.28752798639583,3528.5925829017096,18.43351951811938
93,3591.7852202725185,18.359961764055885,3549.4866005020617,18.363302253505008,3491.786573741473,18.305161982888222,3449.439887665685,18.28803292142508,3560.464632326809,18.344396098442445,3528.5925829017096,18.33217100406333
94,3591.7852202725185,18.378614832159016,3549.4866005020617,18.345854292756144,3491.786573741473,18.282159295518216,3449.439887665685,18.32485895642154,3560.464632326809,18.350096335221235,3528.5925829017096,18.336316742415228
95,3591.7852202725185,18.32981933138526,3549.4866005020617,18.403125965578205,3491.786573741473,18.332002758310512,3449.439887665685,18.38825319949061,3560.464632326809,18.303787054953695,3528.5925829017096,18.351397661943658
96,3591.7852202725185,18.349465698656594,3549.4866005020617,18.616730558944564,3491.786573741473,18.32550639930706,3449.439887665685,18.301457699818748,3560.464632326809,18.33252642867124,3528.5925829017096,18.385137357079643
97,3591.7852202725185,18.29625496213739,3549.4866005020617,18.27762619450374,3491.786573741473,18.212026646354243,3449.439887665685,18.344250350575997,3560.464632326809,18.32785945858322,3528.5925829017096,18.291603522430915
98,3591.7852202725185,18.337239386945992,3549.4866005020617,18.342198982158422,3491.786573741473,18.422848302423645,3449.439887665685,18.29413567394956,3560.464632326809,18.344272995504586,3528.5925829017096,18.34813906819644
99,3591.7852202725185,18.34813695456803,3549.4866005020617,18.32465958121552,3491.786573741473,18.28506950886734,3449.439887665685,18.316728598222088,3560.464632326809,18.27532503415583,3528.5925829017096,18.30998393540576
100,3591.7852202725185,18.318609514812415,3549.4866005020617,18.340145297800483,3491.786573741473,18.318346057118763,3449.439887665685,18.359436005507778,3560.464632326809,18.341863256124686,3528.5925829017096,18.335680026272822
101,3591.7852202725185,18.365540078397526,3549.4866005020617,18.372841975501363,3491.786573741473,18.322530884141223,3449.439887665685,18.31902718806291,3560.464632326809,18.334191832477664,3528.5925829017096,18.342826391716137
102,3591.7852202725185,18.255814718657685,3549.4866005020617,18.318934293446723,3491.786573741473,18.325298320337343,3449.439887665685,18.36636358818293,3560.464632326809,18.343198135135744,3528.5925829017096,18.321921811152084
103,3591.7852202725185,18.339058704603154,3549.4866005020617,18.632765050124274,3491.786573741473,18.83652633471838,3449.439887665685,18.441844686323066,3560.464632326809,18.28605998670374,3528.5925829017096,18.507250952494523
104,3591.7852202725185,18.357540934776914,3549.4866005020617,18.256703290387424,3491.786573741473,18.352863324641373,3449.439887665685,18.32322879424882,3553.029841325487,18.34436077265062,3527.105624701445,18.32693942334103
105,3591.7852202725185,18.29727094126431,3549.4866005020617,18.359348774002754,3491.786573741473,18.319996698338446,3449.439887665685,18.38676013928314,3553.029841325487,18.36140408474641,3527.105624701445,18.344956127527013
106,3591.7852202725185,18.63762437387611,3549.4866005020617,18.27378350553523,3491.786573741473,18.517427086430207,3449.439887665685,18.33476554864845,3553.029841325487,18.302049894947814,3527.105624701445,18.413130081887562
107,3591.7852202725185,18.315687483018152,3549.4866005020617,18.37020278092405,3491.786573741473,18.356713725165076,3449.439887665685,18.31662372170137,3553.029841325487,18.33154224508783,3527.105624701445,18.338153991179297
108,3591.7852202725185,18.378844221859794,3549.4866005020617,18.39698304568324,3491.786573741473,18.298643435906612,3449.439887665685,18.328691293497172,3553.029841325487,18.323672343419922,3527.105624701445,18.34536686807335
109,3591.7852202725185,18.280833114946645,3549.4866005020617,18.320689141542204,3491.786573741473,18.322750167760645,3449.439887665685,18.32171399681788,3553.029841325487,18.35109438708849,3527.105624701445,18.319416161631175
110,3591.7852202725185,18.288928757438374,3549.4866005020617,18.32154465626465,3491.786573741473,18.264349213076255,3449.439887665685,18.325670448086445,3553.029841325487,18.326661985388032,3527.105624701445,18.30543101205075
111,3591.7852202725185,18.376568114503996,3549.4866005020617,18.324930347440777,3491.786573741473,18.8115277266562,3449.439887665685,18.36540040421591,3553.029841325487,18.277214246671715,3527.105624701445,18.431128167897718
112,3591.7852202725185,18.34750737283379,3549.4866005020617,18.299995946352425,3491.786573741473,18.34343180555822,3399.4586608689797,18.356878550695395,3553.029841325487,18.36092275093393,3517.1093793421037,18.341747285274757
113,3591.7852202725185,18.33560489364118,3549.4866005020617,18.266013490853638,3491.786573741473,18.286855431661664,3399.4586608689797,18.355477622547184,3553.029841325487,18.316924941743952,3517.1093793421037,18.312175276089523
114,3591.7852202725185,18.38462073300794,3549.4866005020617,18.28971835294793,3491.786573741473,18.306019530498062,3399.4586608689797,18.268309188445432,3553.029841325487,18.316290383303027,3517.1093793421037,18.312991637640476
115,3591.7852202725185,18.35531101115495,3549.4866005020617,19.01047467173859,3491.786573741473,18.258652519941865,3399.4586608689797,18.38915923181442,3553.029841325487,18.36485263670712,3517.1093793421037,18.47569001427139
116,3591.7852202725185,18.32990700919883,3549.4866005020617,18.323984592612437,3491.786573741473,18.33641655696097,3399.4586608689797,18.42041715357638,3553.029841325487,18.344632148191515,3517.1093793421037,18.351071492108026
117,3591.7852202725185,18.29204927973326,3549.4866005020617,18.321392118307802,3491.786573741473,18.35129769099851,3399.4586608689797,18.270013078070875,3553.029841325487,18.314252266057,3517.1093793421037,18.30980088663349
118,3591.7852202725185,18.327916020505665,3549.4866005020617,18.34761106851456,3491.786573741473,18.30965100139685,3399.4586608689797,18.32900082588905,3553.029841325487,18.363716903544457,3517.1093793421037,18.335579163970117
119,3591.7852202725185,18.340809349891998,3549.4866005020617,18.352934919602223,3491.786573741473,18.294287433422532,3399.4586608689797,18.27676652128087,3553.029841325487,18.38878844387191,3517.1093793421037,18.330717333613904
120,3591.7852202725185,18.372360336222027,3549.4866005020617,18.295332752835257,3491.786573741473,18.325820830164407,3399.4586608689797,18.316936661824652,3553.029841325487,18.307099563838953,3517.1093793421037,18.323510028977058
121,3591.7852202725185,18.683045354503886,3549.4866005020617,18.32658863468057,3491.786573741473,18.31058115477644,3399.4586608689797,18.303029905703667,3498.9913274723863,18.340953442040043,3506.301676571484,18.39283969834092
122,3591.7852202725185,18.321801045939356,3549.4866005020617,18.617282174889876,3491.786573741473,18.32238736053058,3399.4586608689797,18.297694907712547,3498.9913274723863,18.326439359384946,3506.301676571484,18.377120969691465
123,3591.7852202725185,18.365244105797075,3549.4866005020617,18.27282658904234,3491.786573741473,18.286747145660915,3399.4586608689797,18.274390255424194,3498.9913274723863,18.379061435513204,3506.301676571484,18.315653906287544
124,3591.7852202725185,18.2772048918183,3549.4866005020617,18.331223263464526,3491.786573741473,18.298849916611417,3399.4586608689797,18.547748055002632,3498.9913274723863,18.339843530946375,3506.301676571484,18.35897393156865
125,3591.7852202725185,18.320665589589375,3549.4866005020617,18.92000525497372,3491.786573741473,18.358898346196508,3399.4586608689797,18.27427797936092,3498.9913274723863,18.351978991502534,3506.301676571484,18.445165232324612
126,3591.7852202725185,18.30068235741599,3549.4866005020617,18.31255222883541,3491.786573741473,18.301433399017057,3399.4586608689797,18.277990518515512,3498.9913274723863,18.355042475682957,3506.301676571484,18.309540195893383
127,3591.7852202725185,18.360719256134,3495.2355093429082,18.308519847429594,3491.786573741473,18.26688439091343,3399.4586608689797,18.321981936969795,3498.9913274723863,18.34197645444467,3495.4514583396535,18.3200163771783
128,3591.7852202725185,18.309624478581593,3495.2355093429082,18.331062585349414,3491.786573741473,18.28603739288737,3399.4586608689797,18.343805459790055,3498.9913274723863,18.308256746421193,3495.4514583396535,18.315757332605926
129,3591.7852202725185,18.33228810550275,3495.2355093429082,18.364991941759317,3491.786573741473,18.30435755155413,3399.4586608689797,18.344054136652588,3498.9913274723863,18.342703621103134,3495.4514583396535,18.337679071314387
130,3591.7852202725185,18.317984859038724,3495.2355093429082,18.34744055279501,3491.786573741473,18.333071039496122,3399.4586608689797,18.320990299289104,3498.9913274723863,18.342108637059017,3495.4514583396535,18.332319077535594
131,3591.7852202725185,18.345107707831993,3495.2355093429082,18.27642438654834,3491.786573741473,18.331907656766422,3399.4586608689797,18.33685233377317,3498.9913274723863,18.324206482773814,3495.4514583396535,18.322899713538746
132,3591.7852202725185,18.38376927136488,3495.2355093429082,18.339507534145827,3491.786573741473,18.327397734350274,3399.4586608689797,18.348770710856872,3498.9913274723863,18.299188817258056,3495.4514583396535,18.33972681359518
133,3591.7852202725185,18.320791232349194,3495.2355093429082,18.32814623513486,3491.786573741473,18.284988496565997,3399.4586608689797,18.357764423882006,3498.9913274723863,18.31416171114563,3495.4514583396535,18.321170419815537
134,3591.7852202725185,19.00253908531502,3495.2355093429082,18.496964723286485,3491.786573741473,18.340240117362132,3399.4586608689797,18.25654198834449,3498.9913274723863,18.324176771140245,3495.4514583396535,18.484092537089673
135,3591.7852202725185,18.363243759756536,3495.2355093429082,18.313437180177566,3491.786573741473,18.318665340850313,3399.4586608689797,18.548795247318807,3498.9913274723863,18.31731345918999,3495.4514583396535,18.37229099745864
136,3591.7852202725185,18.306721264874728,3495.2355093429082,18.241805593250977,3491.786573741473,18.337264727951133,3399.4586608689797,18.384736416437,3498.9913274723863,18.77701040812604,3495.4514583396535,18.409507682127973
137,3591.7852202725185,18.31326426027489,3495.2355093429082,18.27533436965611,3491.786573741473,18.283526910598003,3399.4586608689797,18.341067997018374,3498.9913274723863,18.336628366896566,3495.4514583396535,18.309964380888786
138,3591.7852202725185,18.312206999997205,3495.2355093429082,18.2689952518945,3491.786573741473,18.32375082113944,3399.4586608689797,18.35962451038152,3498.9913274723863,18.313498484335792,3495.4514583396535,18.31561521354969
139,3591.7852202725185,18.390488885285027,3495.2355093429082,18.354591884179342,3491.786573741473,18.325896211314596,3399.4586608689797,18.307488623652738,3498.9913274723863,18.316429462785646,3495.4514583396535,18.33897901344347
140,3591.7852202725185,18.3459883815481,3495.2355093429082,18.26606051946969,3491.786573741473,18.353215081676293,3399.4586608689797,18.29037442532002,3424.1415724303934,18.249054986460816,3480.481507331255,18.300938678894987
141,3591.7852202725185,18.354193383741865,3495.2355093429082,18.305238301623405,3491.786573741473,18.32925842348387,3399.4586608689797,18.32172042192825,3424.1415724303934,18.349818627957827,3480.481507331255,18.332045831747045
142,3591.7852202725185,18.353740215174536,3495.2355093429082,18.248370721266724,3491.786573741473,18.274954342277752,3399.4586608689797,18.276044630056234,3424.1415724303934,18.367698157850253,3480.481507331255,18.3041616133251
143,3591.7852202725185,18.378986841386933,3495.2355093429082,18.349386740151385,3491.786573741473,18.327208927571757,3399.4586608689797,18.356918978449343,3424.1415724303934,18.35037882862525,3480.481507331255,18.352576063236935
144,3591.7852202725185,18.25560743943724,3495.2355093429082,18.87586445206876,3491.786573741473,18.941379437474094,3399.4586608689797,18.302179334606947,3424.1415724303934,18.322456880971398,3480.481507331255,18.539497508911687
145,3591.7852202725185,18.357022702266164,3495.2355093429082,18.312766396834643,3491.786573741473,18.307557664918885,3399.4586608689797,18.35830392020978,3424.1415724303934,18.309704492053314,3480.481507331255,18.329071035256558
146,3591.7852202725185,18.30519586211236,3495.2355093429082,18.340755958805836,3491.786573741473,18.332979130525697,3399.4586608689797,18.31619045347308,3424.1415724303934,18.343029518146356,3480.481507331255,18.327630184612666
147,3591.7852202725185,18.303530914461657,3495.2355093429082,18.308616949417228,3491.786573741473,18.364174772470385,3399.4586608689797,18.323319774788967,3424.1415724303934,18.33970485935246,3480.481507331255,18.327869454098142
148,3591.7852202725185,19.04335597762476,3495.2355093429082,18.32350733443819,3491.786573741473,18.29299764720801,3399.4586608689797,18.272655147784942,3424.1415724303934,18.365934602728082,3480.481507331255,18.4596901419568
149,3591.7852202725185,18.266567988445985,3495.2355093429082,18.292244144264092,3491.786573741473,18.341835253910745,3399.4586608689797,18.33507541572918,3424.1415724303934,18.346964948512284,3480.481507331255,18.316537550172455
150,3591.7852202725185,18.29577831541084,3495.2355093429082,18.33663946478681,3491.786573741473,18.36087124392568,3399.4586608689797,18.364098252176333,3424.1415724303934,18.30686348055908,3480.481507331255,18.332850151371748
151,3591.7852202725185,18.364982199797808,3495.2355093429082,18.32024414170416,3491.786573741473,18.29025852056608,3399.4586608689797,18.37925978620961,3424.1415724303934,18.33943157377608,3480.481507331255,18.33883524441075
152,3591.7852202725185,18.342126622310555,3495.2355093429082,18.33291267505334,3491.786573741473,18.265548856667746,3399.4586608689797,18.33807206634192,3424.1415724303934,18.269836538937746,3480.481507331255,18.309699351862264
153,3571.158966151622,18.3680793660255,3495.2355093429082,18.29403099257512,3491.786573741473,18.28987587161719,3399.4586608689797,18.32986939505072,3424.1415724303934,18.29667786181242,3476.356256507075,18.315706697416193
154,3571.158966151622,18.372605354708263,3495.2355093429082,18.325634459273715,3491.786573741473,18.30579437603118,3399.4586608689797,18.521842282398612,3424.1415724303934,18.281756476635895,3476.356256507075,18.361526589809532
155,3571.158966151622,18.3477149839393,3495.2355093429082,18.281995482032354,3491.786573741473,18.314343042515407,3399.4586608689797,18.33369208157252,3424.1415724303934,18.29443896059922,3476.356256507075,18.31443691013176
156,3571.158966151622,18.36721597466433,3495.2355093429082,18.351298463044692,3491.786573741473,18.35921818623239,3399.4586608689797,18.249859028151004,3424.1415724303934,18.33573681435288,3476.356256507075,18.33266569328906
157,3571.158966151622,18.267644700719746,3495.2355093429082,18.314298848536517,3491.786573741473,18.3920547519799,3399.4586608689797,18.328462343383993,3424.1415724303934,18.35112439375363,3476.356256507075,18.330717007674757
158,3571.158966151622,18.257460838841578,3495.2355093429082,18.34593562941428,3491.786573741473,18.31815235702587,3399.4586608689797,18.308978867837418,3424.1415724303934,18.362973048245387,3476.356256507075,18.318700148272903
159,3571.158966151622,18.32193984374635,3495.2355093429082,18.308324694402952,3491.786573741473,18.30489978131463,3399.4586608689797,18.644217423746124,3424.1415724303934,18.319009193910393,3476.356256507075,18.37967818742409
160,3571.158966151622,18.323066392602176,3495.2355093429082,18.33459829928002,3491.786573741473,18.365731776263598,3399.4586608689797,18.35302938422531,3424.1415724303934,18.34032719829494,3476.356256507075,18.343350610133207
161,3571.158966151622,18.23785866268036,3495.2355093429082,18.388783891676507,3491.786573741473,18.294989992790526,3399.4586608689797,18.317868428250886,3424.1415724303934,18.35724956561507,3476.356256507075,18.319350108202666
162,3571.158966151622,18.33357163612526,3495.2355093429082,18.28864973639399,3491.786573741473,18.33467315291188,3399.4586608689797,18.327733389567797,3424.1415724303934,18.345407741514958,3476.356256507075,18.326007131302777
163,3571.158966151622,18.290205193300505,3495.2355093429082,18.328240991909116,3491.786573741473,18.33424604606217,3399.4586608689797,18.326872390970887,3424.1415724303934,18.33469189664336,3476.356256507075,18.322851303777206
164,3571.158966151622,18.272279389875905,3495.2355093429082,18.31073573583442,3491.786573741473,18.35526223527298,3399.4586608689797,18.32512135527132,3424.1415724303934,18.87459794742863,3476.356256507075,18.42759933273665
165,3571.158966151622,18.24918697993274,3495.2355093429082,18.38878589276368,3491.786573741473,18.35920040090283,3399.4586608689797,18.299752409583853,3424.1415724303934,18.355338005906045,3476.356256507075,18.33045273781783
166,3571.158966151622,18.333438935923777,3495.2355093429082,18.29219933296523,3491.786573741473,18.322320390837717,3399.4586608689797,18.257477426985457,3424.1415724303934,18.32825044408424,3476.356256507075,18.306737306159285
167,3571.158966151622,18.301366097921196,3495.2355093429082,18.34474085241369,3491.786573741473,18.301160350002004,3399.4586608689797,18.33130619369595,3424.1415724303934,18.375743023215218,3476.356256507075,18.33086330344961
168,3571.158966151622,18.3859709398,3495.2355093429082,18.300071674426164,3491.786573741473,18.336623458657627,3399.4586608689797,18.30230498930593,3424.1415724303934,18.341569156329953,3476.356256507075,18.333308043703934
169,3571.158966151622,18.322255343772333,3495.2355093429082,18.37415501835705,3491.786573741473,18.29127274793602,3399.4586608689797,18.328741256741687,3424.1415724303934,18.336791860337854,3476.356256507075,18.33064324542899
170,3571.158966151622,18.32114864054976,3495.2355093429082,18.375236041337256,3491.786573741473,18.335228047675294,3399.4586608689797,18.360264097580103,3424.1415724303934,18.315004382826437,3476.356256507075,18.34137624199377
171,3568.769773272198,18.329769059542723,3495.2355093429082,18.347480748814643,3491.786573741473,18.290963757149598,3399.4586608689797,18.319380339282933,3424.1415724303934,18.351995699860588,3475.87841793119,18.327917920930098
172,3568.769773272198,18.358721574847323,3495.2355093429082,18.34632023865391,3491.786573741473,18.29530745494934,3399.4586608689797,18.39082625341082,3424.1415724303934,18.32009933154376,3475.87841793119,18.342254970681033
173,3568.769773272198,18.359482403229563,3495.2355093429082,18.386001004466717,3491.786573741473,18.272843788888476,3399.4586608689797,18.362034388962975,3424.1415724303934,18.33724344456195,3475.87841793119,18.343521006021938
174,3568.769773272198,18.406965360862305,3495.2355093429082,18.414283286345928,3491.786573741473,18.261298197408525,3399.4586608689797,18.294298273435594,3424.1415724303934,18.3209455783984,3475.87841793119,18.339558139290155
175,3568.769773272198,18.321174301425657,3495.2355093429082,18.256560660171168,3491.786573741473,18.30608588922118,3399.4586608689797,18.346753762934025,3424.1415724303934,18.38793785732742,3475.87841793119,18.323702494215887
176,3568.769773272198,18.398238934260597,3495.2355093429082,18.313581463034136,3491.786573741473,18.31050588609923,3399.4586608689797,18.26751717770671,3424.1415724303934,18.346462942685246,3475.87841793119,18.327261280757185
177,3568.769773272198,18.33120100147528,3495.2355093429082,18.28117565587198,3491.786573741473,18.30782916371923,3399.4586608689797,18.376164968886496,3424.1415724303934,18.320525236043423,3475.87841793119,18.32337920519928
178,3568.769773272198,18.253210791160203,3495.2355093429082,18.24500293986446,3491.786573741473,18.325110310822012,3399.4586608689797,18.271537972860475,3424.1415724303934,18.305598869109108,3475.87841793119,18.28009217676325
179,3568.769773272198,18.36459310638889,3495.2355093429082,18.318125314718138,3491.786573741473,18.35523944247204,3399.4586608689797,18.335404714218445,3424.1415724303934,18.327140816443418,3475.87841793119,18.340100678848184
180,3568.769773272198,18.347480289645656,3495.2355093429082,18.30167459857104,3491.786573741473,18.29518844016129,3399.4586608689797,18.480883085735915,3424.1415724303934,18.363023091715945,3475.87841793119,18.35764990116597
181,3568.769773272198,18.358916350446567,3495.2355093429082,18.342963155970743,3491.786573741473,18.32226551780665,3399.4586608689797,18.334135725732605,3424.1415724303934,18.379140472992912,3475.87841793119,18.347484244589896
182,3568.769773272198,18.329811861559335,3495.2355093429082,18.367804811067902,3491.786573741473,18.28047515079841,3399.4586608689797,18.29903200229105,3424.1415724303934,18.33069432706654,3475.87841793119,18.321563630556646
183,3568.769773272198,18.321725560930087,3495.2355093429082,18.361872833676824,3491.786573741473,18.369750984348446,3399.4586608689797,18.334516822937577,3424.1415724303934,18.350975194991467,3475.87841793119,18.34776827937688
184,3568.769773272198,18.463159028553683,3495.2355093429082,18.365207542664702,3491.786573741473,18.32680965539864,3399.4586608689797,18.357234095173144,3424.1415724303934,18.325223301120563,3475.87841793119,18.367526724582145
185,3568.769773272198,18.334756940137552,3495.2355093429082,18.324716339171246,3491.786573741473,18.33629413118628,3399.4586608689797,18.97260045572304,3424.1415724303934,18.28084225322926,3475.87841793119,18.449842023889477
186,3568.769773272198,18.331538032193375,3495.2355093429082,18.473558968089996,3491.786573741473,18.263835169214946,3399.4586608689797,18.32858070643077,3424.1415724303934,19.006371589058606,3475.87841793119,18.480776892997536
187,3568.769773272198,18.361706985642645,3495.2355093429082,18.34040860274124,3491.786573741473,18.30661141104768,3399.4586608689797,18.259423835973333,3424.1415724303934,18.320743508926988,3475.87841793119,18.317778868866377
188,3568.769773272198,18.334771952483777,3495.2355093429082,18.309059656177848,3491.786573741473,18.31514652914239,3399.4586608689797,18.28045835482628,3424.1415724303934,18.383425754470473,3475.87841793119,18.324572449420153
189,3568.769773272198,18.34549329911374,3495.2355093429082,18.35853455795957,3491.786573741473,18.8595225592677,3399.4586608689797,18.327223941014285,3424.1415724303934,18.458737366095583,3475.87841793119,18.469902344690176
190,3568.769773272198,18.299606884038155,3495.2355093429082,18.35101378413014,3491.786573741473,18.337757249562877,3399.4586608689797,18.41247481173174,3424.1415724303934,18.636635082424437,3475.87841793119,18.40749756237747
191,3568.769773272198,18.34543329551088,3495.2355093429082,18.359580552491256,3491.786573741473,18.418899148722534,3399.4586608689797,18.34924278821014,3424.1415724303934,18.383829965268426,3475.87841793119,18.37139715004065
192,3511.0900442732673,18.315759814574342,3495.2355093429082,18.367921175454676,3491.786573741473,18.310154259620223,3399.4586608689797,18.334255587811132,3424.1415724303934,18.298169611830943,3464.342472131405,18.32525208985826
193,3511.0900442732673,18.261798035692234,3495.2355093429082,18.2725594436743,3491.786573741473,18.367798606829503,3399.4586608689797,18.345532407075353,3424.1415724303934,18.35179495177013,3464.342472131405,18.319896689008306
194,3511.0900442732673,18.296020034517703,3495.2355093429082,18.28378580628505,3491.786573741473,18.27902950374664,3399.4586608689797,18.37466917308279,3424.1415724303934,18.263736231201623,3464.342472131405,18.29944814976676
195,3511.0900442732673,18.300174087475888,3495.2355093429082,18.307778908234365,3491.786573741473,18.277603302558003,3399.4586608689797,18.353987312473077,3424.1415724303934,18.3251026907261,3464.342472131405,18.312929260293487
196,3511.0900442732673,18.311121862211355,3495.2355093429082,18.286154958129515,3491.786573741473,18.365921379800845,3399.4586608689797,18.333028341537844,3424.1415724303934,18.34932411123233,3464.342472131405,18.32911013058238
197,3511.0900442732673,18.297884938058257,3495.2355093429082,18.34306195004708,3491.786573741473,18.347082235604915,3399.4586608689797,18.48596330480006,3424.1415724303934,18.341633725027236,3464.342472131405,18.36312523070751
198,3511.0900442732673,18.327699954770015,3495.2355093429082,18.337679785435625,3491.786573741473,18.369153113262882,3399.4586608689797,18.86754532566051,3424.1415724303934,18.35531301648111,3464.342472131405,18.45147823912203
199,3511.0900442732673,18.271590891690245,3495.2355093429082,18.337819162096718,3491.786573741473,18.305018851156845,3399.4586608689797,18.356103333771266,3424.1415724303934,18.34646615054451,3464.342472131405,18.323399677851917
200,3511.0900442732673,18.38336490981456,3495.2355093429082,18.31880545655837,3491.786573741473,18.341837006943862,3399.4586608689797,18.35389872272156,3424.1415724303934,18.36510721947412,3464.342472131405,18.352602663102495
201,3511.0900442732673,18.313819370016418,3495.2355093429082,18.38879207889381,3491.786573741473,18.394242387137158,3399.4586608689797,18.296102955349365,3424.1415724303934,18.341924776805833,3464.342472131405,18.346976313640518
202,3511.0900442732673,18.34043977684136,3495.2355093429082,18.372462055982577,3491.786573741473,18.316584441183213,3399.4586608689797,18.32220839347868,3424.1415724303934,18.296322596546524,3464.342472131405,18.32960345280647
203,3511.0900442732673,18.342086246212304,3495.2355093429082,18.35644994258537,3491.786573741473,18.286982217076424,3399.4586608689797,18.386198137434764,3424.1415724303934,18.48405408637248,3464.342472131405,18.37115412593627
204,3511.0900442732673,18.27291758975075,3495.2355093429082,18.386971320568726,3491.786573741473,18.289410973017333,3399.4586608689797,18.32870121807423,3424.1415724303934,18.304875347392137,3464.342472131405,18.316575289760635
205,3511.0900442732673,18.330643755069275,3495.2355093429082,18.311024315316,3491.786573741473,18.375089445435847,3399.4586608689797,18.35807498763057,3424.1415724303934,18.35056360142633,3464.342472131405,18.345079220975606
206,3511.0900442732673,18.358795588771496,3495.2355093429082,18.297968750517473,3491.786573741473,18.358581407210973,3399.4586608689797,18.35492486784166,3424.1415724303934,18.33262204159505,3464.342472131405,18.340578531187333
207,3511.0900442732673,18.266631596346706,3495.2355093429082,18.28702308450297,3491.786573741473,18.329032756955872,3399.4586608689797,18.341423405791247,3424.1415724303934,18.28319370940561,3464.342472131405,18.30146091060048
208,3511.0900442732673,18.35272296012246,3495.2355093429082,18.332473745675784,3491.786573741473,18.340383372456984,3399.4586608689797,18.391302922664433,3424.1415724303934,18.32424378704135,3464.342472131405,18.348225357592206
209,3511.0900442732673,18.307018149946863,3495.2355093429082,18.31511974817617,3491.786573741473,18.34434002490374,3399.4586608689797,18.322844138950273,3424.1415724303934,18.32911363775162,3464.342472131405,18.323687139945733
210,3511.0900442732673,18.281131539808577,3495.2355093429082,18.3562057263574,3491.786573741473,18.365322982242727,3399.4586608689797,18.313781783398248,3424.1415724303934,18.27764182871639,3464.342472131405,18.318816772104668
211,3511.0900442732673,18.370915561519105,3495.2355093429082,18.395851000242857,3491.786573741473,18.403147640736563,3399.4586608689797,18.32944380513493,3424.1415724303934,18.311258516357054,3464.342472131405,18.3621233047981
212,3511.0900442732673,18.380768237027745,3495.2355093429082,18.29900992874112,3491.786573741473,18.32822990752234,3399.4586608689797,18.405335917048923,3424.1415724303934,18.27902439901173,3464.342472131405,18.338473677870375
213,3511.0900442732673,18.334660607149935,3495.2355093429082,18.323117297078593,3491.786573741473,18.419061292228378,3399.4586608689797,18.37652472875388,3424.1415724303934,18.36715650451823,3464.342472131405,18.364104085945804
214,3511.0900442732673,18.2902807859427,3495.2355093429082,18.33121618327591,3491.786573741473,18.466546156026144,3399.4586608689797,18.360251144627107,3424.1415724303934,18.311234976270086,3464.342472131405,18.35190584922839
215,3511.0900442732673,18.341121927279275,3495.2355093429082,18.324322470776185,3491.786573741473,18.312096267421122,3399.4586608689797,18.333296075768136,3424.1415724303934,18.26784254280239,3464.342472131405,18.315735856809418
216,3511.0900442732673,18.28046642937851,3495.2355093429082,18.35193725084749,3491.786573741473,18.294700364016553,3399.4586608689797,18.32590727992703,3424.1415724303934,18.376827833260982,3464.342472131405,18.325967831486118
217,3511.0900442732673,18.331308789336415,3495.2355093429082,19.052699661695577,3491.786573741473,18.373051452340622,3399.4586608689797,18.345605414261552,3424.1415724303934,18.30862845837864,3464.342472131405,18.482258755202558
218,3511.0900442732673,18.340185454492964,3495.2355093429082,18.29053270154115,3491.786573741473,18.383523821537704,3399.4586608689797,18.338551685330252,3424.1415724303934,18.2912425351801,3464.342472131405,18.32880723961643
219,3511.0900442732673,18.324149332791567,3495.2355093429082,18.372417677514672,3491.786573741473,18.381531940577933,3399.4586608689797,18.319679557466593,3424.1415724303934,18.338035829210583,3464.342472131405,18.34716286751227
220,3511.0900442732673,18.33371282327516,3495.2355093429082,18.360059048989722,3491.786573741473,18.29324367892149,3399.4586608689797,18.32075768662768,3424.1415724303934,18.33221823503988,3464.342472131405,18.327998294570783
221,3511.0900442732673,18.372426787872726,3495.2355093429082,18.33770620231906,3491.786573741473,18.300347016504862,3399.4586608689797,18.313760024809753,3424.1415724303934,18.386736969780625,3464.342472131405,18.342195400257403
222,3511.0900442732673,18.26585647247673,3495.2355093429082,18.291580886677835,3491.786573741473,18.31327752726679,3399.4586608689797,18.633506600344116,3424.1415724303934,18.309130804345624,3464.342472131405,18.36267045822222
223,3511.0900442732673,18.313578692564356,3495.2355093429082,18.292623728988424,3491.786573741473,18.357558713865664,3399.4586608689797,18.318430837270395,3424.1415724303934,18.285453585563758,3464.342472131405,18.313529111650517
224,3511.0900442732673,18.93949396181271,3495.2355093429082,18.306974954060752,3491.786573741473,18.313545621884327,3399.4586608689797,18.34179188774875,3424.1415724303934,18.35270908882717,3464.342472131405,18.450903102866743
225,3511.0900442732673,18.281482353889245,3495.2355093429082,18.303461792816062,3491.786573741473,18.33694385705735,3399.4586608689797,18.2950935017887,3424.1415724303934,18.302091485494408,3464.342472131405,18.30381459820915
226,3511.0900442732673,18.368576760905654,3495.2355093429082,18.31744066429958,3491.786573741473,18.340365514300295,3399.4586608689797,18.33344007177102,3424.1415724303934,18.328666099609595,3464.342472131405,18.337697822177226
227,3511.0900442732673,18.298939554087664,3495.2355093429082,18.284727361480723,3491.786573741473,18.300865855788093,3399.4586608689797,18.321931486066635,3424.1415724303934,18.336027803224383,3464.342472131405,18.3084984121295
228,3511.0900442732673,18.34086744935511,3495.2355093429082,18.33702389879916,3491.786573741473,18.33845917766033,3399.4586608689797,18.259894676828633,3424.1415724303934,18.308420008019834,3464.342472131405,18.316933042132614
229,3511.0900442732673,18.335959885089498,3495.2355093429082,18.333632625564633,3491.786573741473,18.342527212432113,3399.4586608689797,18.287399806685293,3424.1415724303934,18.324497932724565,3464.342472131405,18.32480349249922
230,3511.0900442732673,18.294118895461455,3495.2355093429082,18.354084703782682,3491.786573741473,18.372373578947798,3399.4586608689797,18.350742366757082,3424.1415724303934,18.355835745369223,3464.342472131405,18.345431058063646
231,3511.0900442732673,18.296953216139347,3495.2355093429082,18.35539946476745,3491.786573741473,18.329189706836598,3399.4586608689797,18.317811648519836,3424.1415724303934,18.289830430545635,3464.342472131405,18.317836893361775
232,3511.0900442732673,18.36315945547075,3495.2355093429082,18.370950610915497,3491.786573741473,18.288253269268978,3399.4586608689797,18.35083161608757,3424.1415724303934,18.253103732612683,3464.342472131405,18.325259736871097
233,3511.0900442732673,18.28980929283237,3495.2355093429082,18.315177947541933,3491.786573741473,18.368954211091427,3399.4586608689797,18.29094815566139,3424.1415724303934,18.303025056692,3464.342472131405,18.313582932763826
234,3511.0900442732673,18.314779390861307,3495.2355093429082,18.294581179877962,3491.786573741473,18.366079680175435,3399.4586608689797,18.324726080512164,3424.1415724303934,18.346225609265172,3464.342472131405,18.32927838813841
235,3511.0900442732673,18.386756074065385,3495.2355093429082,18.311242484206122,3491.786573741473,18.545866384559673,3399.4586608689797,18.29900676655548,3424.1415724303934,18.3378044374774,3464.342472131405,18.376135229372814
236,3511.0900442732673,18.358947711017308,3495.2355093429082,18.319494599775652,3491.786573741473,18.38385706218854,3399.4586608689797,18.286121798675584,3424.1415724303934,18.300707166628335,3464.342472131405,18.329825667657083
237,3511.0900442732673,18.30949196153078,3495.2355093429082,18.309369811845063,3491.786573741473,18.289880320057247,3399.4586608689797,18.3593344016069,3424.1415724303934,18.321594989228927,3464.342472131405,18.317934296853785
238,3511.0900442732673,18.297522565913162,3495.2355093429082,18.268477389961436,3491.786573741473,18.308576812234833,3399.4586608689797,18.320157323652282,3424.1415724303934,18.25354542780078,3464.342472131405,18.2896559039125
239,3511.0900442732673,18.33650599842013,3495.2355093429082,18.3323201260221,3491.786573741473,18.332308764390383,3399.4586608689797,18.303665924845692,3424.1415724303934,18.32095970316072,3464.342472131405,18.325152103367806
240,3511.0900442732673,18.374380972332844,3495.2355093429082,18.30501286494426,3491.786573741473,18.323635753922712,3399.4586608689797,18.28792296985849,3424.1415724303934,18.338576493560243,3464.342472131405,18.325905810923707
241,3511.0900442732673,18.341749179889188,3495.2355093429082,18.317596084121032,3491.786573741473,18.315061332690462,3399.4586608689797,18.340077032721595,3424.1415724303934,18.321214483447157,3464.342472131405,18.32713962257389
242,3511.0900442732673,18.32336667687099,3495.2355093429082,18.264411056055472,3491.786573741473,18.32229485804775,3399.4586608689797,18.335801574550345,3424.1415724303934,18.39392632513372,3464.342472131405,18.327960098131655
243,3511.0900442732673,18.356136023948494,3495.2355093429082,18.33794789112197,3491.786573741473,18.319507725025836,3399.4586608689797,18.373762050036486,3424.1415724303934,18.31280882527023,3464.342472131405,18.3400325030806
244,3511.0900442732673,18.336093033205064,3495.2355093429082,18.340556552008277,3491.786573741473,18.301387033712707,3399.4586608689797,18.324060443513506,3424.1415724303934,18.892216119175128,3464.342472131405,18.438862636322938
245,3511.0900442732673,18.336879583672047,3495.2355093429082,18.3453458286874,3491.786573741473,18.33024670406503,3399.4586608689797,18.386456794526403,3424.1415724303934,18.314213289363273,3464.342472131405,18.34262844006283
246,3511.0900442732673,18.315757714299274,3495.2355093429082,18.37192354095001,3491.786573741473,18.309232078373938,3399.4586608689797,18.340524357156546,3424.1415724303934,18.34234686093352,3464.342472131405,18.33595691034266
247,3511.0900442732673,18.524386782105882,3495.2355093429082,18.29370427324287,3491.786573741473,18.327398351538253,3399.4586608689797,18.356591286643795,3424.1415724303934,18.407222615972834,3464.342472131405,18.381860661900724
248,3511.0900442732673,18.359300240183632,3495.2355093429082,18.3454798191714,3491.786573741473,18.357634418791896,3399.4586608689797,18.368787326148883,3424.1415724303934,18.343674660851487,3464.342472131405,18.35497529302946
249,3511.0900442732673,18.33019345891154,3495.2355093429082,18.291432540000812,3491.786573741473,18.345694253912523,3399.4586608689797,18.31341290671491,3424.1415724303934,18.31737008804756,3464.342472131405,18.319620649517468
250,3511.0900442732673,18.27546629804759,3495.2355093429082,18.289550805877436,3491.786573741473,18.322205842248565,3399.4586608689797,18.359354445600538,3424.1415724303934,18.91832135854429,3464.342472131405,18.432979750063687
251,3511.0900442732673,18.276971753151557,3495.2355093429082,18.360792081379916,3491.786573741473,18.34465785095278,3399.4586608689797,18.270982068085225,3424.1415724303934,18.287494111630156,3464.342472131405,18.308179573039926
252,3511.0900442732673,18.3304375366548,3495.2355093429082,18.303123413276474,3491.786573741473,18.323439369546684,3399.4586608689797,18.27214423534071,3424.1415724303934,18.329265480322153,3464.342472131405,18.311682007028164
253,3511.0900442732673,18.42088952236807,3495.2355093429082,18.554145183521488,3491.786573741473,18.27994691014495,3399.4586608689797,18.3120446196106,3424.1415724303934,18.386705162498217,3464.342472131405,18.390746279628665
254,3511.0900442732673,18.35465171269391,3495.2355093429082,18.397337042175554,3491.786573741473,18.339545327425412,3399.4586608689797,18.309595167983616,3424.1415724303934,18.331916814422126,3464.342472131405,18.346609212940127
255,3511.0900442732673,18.315370327838146,3495.2355093429082,18.288420161682822,3491.786573741473,18.3361750168458,3399.4586608689797,18.35011336512018,3424.1415724303934,18.314675043133636,3464.342472131405,18.320950782924115
256,3511.0900442732673,18.312670384004303,3495.2355093429082,18.390753567825843,3491.786573741473,18.358970076780228,3399.4586608689797,18.257313876561028,3424.1415724303934,18.288301831627855,3464.342472131405,18.321601947359852
257,3511.0900442732673,19.067649171939347,3495.2355093429082,18.37269930133014,3491.786573741473,18.382194783908886,3399.4586608689797,18.349284435650343,3424.1415724303934,18.344870326468786,3464.342472131405,18.5033396038595
258,3511.0900442732673,18.35539051001726,3495.2355093429082,18.307636052584545,3491.786573741473,18.326495526400745,3399.4586608689797,18.31616599320255,3424.1415724303934,18.349207995650886,3464.342472131405,18.330979215571197
259,3511.0900442732673,18.89553205649643,3495.2355093429082,18.335595780809548,3491.786573741473,18.28269832987105,3399.4586608689797,18.345306503136747,3424.1415724303934,18.335470788192833,3464.342472131405,18.438920691701323
260,3511.0900442732673,18.33461442419177,3495.2355093429082,18.287906703725508,3491.786573741473,18.30975551793435,3399.4586608689797,18.31563814367741,3424.1415724303934,18.36457585222154,3464.342472131405,18.322498128350116
261,3511.0900442732673,18.3713317404298,3495.2355093429082,18.310194196150743,3491.786573741473,18.35175736463508,3399.4586608689797,18.296603674654985,3424.1415724303934,18.375988331139297,3464.342472131405,18.34117506140198
262,3511.0900442732673,18.333011277381495,3495.2355093429082,18.313428052748097,3491.786573741473,18.360014012789236,3399.4586608689797,18.284280481512216,3424.1415724303934,18.36274121734271,3464.342472131405,18.330695008354752
263,3511.0900442732673,18.315842469795133,3495.2355093429082,18.35447480740313,3491.786573741473,18.31857801434243,3399.4586608689797,18.301499455318325,3424.1415724303934,18.33649056348533,3464.342472131405,18.32537706206887
264,3511.0900442732673,18.32211085205078,3495.2355093429082,18.324339239416307,3491.786573741473,18.324697461738836,3399.4586608689797,18.327781880039296,3424.1415724303934,18.31437954226518,3464.342472131405,18.32266179510208
265,3511.0900442732673,18.300640948917515,3495.2355093429082,18.307798286504923,3491.786573741473,18.307007571677378,3399.4586608689797,18.36010121324585,3424.1415724303934,18.299309457568476,3464.342472131405,18.31497149558283
266,3511.0900442732673,19.041917786338654,3495.2355093429082,18.281876400991326,3491.786573741473,18.266638977733354,3399.4586608689797,18.590622051958512,3424.1415724303934,18.31724139991216,3464.342472131405,18.4996593233868
267,3511.0900442732673,18.32190968183381,3495.2355093429082,18.338487119656513,3491.786573741473,18.314830190879864,3399.4586608689797,18.343392310700597,3424.1415724303934,18.21680062818889,3464.342472131405,18.307083986251932
268,3511.0900442732673,18.312655663409917,3495.2355093429082,18.270154759116316,3491.786573741473,18.303817429298253,3399.4586608689797,18.30208133243645,3424.1415724303934,18.351055618597208,3464.342472131405,18.30795296057163
269,3511.0900442732673,18.296413438247765,3495.2355093429082,18.27188571158666,3491.786573741473,18.32815026624264,3399.4586608689797,18.360247709972608,3424.1415724303934,18.296073062919383,3464.342472131405,18.31055403779381
270,3511.0900442732673,18.358403157094795,3495.2355093429082,18.291260561357227,3491.786573741473,18.302928518020344,3399.4586608689797,18.30184600885549,3424.1415724303934,18.340469547545638,3464.342472131405,18.3189815585747
271,3511.0900442732673,18.294365749778706,3495.2355093429082,18.293214859752002,3491.786573741473,18.312596760583354,3399.4586608689797,18.344525212080274,3424.1415724303934,18.293077551737746,3464.342472131405,18.307556026786415
272,3511.0900442732673,18.3744833814569,3495.2355093429082,18.321293822556633,3491.786573741473,18.37647806812691,3399.4586608689797,18.324292586673415,3424.1415724303934,18.28564550464783,3464.342472131405,18.336438672692342
273,3511.0900442732673,18.34358754606764,3495.2355093429082,18.313828117004828,3491.786573741473,18.436040405605883,3399.4586608689797,18.295545866145474,3424.1415724303934,18.31953256647621,3464.342472131405,18.341706900260007
274,3511.0900442732673,18.327689665838626,3495.2355093429082,18.353314263430452,3491.786573741473,18.322328345141564,3399.4586608689797,18.314464220216635,3424.1415724303934,18.327808651523657,3464.342472131405,18.329121029230187
275,3511.0900442732673,18.288812745033773,3495.2355093429082,18.323123202664416,3491.786573741473,18.25477608587698,3399.4586608689797,18.28950217668365,3424.1415724303934,18.404448867645012,3464.342472131405,18.31213261558077
276,3511.0900442732673,18.336476482105294,3495.2355093429082,18.32499440152596,3491.786573741473,18.40290332238862,3399.4586608689797,18.331507527756795,3424.1415724303934,18.32272706836945,3464.342472131405,18.343721760429226
277,3511.0900442732673,18.34132757028977,3495.2355093429082,18.300619607826967,3491.786573741473,18.30476073050475,3399.4586608689797,18.296012593098812,3424.1415724303934,18.355832844275508,3464.342472131405,18.31971066919916
278,3511.0900442732673,18.316051862131555,3495.2355093429082,18.375935309230055,3491.786573741473,18.31359278420859,3399.4586608689797,18.305686495863597,3424.1415724303934,18.28641777229829,3464.342472131405,18.319536844746416
279,3511.0900442732673,18.915234303193863,3495.2355093429082,18.387918683893204,3491.786573741473,18.306470412962113,3399.4586608689797,18.3146590138074,3424.1415724303934,18.344865279700713,3464.342472131405,18.45382953871146
280,3511.0900442732673,18.340412818199457,3495.2355093429082,18.34038698941273,3491.786573741473,18.327827402913606,3399.4586608689797,18.328706055957745,3424.1415724303934,18.325537927038848,3464.342472131405,18.332574238704478
281,3511.0900442732673,18.376105564079435,3495.2355093429082,18.336314071214648,3491.786573741473,18.333661972458263,3399.4586608689797,18.38045763070142,3424.1415724303934,18.383983564232164,3464.342472131405,18.362104560537183
282,3511.0900442732673,18.422053431441512,3495.2355093429082,18.331561300466493,3491.786573741473,18.34932642773068,3399.4586608689797,18.325367448095783,3424.1415724303934,18.321939465123013,3464.342472131405,18.350049614571496
283,3511.0900442732673,18.31622908698155,3495.2355093429082,18.36955117326013,3491.786573741473,18.36121029626852,3399.4586608689797,18.25727751803608,3424.1415724303934,18.341787678338676,3464.342472131405,18.32921115057699
284,3511.0900442732673,18.33495934981147,3495.2355093429082,18.27202351815154,3491.786573741473,18.34900566238452,3399.4586608689797,18.3242224204984,3424.1415724303934,18.346198025658836,3464.342472131405,18.325281795300956
285,3511.0900442732673,18.3051705422829,3495.2355093429082,18.28483399035553,3491.786573741473,18.360956285617984,3399.4586608689797,18.319517591475602,3424.1415724303934,18.591074294026217,3464.342472131405,18.37231054075165
286,3511.0900442732673,18.353390589437254,3495.2355093429082,18.28751675123896,3491.786573741473,18.307123133407366,3399.4586608689797,18.34100882947894,3424.1415724303934,18.372078320297444,3464.342472131405,18.332223524771994
287,3511.0900442732673,18.386629391500897,3495.2355093429082,18.32394564763959,3491.786573741473,18.313200540238764,3399.4586608689797,18.292640491606825,3424.1415724303934,18.33716202113049,3464.342472131405,18.330715618423312
288,3450.8682383579935,18.3169181411965,3495.2355093429082,18.31195607609989,3491.786573741473,18.333394746273,3399.4586608689797,18.927112191806135,3424.1415724303934,18.302067183601046,3452.298110948349,18.43828966779531
289,3450.8682383579935,18.377155192762164,3495.2355093429082,18.311704205200062,3491.786573741473,18.278565370420868,3399.4586608689797,18.318486255181206,3424.1415724303934,18.280801835920894,3452.298110948349,18.31334257189704
290,3450.8682383579935,18.334801846389926,3495.2355093429082,18.275584396467718,3491.786573741473,18.348112445938792,3399.4586608689797,18.355273371422278,3424.1415724303934,18.33041854992857,3452.298110948349,18.32883812202946
291,3450.8682383579935,18.334803537097866,3495.2355093429082,18.31153727250969,3491.786573741473,18.340591235071493,3399.4586608689797,18.32720321495742,3424.1415724303934,18.274555398649408,3452.298110948349,18.317738131657173
292,3450.8682383579935,18.55084850314123,3495.2355093429082,18.363227094460534,3491.786573741473,18.36589377102089,3399.4586608689797,18.27605975289049,3424.1415724303934,18.375463052637816,3452.298110948349,18.38629843483019
293,3450.8682383579935,18.324605190124817,3495.2355093429082,19.016565466456107,3491.786573741473,18.359485806215858,3399.4586608689797,18.339408546483835,3424.1415724303934,18.33447224543732,3452.298110948349,18.47490745094359
294,3450.8682383579935,18.341446464439763,3495.2355093429082,18.344521700530382,3491.786573741473,18.369083995940034,3399.4586608689797,18.34171164079206,3424.1415724303934,18.332882963738513,3452.298110948349,18.34592935308815
295,3450.8682383579935,18.335552524780695,3495.2355093429082,18.3730689648682,3491.786573741473,18.335953594409254,3399.4586608689797,18.31241274794778,3424.1415724303934,18.35171590047145,3452.298110948349,18.341740746495475
296,3450.8682383579935,18.331705647560074,3495.2355093429082,18.264168932049138,3491.786573741473,18.354007484828493,3399.4586608689797,18.317811359370246,3424.1415724303934,18.366231686355906,3452.298110948349,18.326785022032773
297,3450.8682383579935,18.270168336188007,3495.2355093429082,18.284675654579488,3491.786573741473,19.09058271733606,3399.4586608689797,18.33457851415795,3424.1415724303934,18.3394525978461,3452.298110948349,18.463891564021523
298,3450.8682383579935,18.327679400609508,3495.2355093429082,18.295709880358107,3491.786573741473,18.324691996816906,3399.4586608689797,18.557172421200736,3424.1415724303934,18.37639008238944,3452.298110948349,18.376328756274937
299,3450.8682383579935,18.390025089338724,3495.2355093429082,18.315768226809922,3491.786573741473,18.303591079490634,3399.4586608689797,18.394509606468894,3424.1415724303934,18.289378786207305,3452.298110948349,18.338654557663094
300,3450.8682383579935,18.338589750027992,3495.2355093429082,18.342788956241307,3491.786573741473,18.289524909652638,3399.4586608689797,18.348939867990794,3424.1415724303934,18.339559804960494,3452.298110948349,18.331880657774644
301,3450.8682383579935,18.343891075746704,3495.2355093429082,18.297908341646004,3491.786573741473,18.285978958962,3399.4586608689797,18.282899417780396,3424.1415724303934,18.32047389628557,3452.298110948349,18.306230338084134
302,3450.8682383579935,18.268784001141963,3495.2355093429082,18.328133819386522,3491.786573741473,18.357911858632804,3399.4586608689797,18.365123192308623,3424.1415724303934,18.273199070512906,3452.298110948349,18.318630388396564
303,3450.8682383579935,18.318482898013862,3495.2355093429082,18.40351346744733,3491.786573741473,18.346791566413188,3399.4586608689797,18.327373829711753,3424.1415724303934,18.312901489899076,3452.298110948349,18.341812650297044
304,3450.8682383579935,18.28087505662382,3495.2355093429082,18.283692655742218,3491.786573741473,18.486668488800934,3399.4586608689797,18.297651520469245,3424.1415724303934,18.810604674433964,3452.298110948349,18.431898479214034
305,3450.8682383579935,18.405120480015224,3495.2355093429082,18.32924895791746,3491.786573741473,18.302019167984508,3399.4586608689797,18.367693787302834,3424.1415724303934,18.3920948464691,3452.298110948349,18.359235447937824
306,3450.8682383579935,18.329565726520492,3495.2355093429082,18.303195527115726,3491.786573741473,18.27090176167469,3399.4586608689797,18.307901828842677,3424.1415724303934,18.393042484422818,3452.298110948349,18.32092146571528
307,3450.8682383579935,18.371313294705985,3495.2355093429082,18.36430299680669,3491.786573741473,19.012933733196775,3399.4586608689797,18.32319429623109,3424.1415724303934,18.34323798819554,3452.298110948349,18.482996461827216
308,3450.8682383579935,18.283651684340366,3495.2355093429082,18.299165980146523,3491.786573741473,18.327149760916374,3399.4586608689797,18.334528658658897,3424.1415724303934,18.293751727885567,3452.298110948349,18.307649562389546
309,3450.8682383579935,18.312823720604285,3495.2355093429082,18.32620423789604,3491.786573741473,18.273942149778932,3399.4586608689797,18.31451685384509,3424.1415724303934,18.261527144928035,3452.298110948349,18.297802821410478
310,3450.8682383579935,18.337922117919828,3495.2355093429082,18.368302598752074,3491.786573741473,18.336993808006426,3399.4586608689797,18.318159649625635,3424.1415724303934,18.298022851178207,3452.298110948349,18.331880205096432
311,3450.8682383579935,18.350558289257908,3495.2355093429082,18.325238878938578,3491.786573741473,18.37496746235485,3399.4586608689797,18.352680460803565,3424.1415724303934,19.021842110567093,3452.298110948349,18.4850574403844
312,3450.8682383579935,18.376041678668027,3495.2355093429082,18.339567714164748,3491.786573741473,18.289059866976743,3399.4586608689797,18.316006391771452,3424.1415724303934,18.300397637985448,3452.298110948349,18.324214657913284
313,3450.8682383579935,18.367462246269127,3495.2355093429082,18.283874272694426,3491.786573741473,18.241705799430083,3399.4586608689797,18.320261211996463,3424.1415724303934,18.308671032022094,3452.298110948349,18.30439491248244
314,3450.8682383579935,18.291285132927595,3495.2355093429082,18.330175822177143,3491.786573741473,18.379627296094792,3399.4586608689797,18.290020074742717,3424.1415724303934,18.31310015210456,3452.298110948349,18.320841695609364
315,3450.8682383579935,18.39869150025743,3495.2355093429082,18.360837191971417,3491.786573741473,18.333038847425723,3399.4586608689797,18.287647778820013,3424.1415724303934,18.330426699499952,3452.298110948349,18.342128403594906
316,3450.8682383579935,18.2621741065903,3495.2355093429082,18.297428978295354,3491.786573741473,18.364757613256106,3399.4586608689797,18.388845665051097,3424.1415724303934,18.315483638552926,3452.298110948349,18.325738000349155
317,3450.8682383579935,18.37863460514925,3495.2355093429082,18.36917046511914,3491.786573741473,18.288883966092403,3399.4586608689797,18.341415013765513,3424.1415724303934,18.30767748471619,3452.298110948349,18.337156306968502
318,3450.8682383579935,18.3355042166611,3495.2355093429082,18.368499681933223,3491.786573741473,18.331249090395172,3399.4586608689797,18.331438237350064,3424.1415724303934,18.36047045975192,3452.298110948349,18.345432337218295
319,3450.8682383579935,18.31246921124496,3495.2355093429082,18.330899475710083,3491.786573741473,18.339328439938708,3399.4586608689797,18.366136216132336,3424.1415724303934,18.3416099176222,3452.298110948349,18.33808865212966
320,3450.8682383579935,18.3655191738425,3495.2355093429082,18.342917936483477,3491.786573741473,18.31894111587257,3399.4586608689797,18.277023183766715,3424.1415724303934,18.322561044054325,3452.298110948349,18.325392490803917
321,3450.8682383579935,18.337004916552452,3495.2355093429082,18.3418492516362,3491.786573741473,18.30374855834283,3399.4586608689797,18.362138457838086,3424.1415724303934,18.352863398003894,3452.298110948349,18.33952091647469
322,3450.8682383579935,18.401572323498385,3495.2355093429082,18.367654307989934,3491.786573741473,18.34603464563236,3399.4586608689797,18.325470804483857,3424.1415724303934,18.300994628753937,3452.298110948349,18.348345342071696
323,3450.8682383579935,18.362685815348673,3495.2355093429082,18.31803355361858,3491.786573741473,18.34651494249339,3399.4586608689797,18.317538457738603,3424.1415724303934,18.327821942668518,3452.298110948349,18.334518942373556
324,3450.8682383579935,18.297581780605153,3495.2355093429082,18.31448942093483,3491.786573741473,18.34652869380728,3399.4586608689797,18.292347124457667,3424.1415724303934,18.36567345579809,3452.298110948349,18.323324095120604
325,3450.8682383579935,18.316847671360392,3495.2355093429082,18.31584466649882,3491.786573741473,18.33775121287148,3399.4586608689797,18.331658233496235,3424.1415724303934,18.32187093113956,3452.298110948349,18.324794543073295
326,3450.8682383579935,18.306780966259975,3495.2355093429082,18.307396955152946,3491.786573741473,18.323135431085497,3399.4586608689797,18.389233214601294,3424.1415724303934,18.31634193096481,3452.298110948349,18.328577699612904
327,3450.8682383579935,18.340430022963652,3495.2355093429082,18.296138715995948,3491.786573741473,18.318444405547574,3399.4586608689797,18.966902804888868,3424.1415724303934,18.30108104813535,3452.298110948349,18.44459939950628
328,3450.8682383579935,18.357591898883136,3495.2355093429082,18.351141289029304,3491.786573741473,18.359244090997496,3399.4586608689797,18.326787452664544,3424.1415724303934,18.373891914072114,3452.298110948349,18.35373132912932
329,3450.8682383579935,18.324000470387883,3495.2355093429082,18.298979886507478,3491.786573741473,18.369065222559307,3399.4586608689797,18.354993456024857,3424.1415724303934,18.36779414780485,3452.298110948349,18.342966636656875
330,3450.8682383579935,18.339612537522925,3495.2355093429082,18.284886840620302,3491.786573741473,18.30234990153389,3399.4586608689797,18.31104017985722,3424.1415724303934,18.343523078416194,3452.298110948349,18.316282507590106
331,3450.8682383579935,18.292094032998815,3495.2355093429082,18.397846725163728,3491.786573741473,18.310993830379243,3399.4586608689797,18.329797819861028,3424.1415724303934,18.31546595689147,3452.298110948349,18.329239673058858
332,3450.8682383579935,18.315974380063295,3495.2355093429082,18.231737931577484,3491.786573741473,18.346680930872232,3399.4586608689797,18.325108363809758,3424.1415724303934,18.329107572990793,3452.298110948349,18.30972183586271
333,3450.8682383579935,18.315453657838606,3495.2355093429082,18.34192806679968,3491.786573741473,18.42824371424611,3399.4586608689797,18.306545305013703,3424.1415724303934,18.30457356047835,3452.298110948349,18.339348860875287
334,3450.8682383579935,18.32971760759209,3495.2355093429082,18.30058081208591,3491.786573741473,18.358266476392885,3399.4586608689797,18.366668647524968,3424.1415724303934,18.3336784655826,3452.298110948349,18.337782401835693
335,3450.8682383579935,18.32868067650488,3495.2355093429082,18.347568550799252,3491.786573741473,18.298717934249268,3399.4586608689797,19.047892870752776,3424.1415724303934,18.316146358936273,3452.298110948349,18.467801278248487
336,3450.8682383579935,18.335606634026064,3495.2355093429082,18.359956146734046,3491.786573741473,18.36388021402842,3399.4586608689797,18.356869578468967,3424.1415724303934,18.280503032768756,3452.298110948349,18.339363121205253
337,3450.8682383579935,18.319600682172037,3495.2355093429082,18.740493361040983,3491.786573741473,18.300861917570092,3399.4586608689797,18.300736327666968,3424.1415724303934,18.30710293100459,3452.298110948349,18.393759043890935
338,3450.8682383579935,18.337073291176726,3495.2355093429082,18.38832437216979,3491.786573741473,18.30296758814514,3399.4586608689797,18.295765951590187,3424.1415724303934,18.313135110594942,3452.298110948349,18.327453262735354
339,3450.8682383579935,18.348105212489177,3495.2355093429082,18.326618846418633,3491.786573741473,18.33151882183021,3399.4586608689797,18.352943907994977,3424.1415724303934,18.38253724614188,3452.298110948349,18.348344806974975
340,3450.8682383579935,18.294254538887014,3495.2355093429082,18.33023028148724,3491.786573741473,18.28133354966854,3399.4586608689797,18.548203929603293,3424.1415724303934,18.321731718678414,3452.298110948349,18.355150803664902
341,3450.8682383579935,18.302332071319714,3495.2355093429082,18.363151461513247,3491.786573741473,18.351656289660628,3399.4586608689797,18.3393273468681,3424.1415724303934,18.330608022801233,3452.298110948349,18.337415038432585
342,3450.8682383579935,18.289029059198032,3495.2355093429082,18.351903390194718,3491.786573741473,18.31428139087061,3399.4586608689797,18.30561706466004,3424.1415724303934,18.336668960131288,3452.298110948349,18.31949997301094
343,3450.8682383579935,18.27818464123693,3495.2355093429082,18.28793322076195,3491.786573741473,18.380380786636522,3399.4586608689797,18.34692461194442,3424.1415724303934,18.305399058119793,3452.298110948349,18.319764463739922
344,3450.8682383579935,18.302859038564005,3495.2355093429082,18.348118146040353,3491.786573741473,18.343822383508364,3399.4586608689797,18.29908583919161,3424.1415724303934,18.31113073747951,3452.298110948349,18.321003228956766
345,3450.8682383579935,18.332193192345706,3495.2355093429082,18.368465139250308,3491.786573741473,18.388393567612553,3399.4586608689797,18.299572605063144,3424.1415724303934,18.343132898726545,3452.298110948349,18.34635148059965
346,3450.8682383579935,18.329196423034468,3495.2355093429082,18.304156504966816,3491.786573741473,18.574984557658095,3399.4586608689797,18.279286614121848,3424.1415724303934,18.322801218141613,3452.298110948349,18.362085063584566
347,3450.8682383579935,18.285701939264264,3495.2355093429082,18.327666093429666,3491.786573741473,18.33682130781671,3399.4586608689797,18.271545072211765,3424.1415724303934,18.352118655040275,3452.298110948349,18.314770613552533
348,3450.8682383579935,18.424636925627762,3495.2355093429082,18.339711042686854,3491.786573741473,18.285823978404817,3399.4586608689797,18.339898634533395,3424.1415724303934,18.32422121259017,3452.298110948349,18.342858358768602
349,3450.8682383579935,18.316131577203567,3495.2355093429082,18.22596093712309,3491.786573741473,18.390311518421143,3399.4586608689797,18.302263317184977,3424.1415724303934,18.41016653260812,3452.298110948349,18.328966776508178
350,3450.8682383579935,18.29770960023465,3495.2355093429082,18.32015072002508,3491.786573741473,18.348964650150535,3399.4586608689797,18.345885813182537,3424.1415724303934,18.30517495352176,3452.298110948349,18.323577147422913
351,3450.8682383579935,18.32621075315584,3495.2355093429082,18.34638330241367,3491.786573741473,18.319944938374956,3399.4586608689797,18.37496045564215,3424.1415724303934,18.353082690241692,3452.298110948349,18.344116427965663
352,3450.8682383579935,18.327866978369375,3495.2355093429082,18.269220699762368,3491.786573741473,18.298399009239994,3399.4586608689797,18.345966412318703,3424.1415724303934,18.355425985144525,3452.298110948349,18.31937581696699
353,3450.8682383579935,18.310192800771084,3495.2355093429082,18.325259296731108,3491.786573741473,18.31913710334581,3399.4586608689797,18.300467618267756,3424.1415724303934,18.358273620390417,3452.298110948349,18.322666087901236
354,3450.8682383579935,18.28552453670921,3495.2355093429082,18.384159405644898,3491.786573741473,18.390897825703025,3399.4586608689797,18.25721904457727,3424.1415724303934,18.317500061446925,3452.298110948349,18.327060174816264
355,3450.8682383579935,18.32463841506342,3495.2355093429082,18.355089100407387,3491.786573741473,18.34459658244877,3399.4586608689797,18.278832570814114,3424.1415724303934,18.337994494087223,3452.298110948349,18.328230232564184
356,3450.8682383579935,18.26073853156347,3495.2355093429082,18.345388403877887,3491.786573741473,18.347924590200385,3399.4586608689797,18.236160212632463,3424.1415724303934,18.332840215709954,3452.298110948349,18.30461039079683
357,3450.8682383579935,18.273480010076803,3495.2355093429082,18.3228072797307,3491.786573741473,18.372658524285853,3399.4586608689797,18.32446240932251,3424.1415724303934,18.27126352537032,3452.298110948349,18.312934349757235
358,3450.8682383579935,18.3373316697951,3495.2355093429082,18.31271162824252,3491.786573741473,18.356826097468566,3399.4586608689797,18.301536993877864,3424.1415724303934,18.320890273063025,3452.298110948349,18.325859332489415
359,3450.8682383579935,18.332187302312644,3495.2355093429082,18.309427826994938,3491.786573741473,18.313343541063794,3399.4586608689797,18.29060499145526,3424.1415724303934,18.290658014058163,3452.298110948349,18.30724433517696
360,3450.8682383579935,18.3290325521737,3495.2355093429082,18.31546614593566,3491.786573741473,18.291098524522543,3399.4586608689797,18.3323481229413,3424.1415724303934,18.341222892330848,3452.298110948349,18.32183364758081
361,3450.8682383579935,18.3491624161358,3495.2355093429082,18.29331482258962,3491.786573741473,18.29957522615024,3399.4586608689797,18.343520474297897,3424.1415724303934,18.31422800447865,3452.298110948349,18.31996018873044
362,3450.8682383579935,18.369431057938957,3495.2355093429082,18.365179076023118,3491.786573741473,18.267601902573357,3399.4586608689797,18.711623102410464,3424.1415724303934,18.303228401334376,3452.298110948349,18.40341270805606
363,3450.8682383579935,18.322032978947373,3495.2355093429082,18.32199720776126,3491.786573741473,18.326033758717532,3399.4586608689797,18.310747526062276,3424.1415724303934,18.292601040001678,3452.298110948349,18.314682502298023
364,3450.8682383579935,18.338374715246612,3495.2355093429082,19.025064358456063,3491.786573741473,18.40907231462382,3399.4586608689797,18.312502153638448,3424.1415724303934,18.306562289132433,3452.298110948349,18.478315166219474
365,3450.8682383579935,18.337344756814225,3495.2355093429082,18.323597758309088,3491.786573741473,18.31850671096089,3399.4586608689797,18.32238648147519,3424.1415724303934,18.36440235899077,3452.298110948349,18.333247613310032
366,3450.8682383579935,18.355571621151224,3495.2355093429082,18.38093062313943,3491.786573741473,18.411306285509326,3399.4586608689797,18.34351815527398,3424.1415724303934,18.36649298854759,3452.298110948349,18.37156393472431
367,3450.8682383579935,18.419012029544607,3495.2355093429082,18.324705513976085,3491.786573741473,18.28229393893671,3399.4586608689797,18.30081827873169,3424.1415724303934,18.28992964856933,3452.298110948349,18.323351881951684
368,3450.8682383579935,18.346990528917875,3495.2355093429082,18.325991804273958,3491.786573741473,18.328527016614057,3399.4586608689797,18.30112578939125,3424.1415724303934,18.32408848720273,3452.298110948349,18.325344725279972
369,3450.8682383579935,18.317855346292976,3495.2355093429082,18.336091174074372,3491.786573741473,18.359824894973713,3399.4586608689797,18.345300816868033,3424.1415724303934,18.390286357045923,3452.298110948349,18.349871717851002
370,3450.8682383579935,18.34181048486779,3495.2355093429082,18.31569259925135,3491.786573741473,18.36551570169789,3399.4586608689797,18.302800265379492,3424.1415724303934,18.288239125775373,3452.298110948349,18.32281163539438
371,3450.8682383579935,18.303485679857435,3495.2355093429082,18.351307699130484,3491.786573741473,18.426255320131965,3399.4586608689797,18.32071565359281,3424.1415724303934,18.35688875578917,3452.298110948349,18.351730621700373
372,3450.8682383579935,18.32766535647005,3466.7686608831436,18.305186925805494,3491.786573741473,18.315829173842737,3399.4586608689797,18.298885831777195,3424.1415724303934,18.3047378769079,3446.6047412563958,18.310461032960678
373,3450.8682383579935,18.31419945484589,3466.7686608831436,18.317206847155486,3491.786573741473,18.287189706289464,3399.4586608689797,18.347272637875673,3424.1415724303934,18.343676591212382,3446.6047412563958,18.32190904747578
374,3450.8682383579935,18.289644378924994,3466.7686608831436,18.274047591816846,3491.786573741473,18.319444162977796,3399.4586608689797,18.44932312862145,3424.1415724303934,18.312123778951275,3446.6047412563958,18.328916608258474
375,3450.8682383579935,18.463332498087457,3466.7686608831436,18.27908175339999,3491.786573741473,18.32654874900881,3399.4586608689797,18.322122068170287,3424.1415724303934,18.508767856799263,3446.6047412563958,18.37997058509316
376,3450.8682383579935,18.35840365431625,3416.6288190709706,18.341422457700467,3491.786573741473,18.362846615050834,3399.4586608689797,18.45231473590463,3424.1415724303934,18.372685686055707,3436.5767728939622,18.377534629805577
377,3450.8682383579935,18.350331656751784,3416.6288190709706,18.28261730342894,3491.786573741473,18.32057293368049,3399.4586608689797,18.402001229547817,3424.1415724303934,18.331338746378883,3436.5767728939622,18.337372373957585
378,3450.8682383579935,18.316224534226848,3416.6288190709706,18.31030025842669,3491.786573741473,18.334903455754226,3399.4586608689797,18.368067968842304,3424.1415724303934,18.302235447418724,3436.5767728939622,18.32634633293376
379,3450.8682383579935,18.301360945272656,3416.6288190709706,18.33357719943355,3491.786573741473,18.350820140408395,3399.4586608689797,18.293421636146803,3424.1415724303934,18.33535455971023,3436.5767728939622,18.322906896194326
380,3450.8682383579935,18.307523682567652,3416.6288190709706,18.327516605075466,3491.786573741473,18.259807413224724,3399.4586608689797,18.33643957499915,3424.1415724303934,18.31730387665571,3436.5767728939622,18.30971823050454
381,3450.8682383579935,18.3824024706485,3416.6288190709706,18.32813336796491,3491.786573741473,18.28883617482376,3399.4586608689797,18.3541667552692,3424.1415724303934,18.27292923387494,3436.5767728939622,18.32529360051626
382,3450.8682383579935,18.35223310831531,3416.6288190709706,18.299404724728124,3491.786573741473,18.31273969193632,3399.4586608689797,18.297231494240304,3424.1415724303934,18.329735971372457,3436.5767728939622,18.318268998118505
383,3450.8682383579935,18.346833939542044,3416.6288190709706,18.31228835491428,3491.786573741473,18.270950998834824,3399.4586608689797,18.341877616959316,3424.1415724303934,18.34925747517682,3436.5767728939622,18.324241677085457
384,3450.8682383579935,18.346290532305577,3416.6288190709706,18.321882202126805,3491.786573741473,18.364535325917082,3399.4586608689797,18.32521186175474,3424.1415724303934,18.30283311240297,3436.5767728939622,18.332150606901433
385,3450.8682383579935,18.33328405487765,3416.6288190709706,18.303761154092626,3491.786573741473,18.340926764713643,3399.4586608689797,18.414329282873606,3424.1415724303934,18.312114184025774,3436.5767728939622,18.340883088116662
386,3450.8682383579935,18.361043374766037,3416.6288190709706,18.301098708282566,3491.786573741473,18.2858365884899,3399.4586608689797,18.3131151464942,3424.1415724303934,18.34332998633225,3436.5767728939622,18.320884760872993
387,3450.8682383579935,18.3205291433557,3416.6288190709706,18.353637945237825,3491.786573741473,18.322886938730505,3399.4586608689797,18.333719019997982,3424.1415724303934,18.32688447335799,3436.5767728939622,18.331531504136002
388,3450.8682383579935,18.37777795374628,3416.6288190709706,18.355782905183283,3491.786573741473,18.29467384753367,3399.4586608689797,18.327285309065097,3424.1415724303934,18.46154197508065,3436.5767728939622,18.363412398121795
389,3450.8682383579935,18.29269353551609,3416.6288190709706,19.007873032426662,3491.786573741473,18.317642712759067,3399.4586608689797,18.338473462000145,3424.1415724303934,18.32925223192772,3436.5767728939622,18.457186994925934
390,3450.8682383579935,18.325959799140794,3416.6288190709706,18.299718525413173,3491.786573741473,18.36570528742288,3399.4586608689797,18.374287492656286,3424.1415724303934,18.35814227585397,3436.5767728939622,18.344762676097417
391,3450.8682383579935,18.296033363397736,3416.6288190709706,18.291612059593163,3491.786573741473,18.376644496654293,3399.4586608689797,18.28042494094693,3424.1415724303934,18.29336285182202,3436.5767728939622,18.30761554248283
392,3450.8682383579935,18.27590148842998,3416.6288190709706,18.33530903876509,3491.786573741473,18.711460840504618,3399.4586608689797,18.298235135351504,3424.1415724303934,18.333022748426274,3436.5767728939622,18.390785850295494
393,3450.8682383579935,18.301911363832154,3416.6288190709706,18.310285853595627,3491.786573741473,18.431484940917436,3399.4586608689797,18.324331548993243,3424.1415724303934,18.253307863579607,3436.5767728939622,18.324264314183615
394,3450.8682383579935,18.31280103141111,3416.6288190709706,18.349103308996245,3491.786573741473,18.336162810268934,3399.4586608689797,18.361409154450953,3424.1415724303934,18.336538544144666,3436.5767728939622,18.33920296985438
395,3450.8682383579935,18.364157709770407,3416.6288190709706,18.31536927688823,3491.786573741473,18.327182697732304,3399.4586608689797,18.295838234111002,3424.1415724303934,18.337227686342853,3436.5767728939622,18.32795512096896
396,3450.8682383579935,18.364424168277623,3416.6288190709706,18.368163493983214,3491.786573741473,18.31280998239471,3399.4586608689797,18.338832826439695,3424.1415724303934,18.31536019331589,3436.5767728939622,18.33991813288223
397,3450.8682383579935,18.274987218167464,3416.6288190709706,18.300145465553218,3491.786573741473,18.305694015116522,3399.4586608689797,18.33052256600173,3424.1415724303934,18.36073210705146,3436.5767728939622,18.31441627437808
398,3450.8682383579935,18.38871945581454,3416.6288190709706,18.284093711577025,3491.786573741473,18.365869624002833,3399.4586608689797,18.33334728086013,3424.1415724303934,18.254704225569082,3436.5767728939622,18.325346859564725
399,3450.8682383579935,18.31677476310393,3416.6288190709706,18.297240659984478,3491.786573741473,18.316591174986232,3399.4586608689797,18.377819618514035,3424.1415724303934,18.382422132489513,3436.5767728939622,18.338169669815635
400,3450.8682383579935,18.373383841571428,3416.6288190709706,18.29671945171855,3491.786573741473,18.28554718197447,3399.4586608689797,18.31795582317375,3424.1415724303934,18.374984012475153,3436.5767728939622,18.32971806218267
401,3450.8682383579935,18.335181961181906,3416.6288190709706,18.354255364808868,3491.786573741473,18.327048696047743,3399.4586608689797,18.307241108051123,3424.1415724303934,18.287344060867404,3436.5767728939622,18.322214238191414
402,3450.8682383579935,19.13515888373852,3416.6288190709706,18.33923098620144,3491.786573741473,18.308894642303553,3399.4586608689797,18.34471940584312,3424.1415724303934,18.323956276978056,3436.5767728939622,18.49039203901294
403,3450.8682383579935,18.38179087550566,3416.6288190709706,18.342779462830567,3491.786573741473,18.26732633340407,3399.4586608689797,18.31968542976529,3424.1415724303934,18.326489667492712,3436.5767728939622,18.32761435379966
404,3450.8682383579935,18.83347310192356,3416.6288190709706,18.309878243057817,3491.786573741473,18.317924425842296,3399.4586608689797,18.3198378577355,3424.1415724303934,18.326855374044207,3436.5767728939622,18.42159380052068
405,3450.8682383579935,18.348245011484693,3416.6288190709706,18.33505495663234,3491.786573741473,18.295913014518998,3399.4586608689797,18.300189189195084,3424.1415724303934,18.321928601211113,3436.5767728939622,18.320266154608444
406,3450.8682383579935,18.335195366649312,3416.6288190709706,18.281277542351305,3491.786573741473,18.392246178272035,3399.4586608689797,18.3376609288452,3424.1415724303934,18.347626710075467,3436.5767728939622,18.338801345238664
407,3450.8682383579935,18.29560966482225,3416.6288190709706,18.371130668537763,3491.786573741473,18.27802717486593,3399.4586608689797,18.385783709285626,3424.1415724303934,18.314986117563556,3436.5767728939622,18.329107467015024
408,3450.8682383579935,18.281145654913644,3416.6288190709706,18.37824293581037,3491.786573741473,18.326574808451372,3399.4586608689797,18.355836273470782,3424.1415724303934,18.324833075450602,3436.5767728939622,18.333326549619354
409,3450.8682383579935,19.301155223451385,3416.6288190709706,18.34008211347948,3491.786573741473,18.384151258022406,3399.4586608689797,18.321285523302993,3424.1415724303934,18.36372714310904,3436.5767728939622,18.54208025227306
410,3450.8682383579935,18.33516363126488,3416.6288190709706,18.282375140425298,3491.786573741473,18.354349671634587,3399.4586608689797,18.37821788193888,3424.1415724303934,18.289942899834674,3436.5767728939622,18.328009845019665
411,3450.8682383579935,18.73617940980558,3416.6288190709706,18.36606485946091,3491.786573741473,18.333511663097095,3399.4586608689797,18.34372649815477,3424.1415724303934,18.355524451953965,3436.5767728939622,18.427001376494466
412,3450.8682383579935,18.326516685160833,3416.6288190709706,18.2833432756467,3491.786573741473,18.29583538554773,3399.4586608689797,18.351610528936995,3424.1415724303934,18.31364291895934,3436.5767728939622,18.31418975885032
413,3450.8682383579935,18.37513854526319,3416.6288190709706,18.67971522648073,3491.786573741473,18.307678333101393,3399.4586608689797,18.360133131277735,3424.1415724303934,18.353018579556903,3436.5767728939622,18.41513676313599
414,3450.8682383579935,18.336547541222515,3416.6288190709706,18.282526510361258,3491.786573741473,18.288033936866505,3399.4586608689797,18.352433834794265,3424.1415724303934,18.346251471858864,3436.5767728939622,18.321158659020682
415,3450.8682383579935,18.283095298066296,3416.6288190709706,18.33165624800337,3491.786573741473,18.33854107129494,3399.4586608689797,18.354120535120263,3424.1415724303934,18.279956980383357,3436.5767728939622,18.317474026573645
416,3450.8682383579935,18.340365517785145,3416.6288190709706,18.347054994308383,3491.786573741473,18.380053220048968,3399.4586608689797,18.31167656840488,3424.1415724303934,18.28492555657832,3436.5767728939622,18.332815171425136
417,3450.8682383579935,18.336408940848266,3416.6288190709706,18.589164486234303,3491.786573741473,18.289663833866584,3399.4586608689797,18.309147324127373,3424.1415724303934,18.333039779692534,3436.5767728939622,18.37148487295381
418,3450.8682383579935,18.32501277844701,3416.6288190709706,18.348463524270475,3491.786573741473,18.32772009122907,3399.4586608689797,18.354198568099196,3424.1415724303934,18.362414686387915,3436.5767728939622,18.343561929686736
419,3450.8682383579935,18.324322298157465,3416.6288190709706,18.332851676967845,3491.786573741473,18.38682111331463,3399.4586608689797,18.296024966423722,3424.1415724303934,18.85012245031435,3436.5767728939622,18.4380285010356
420,3450.8682383579935,18.28096784411699,3416.6288190709706,18.615171764683335,3491.786573741473,18.293075542008197,3399.4586608689797,18.306934265566156,3424.1415724303934,18.301538249739146,3436.5767728939622,18.359537533222767
421,3450.8682383579935,18.28980795325081,3416.6288190709706,18.292343511395977,3491.786573741473,18.363702099514615,3399.4586608689797,18.280632223807196,3424.1415724303934,18.391034699720755,3436.5767728939622,18.32350409753787
422,3450.8682383579935,18.303171488513883,3416.6288190709706,18.28142171429495,3491.786573741473,18.32734045563326,3399.4586608689797,18.33312024517207,3424.1415724303934,18.31238159037234,3436.5767728939622,18.3114870987973
423,3450.8682383579935,18.301225914905626,3416.6288190709706,18.361136281502258,3491.786573741473,18.326811617181413,3399.4586608689797,18.373290287338527,3424.1415724303934,18.33588711618443,3436.5767728939622,18.33967024342245
424,3450.8682383579935,18.334557692748888,3416.6288190709706,18.288833965201157,3491.786573741473,18.29366019898335,3399.4586608689797,18.342748844848398,3424.1415724303934,18.34826998375941,3436.5767728939622,18.32161413710824
425,3450.8682383579935,18.310504992730593,3416.6288190709706,18.295722291274508,3491.786573741473,18.317853560654836,3399.4586608689797,18.338441797886077,3424.1415724303934,18.30478060251854,3436.5767728939622,18.31346064901291
426,3450.8682383579935,18.317670947127787,3416.6288190709706,19.121140357700316,3491.786573741473,18.331954515919655,3399.4586608689797,18.3652043993975,3424.1415724303934,18.26682770513026,3436.5767728939622,18.4805595850551
427,3450.8682383579935,18.348749555433194,3416.6288190709706,18.324360496983537,3491.786573741473,18.35425171157214,3399.4586608689797,18.344034888735244,3424.1415724303934,18.325428843171412,3436.5767728939622,18.339365099179105
428,3450.8682383579935,18.336504231081296,3416.6288190709706,18.35232984651174,3491.786573741473,18.33974678735339,3399.4586608689797,18.28920810650512,3424.1415724303934,18.33264043557684,3436.5767728939622,18.330085881405676
429,3450.8682383579935,18.296833776526313,3416.6288190709706,18.312761552143613,3491.786573741473,18.33061575865367,3399.4586608689797,18.362338571939556,3424.1415724303934,18.352976911836755,3436.5767728939622,18.33110531421998
430,3450.8682383579935,18.280325059814736,3416.6288190709706,18.349550014788072,3491.786573741473,18.319663891363376,3399.4586608689797,18.30780732239738,3424.1415724303934,18.809419697585472,3436.5767728939622,18.413353197189807
431,3450.8682383579935,18.287896614545478,3416.6288190709706,18.331034226366615,3491.786573741473,18.369070975869793,3399.4586608689797,18.32516535201862,3424.1415724303934,18.35497199500145,3436.5767728939622,18.333627832760392
432,3450.8682383579935,18.345252605347312,3416.6288190709706,18.290236899392447,3491.786573741473,18.33947434338511,3399.4586608689797,18.319650836910068,3424.1415724303934,18.283835275201756,3436.5767728939622,18.31568999204734
433,3450.8682383579935,18.333209294614335,3416.6288190709706,18.266983688796387,3491.786573741473,18.314841585530495,3399.4586608689797,18.298253623492805,3424.1415724303934,18.30468481013211,3436.5767728939622,18.303594600513225
434,3450.8682383579935,18.305189000179155,3416.6288190709706,18.388043966488894,3491.786573741473,18.31416977234623,3399.4586608689797,18.319012568988704,3424.1415724303934,18.28402014491589,3436.5767728939622,18.322087090583775
435,3450.8682383579935,18.36058166592617,3416.6288190709706,18.353579165727012,3491.786573741473,18.319934273684645,3399.4586608689797,18.271307921092788,3424.1415724303934,18.30938310691749,3436.5767728939622,18.322957226669622
436,3450.8682383579935,18.358083023151703,3416.6288190709706,18.316472376138854,3491.786573741473,18.324716566655134,3399.4586608689797,18.311149055878495,3424.1415724303934,18.355535082046348,3436.5767728939622,18.333191220774104
437,3450.8682383579935,18.316265743411112,3416.6288190709706,18.36139784009816,3491.786573741473,18.294391146543187,3399.4586608689797,18.3831066168742,3424.1415724303934,18.327145074885074,3436.5767728939622,18.33646128436235
438,3450.8682383579935,18.31138855395002,3416.6288190709706,18.329355755865606,3491.786573741473,18.316316388642612,3399.4586608689797,18.33123971120585,3424.1415724303934,18.32012476837612,3436.5767728939622,18.32168503560804
439,3450.8682383579935,18.349445953609017,3416.6288190709706,18.323345688951196,3491.786573741473,18.279196275547637,3399.4586608689797,18.35782727746552,3424.1415724303934,18.292126012677738,3436.5767728939622,18.32038824165022
440,3450.8682383579935,18.303979591564982,3416.6288190709706,18.304284037762038,3491.786573741473,18.319699438577377,3399.4586608689797,18.30691705160669,3424.1415724303934,18.341944313140836,3436.5767728939622,18.315364886530386
441,3450.8682383579935,18.4031976549635,3416.6288190709706,18.35863197861597,3491.786573741473,18.373899973737014,3399.4586608689797,18.261498174593747,3424.1415724303934,18.262563518034348,3436.5767728939622,18.331958259988916
442,3450.8682383579935,18.35666758962908,3416.6288190709706,18.311961140644733,3491.786573741473,18.318156457605326,3399.4586608689797,18.30846643491494,3424.1415724303934,18.414511027558724,3436.5767728939622,18.341952530070557
443,3450.8682383579935,18.322605785150174,3416.6288190709706,18.346030645606533,3491.786573741473,18.38029920035227,3399.4586608689797,18.36017105527672,3424.1415724303934,18.310231449587608,3436.5767728939622,18.343867627194662
444,3450.8682383579935,18.343616374627008,3416.6288190709706,18.33085870316658,3491.786573741473,18.30410013035095,3399.4586608689797,18.39633750196046,3424.1415724303934,18.31160931755007,3436.5767728939622,18.33730440553101
445,3450.8682383579935,18.315028258195024,3416.6288190709706,18.329501213543836,3491.786573741473,18.35065323800147,3399.4586608689797,18.39748316675359,3424.1415724303934,18.34344062642631,3436.5767728939622,18.347221300584046
446,3450.8682383579935,18.341082069268175,3416.6288190709706,18.333558171024944,3491.786573741473,18.339868342892878,3399.4586608689797,18.29755725531161,3424.1415724303934,18.39816288270989,3436.5767728939622,18.3420457442415
447,3450.8682383579935,18.35228037813581,3416.6288190709706,18.32280152348356,3491.786573741473,18.343206650028364,3399.4586608689797,18.27185851099492,3424.1415724303934,18.30312272037313,3436.5767728939622,18.318653956603153
448,3450.8682383579935,18.29964975355429,3416.6288190709706,18.312765651155182,3491.786573741473,18.27708915741689,3399.4586608689797,18.289082488570237,3424.1415724303934,18.31727934147407,3436.5767728939622,18.299173278434132
449,3450.8682383579935,18.38197143699012,3416.6288190709706,18.61684206825386,3491.786573741473,18.40213737681874,3399.4586608689797,18.31228895390467,3424.1415724303934,18.310840672979396,3436.5767728939622,18.404816101789358
450,3450.8682383579935,18.346898216349306,3416.6288190709706,18.302543747865453,3491.786573741473,18.3726835255083,3399.4586608689797,18.338300482726723,3424.1415724303934,18.34459672882908,3436.5767728939622,18.341004540255774
451,3450.8682383579935,18.320434071141175,3416.6288190709706,18.3701919912161,3491.786573741473,18.341062663014238,3399.4586608689797,18.35936315781377,3424.1415724303934,18.357382663359232,3436.5767728939622,18.349686909308904
452,3450.8682383579935,18.30159323163885,3416.6288190709706,18.32509448295522,3491.786573741473,18.406202151727854,3399.4586608689797,18.377648997039643,3424.1415724303934,18.323654995266864,3436.5767728939622,18.346838771725686
453,3450.8682383579935,18.40570265063617,3416.6288190709706,18.302982804451567,3491.786573741473,18.31194167728869,3399.4586608689797,18.364691207535827,3424.1415724303934,18.305697727665347,3436.5767728939622,18.33820321351552
454,3450.8682383579935,18.239143482931386,3416.6288190709706,18.28952517504608,3491.786573741473,18.325396772536816,3399.4586608689797,18.314732142335505,3424.1415724303934,18.34135979959998,3436.5767728939622,18.302031474489954
455,3450.8682383579935,18.35022751313243,3416.6288190709706,18.331169882995397,3491.786573741473,18.296851401217424,3399.4586608689797,18.29316721042715,3424.1415724303934,18.324429241868533,3436.5767728939622,18.319169049928185
456,3450.8682383579935,18.344289309935327,3416.6288190709706,18.368481179612008,3491.786573741473,18.325534567722613,3399.4586608689797,18.347852913339885,3424.1415724303934,18.340009839282594,3436.5767728939622,18.34523356197849
457,3450.8682383579935,18.30523346384712,3416.6288190709706,18.31305272685596,3491.786573741473,18.292084039545028,3399.4586608689797,18.351909211799985,3424.1415724303934,18.320611640953953,3436.5767728939622,18.31657821660041
458,3450.8682383579935,18.322423682932005,3416.6288190709706,18.322497860348555,3491.786573741473,18.322130064576786,3399.4586608689797,18.420490535952766,3424.1415724303934,18.322954236698177,3436.5767728939622,18.342099276101656
459,3450.8682383579935,18.338002841129967,3416.6288190709706,18.377359472358403,3491.786573741473,18.47955959139257,3399.4586608689797,18.27830818371078,3424.1415724303934,18.313810594623785,3436.5767728939622,18.3574081366431
460,3450.8682383579935,18.366307080782693,3416.6288190709706,18.34487224996696,3491.786573741473,19.027146646692746,3399.4586608689797,18.321174559224993,3424.1415724303934,18.313438908287914,3436.5767728939622,18.47458788899106
461,3450.8682383579935,18.837396191665114,3416.6288190709706,18.323661026547754,3491.786573741473,18.376273853742884,3399.4586608689797,18.327545665777997,3424.1415724303934,18.440500834630082,3436.5767728939622,18.461075514472764
462,3450.8682383579935,18.290743910833264,3416.6288190709706,18.88363013644254,3491.786573741473,18.305472696471828,3399.4586608689797,18.368258457554568,3424.1415724303934,18.374187036962645,3436.5767728939622,18.444458447652966
463,3450.8682383579935,18.304392667578256,3416.6288190709706,18.30539178102453,3491.786573741473,18.33104708540899,3399.4586608689797,18.350492225447997,3424.1415724303934,18.3360462201472,3436.5767728939622,18.325473995921392
464,3450.8682383579935,18.345426156988044,3416.6288190709706,18.348185994094496,3491.786573741473,18.297901211370892,3399.4586608689797,18.320105932598636,3424.1415724303934,18.394084783127905,3436.5767728939622,18.341140815635995
465,3450.8682383579935,18.34852400001457,3416.6288190709706,18.319430430485728,3491.786573741473,18.32170425608282,3399.4586608689797,18.46077894003497,3424.1415724303934,18.29978214043281,3436.5767728939622,18.350043953410182
466,3450.8682383579935,19.104511040548285,3416.6288190709706,18.3552488704446,3491.786573741473,18.307681738435548,3399.4586608689797,18.280966453523195,3424.1415724303934,18.32897120173958,3436.5767728939622,18.47547586093824
467,3450.8682383579935,18.33325109731922,3416.6288190709706,18.35626146576827,3491.786573741473,18.348041776144214,3399.4586608689797,18.288187838101692,3424.1415724303934,18.32388327040234,3436.5767728939622,18.329925089547146
468,3450.8682383579935,18.328376955762227,3416.6288190709706,18.33185370606907,3491.786573741473,18.310433293271014,3399.4586608689797,18.379547875767397,3424.1415724303934,18.271833174856994,3436.5767728939622,18.32440900114534
469,3450.8682383579935,18.34220511392669,3416.6288190709706,18.319813440964747,3491.786573741473,18.33674875956069,3399.4586608689797,18.30441018145179,3424.1415724303934,18.316191767239047,3436.5767728939622,18.32387385262859
470,3450.8682383579935,18.346160360088344,3416.6288190709706,18.29040103605947,3491.786573741473,18.32081616184719,3399.4586608689797,18.320075706112753,3424.1415724303934,18.338689200262547,3436.5767728939622,18.32322849287406
471,3450.8682383579935,18.35290648721284,3416.6288190709706,18.312449871804343,3491.786573741473,18.34203751122747,3399.4586608689797,18.288247405154543,3424.1415724303934,18.361577916912687,3436.5767728939622,18.331443838462377
472,3450.8682383579935,18.329308648083835,3416.6288190709706,18.547134357186117,3491.786573741473,18.328303667599947,3399.4586608689797,18.309033211603346,3424.1415724303934,18.286673657388512,3436.5767728939622,18.360090708372347
473,3450.8682383579935,18.352491680138723,3416.6288190709706,18.356668185911946,3491.786573741473,18.268866102350373,3399.4586608689797,18.35201164292345,3424.1415724303934,18.28320668780106,3436.5767728939622,18.322648859825108
474,3450.8682383579935,18.3299486473544,3416.6288190709706,18.329078152434647,3491.786573741473,18.373474305169015,3399.4586608689797,18.32971525500027,3424.1415724303934,18.312357521675118,3436.5767728939622,18.33491477632669
475,3450.8682383579935,18.323409750133298,3416.6288190709706,18.362536770768557,3491.786573741473,18.298812027998643,3399.4586608689797,19.059219524718856,3424.1415724303934,18.30768766969516,3436.5767728939622,18.4703331486629
476,3450.8682383579935,18.342306923163196,3416.6288190709706,18.372130128220093,3491.786573741473,18.356342557289235,3399.4586608689797,18.35478064462262,3424.1415724303934,18.35769715377073,3436.5767728939622,18.356651481413174
477,3450.8682383579935,18.310431787846806,3416.6288190709706,18.316481733128896,3491.786573741473,18.342386900101914,3399.4586608689797,18.34218492050257,3424.1415724303934,18.35024230584668,3436.5767728939622,18.332345529485373
478,3450.8682383579935,18.311592430886694,3416.6288190709706,18.3218982942132,3491.786573741473,18.328755328219234,3399.4586608689797,18.28246304733691,3424.1415724303934,18.376427902447865,3436.5767728939622,18.324227400620778
479,3450.8682383579935,18.373590650671385,3416.6288190709706,18.301253532050193,3491.786573741473,18.36154354854778,3399.4586608689797,18.333664818459653,3424.1415724303934,18.33788493406375,3436.5767728939622,18.341587496758553
480,3450.8682383579935,18.323890689187827,3416.6288190709706,18.336899269502293,3491.786573741473,18.31260357277325,3399.4586608689797,18.3266623365465,3424.1415724303934,18.31607756048077,3436.5767728939622,18.323226685698124
481,3450.8682383579935,18.29986851723414,3416.6288190709706,18.375103312149328,3491.786573741473,18.336817724430002,3399.4586608689797,18.328356047497792,3424.1415724303934,18.277297113771223,3436.5767728939622,18.3234885430165
482,3450.8682383579935,18.332964193453076,3416.6288190709706,18.334766134879175,3491.786573741473,18.35179580775129,3399.4586608689797,18.751650840819224,3424.1415724303934,18.34400938289217,3436.5767728939622,18.423037271958986
483,3450.8682383579935,18.262298544160014,3416.6288190709706,18.50242348968743,3491.786573741473,18.334438998183852,3399.4586608689797,18.297755400115207,3424.1415724303934,18.478020738002755,3436.5767728939622,18.374987434029855
484,3450.8682383579935,19.067739483954405,3416.6288190709706,18.372584843539517,3491.786573741473,18.77386403544942,3399.4586608689797,18.395328695297582,3424.1415724303934,18.343855463904585,3436.5767728939622,18.590674504429103
485,3450.8682383579935,18.303605865302124,3416.6288190709706,18.34186057443796,3491.786573741473,18.261573020166306,3399.4586608689797,18.39097757524287,3424.1415724303934,18.37582060475554,3436.5767728939622,18.33476752798096
486,3450.8682383579935,18.35447889494868,3416.6288190709706,18.27220425735411,3491.786573741473,18.627035711393575,3399.4586608689797,18.356385316998956,3424.1415724303934,18.34875602830162,3436.5767728939622,18.39177204179939
487,3450.8682383579935,18.292301709058332,3416.6288190709706,18.357314475508186,3491.786573741473,18.350171331817243,3399.4586608689797,18.36629314287334,3424.1415724303934,18.316251272429046,3436.5767728939622,18.33646638633723
488,3450.8682383579935,18.2843134961939,3416.6288190709706,18.323893202302262,3491.786573741473,18.339560047790304,3399.4586608689797,18.371734994641102,3424.1415724303934,18.283981274680126,3436.5767728939622,18.32069660312154
489,3450.8682383579935,18.32706956231249,3416.6288190709706,18.325683990546988,3491.786573741473,18.274372022627755,3399.4586608689797,18.316722264461156,3424.1415724303934,18.347991681037925,3436.5767728939622,18.318367904197263
490,3450.8682383579935,18.326226896846055,3416.6288190709706,18.350473266895083,3491.786573741473,18.367700851237824,3399.4586608689797,18.39615441444008,3424.1415724303934,18.37028467171671,3436.5767728939622,18.36216802022715
491,3450.8682383579935,18.28001296973803,3416.6288190709706,18.299519008255906,3491.786573741473,18.369952333705662,3399.4586608689797,18.302857134226045,3424.1415724303934,18.2938377164816,3436.5767728939622,18.309235832481452
492,3450.8682383579935,18.328784359460254,3416.6288190709706,18.333504418824436,3491.786573741473,18.32965107275855,3399.4586608689797,18.31002661679449,3424.1415724303934,18.37059475172141,3436.5767728939622,18.334512243911828
493,3450.8682383579935,18.319682517832792,3416.6288190709706,18.28047260326225,3491.786573741473,18.34435893286311,3399.4586608689797,18.32077049191923,3424.1415724303934,18.308626376872763,3436.5767728939622,18.31478218455003
494,3450.8682383579935,18.37732138399191,3416.6288190709706,18.328766201205624,3491.786573741473,18.320202567287883,3399.4586608689797,18.311883434299492,3424.1415724303934,18.41353200560937,3436.5767728939622,18.350341118478855
495,3450.8682383579935,18.325462652749184,3416.6288190709706,18.29685332763859,3491.786573741473,18.303437219210767,3399.4586608689797,18.33906064739212,3424.1415724303934,18.498315561092532,3436.5767728939622,18.35262588161664
496,3450.8682383579935,18.335450523005562,3416.6288190709706,18.903534781401664,3491.786573741473,18.293009413458034,3399.4586608689797,18.371838794127793,3424.1415724303934,18.328618040450092,3436.5767728939622,18.44649031048863
497,3450.8682383579935,18.275465496830275,3416.6288190709706,18.316264572841433,3491.786573741473,18.318368013463964,3399.4586608689797,18.369044500950306,3424.1415724303934,18.3574330128349,3436.5767728939622,18.327315119384178
498,3450.8682383579935,18.347106773059224,3416.6288190709706,18.330712991810408,3491.786573741473,18.32924252558274,3399.4586608689797,18.431340745100716,3424.1415724303934,18.272891263011328,3436.5767728939622,18.34225885971288
499,3450.8682383579935,18.335504344147125,3416.6288190709706,18.354363845573108,3491.786573741473,18.31471373205368,3399.4586608689797,18.34589980798293,3424.1415724303934,18.386953920817817,3436.5767728939622,18.34748713011493
500,3450.8682383579935,18.288824041516175,3416.6288190709706,18.34201266892661,3491.786573741473,18.31180200429158,3399.4586608689797,18.314222094822167,3424.1415724303934,18.355254560945767,3436.5767728939622,18.32242307410046
