generation,fitness_run_1,diversity_run_1,fitness_run_2,diversity_run_2,fitness_run_3,diversity_run_3,fitness_run_4,diversity_run_4,fitness_run_5,diversity_run_5,fitness_average,diversity_average
1,3690.5169062680275,98.39018987341773,3660.4342074153847,98.48670886075949,3783.26937768058,98.62278481012659,3554.717405581965,98.65569620253164,3657.029292845089,98.5386075949367,3669.193437958209,98.53879746835443
2,3674.4778353653205,97.99208860759494,3660.4342074153847,98.31012658227849,3741.4238688641954,98.25917721518988,3449.63543277835,98.4503164556962,3657.029292845089,98.14493670886075,3636.6001274536675,98.23132911392406
3,3649.8660445839073,97.52721518987342,3660.4342074153847,98.19873417721519,3607.817350800152,98.42879746835443,3449.63543277835,98.21518987341773,3657.029292845089,98.02025316455696,3604.956465684577,98.07803797468355
4,3478.5590960667873,97.18259493670887,3660.4342074153847,98.03417721518987,3607.817350800152,98.14810126582279,3449.63543277835,97.90253164556962,3607.4046314823854,98.14810126582279,3560.7701437086116,97.88310126582279
5,3478.5590960667873,97.30886075949367,3588.282640774218,97.88924050632912,3607.817350800152,98.16075949367088,3449.63543277835,97.91867088607594,3489.2666113365963,97.93481012658228,3522.712226351221,97.8424683544304
6,3478.5590960667873,96.73987341772153,3588.282640774218,97.8256329113924,3607.817350800152,97.78512658227848,3449.63543277835,97.70981012658228,3461.6678299108257,97.60759493670886,3517.1924700660666,97.53360759493671
7,3478.5590960667873,96.50664556962025,3588.282640774218,97.7136075949367,3607.817350800152,97.9246835443038,3449.63543277835,97.58164556962025,3461.6678299108257,97.27753164556962,3517.1924700660666,97.40082278481013
8,3478.5590960667873,96.01139240506329,3588.282640774218,97.61044303797469,3605.9515598282496,97.68354430379746,3449.63543277835,97.67816455696203,3461.6678299108257,97.20949367088608,3516.819311871686,97.23860759493671
9,3478.5590960667873,96.01360759493672,3588.282640774218,97.39810126582279,3583.864133025102,97.67753164556962,3449.63543277835,97.73860759493671,3461.6678299108257,96.78607594936709,3512.4018265110562,97.12278481012659
10,3478.5590960667873,96.3120253164557,3588.282640774218,97.62658227848101,3583.864133025102,97.53829113924051,3449.63543277835,97.70158227848101,3461.6678299108257,96.64113924050633,3512.4018265110562,97.16392405063291
11,3478.5590960667873,96.44303797468355,3588.282640774218,97.4259493670886,3583.864133025102,97.31487341772151,3449.63543277835,97.37246835443038,3461.6678299108257,96.60759493670886,3512.4018265110562,97.03278481012657
12,3478.5590960667873,96.76518987341773,3574.177655394894,97.13227848101266,3583.864133025102,96.91740506329114,3449.63543277835,97.03512658227848,3461.6678299108257,96.35569620253165,3509.580829435192,96.84113924050634
13,3478.5590960667873,96.72373417721519,3574.177655394894,96.8620253164557,3583.864133025102,96.7243670886076,3449.63543277835,97.18386075949367,3461.6678299108257,96.14462025316456,3509.580829435192,96.72772151898735
14,3478.5590960667873,96.70632911392406,3574.177655394894,96.475,3583.864133025102,96.28386075949368,3449.63543277835,97.04556962025316,3461.6678299108257,96.40348101265823,3509.580829435192,96.58284810126582
15,3478.5590960667873,96.75696202531645,3574.177655394894,96.08481012658228,3583.864133025102,95.96740506329114,3449.63543277835,96.79303797468354,3461.6678299108257,96.17120253164558,3509.580829435192,96.35468354430381
16,3478.5590960667873,96.66487341772152,3574.177655394894,96.5496835443038,3583.864133025102,95.56708860759494,3449.63543277835,96.23164556962026,3461.6678299108257,96.05886075949367,3509.580829435192,96.21443037974683
17,3478.5590960667873,96.72943037974683,3567.3523314973195,96.53987341772152,3570.509209090088,95.99715189873417,3449.63543277835,96.11075949367088,3461.6678299108257,96.08829113924051,3505.544779868674,96.29310126582277
18,3478.5590960667873,96.76360759493672,3567.3523314973195,95.8129746835443,3570.509209090088,95.95569620253164,3449.63543277835,94.87943037974684,3461.6678299108257,95.75854430379746,3505.544779868674,95.8340506329114
19,3478.5590960667873,96.62594936708861,3516.329391430409,96.47120253164557,3562.8176016730945,95.61772151898734,3449.63543277835,95.22689873417721,3461.6678299108257,95.29556962025316,3493.801870371893,95.84746835443038
20,3478.5590960667873,96.58670886075949,3489.270009086223,96.22848101265822,3552.0733988302245,95.46993670886076,3449.63543277835,95.46898734177215,3461.6678299108257,95.73892405063292,3486.241153334482,95.8986075949367
21,3478.5590960667873,96.45379746835442,3489.270009086223,96.23386075949367,3384.0546317220283,95.90189873417721,3449.63543277835,95.48386075949367,3461.6678299108257,95.83829113924051,3452.637399912843,95.9823417721519
22,3478.5590960667873,96.41930379746836,3489.270009086223,96.0386075949367,3384.0546317220283,96.00031645569621,3449.63543277835,95.39715189873418,3461.6678299108257,95.89018987341773,3452.637399912843,95.94911392405064
23,3478.5590960667873,96.41392405063291,3489.270009086223,96.30696202531645,3384.0546317220283,95.85917721518987,3449.63543277835,94.99430379746835,3461.6678299108257,95.76044303797468,3452.637399912843,95.86696202531645
24,3478.5590960667873,96.14778481012658,3489.270009086223,96.00284810126583,3384.0546317220283,95.84651898734177,3449.63543277835,94.72626582278481,3461.6678299108257,95.83417721518987,3452.637399912843,95.71151898734176
25,3478.5590960667873,96.1490506329114,3489.270009086223,96.2012658227848,3384.0546317220283,95.82689873417722,3449.63543277835,95.18196202531645,3407.2246447147054,95.74556962025316,3441.748762873619,95.82094936708862
26,3478.5590960667873,96.23860759493671,3489.270009086223,95.9636075949367,3384.0546317220283,95.65664556962025,3449.63543277835,95.36993670886076,3389.708895191783,95.57816455696202,3438.245612969034,95.76139240506328
27,3382.1561098300476,96.45316455696202,3489.270009086223,95.8867088607595,3384.0546317220283,95.44430379746835,3449.63543277835,95.11740506329114,3389.708895191783,95.32025316455696,3418.9650157216865,95.6443670886076
28,3382.1561098300476,96.24018987341772,3489.270009086223,96.15696202531646,3384.0546317220283,95.46550632911392,3449.63543277835,95.00189873417722,3389.708895191783,95.20284810126583,3418.9650157216865,95.61348101265823
29,3382.1561098300476,96.02879746835443,3489.270009086223,96.12943037974684,3384.0546317220283,95.37341772151899,3449.63543277835,94.91075949367088,3389.708895191783,95.41898734177215,3418.9650157216865,95.57227848101266
30,3382.1561098300476,95.6876582278481,3489.270009086223,96.20664556962025,3384.0546317220283,95.27943037974684,3449.63543277835,95.07816455696202,3389.708895191783,95.54082278481013,3418.9650157216865,95.55854430379746
31,3382.1561098300476,95.92183544303798,3489.270009086223,95.96329113924051,3269.6593386518225,95.21455696202531,3449.63543277835,94.58386075949367,3389.708895191783,95.34398734177215,3396.085957107645,95.40550632911393
32,3382.1561098300476,96.00537974683544,3480.945327433066,95.71424050632912,3269.6593386518225,95.44778481012658,3449.63543277835,94.74018987341772,3389.708895191783,95.56740506329113,3394.4210207770143,95.49499999999999
33,3358.74395129049,96.00506329113924,3477.6190757358595,95.34367088607596,3264.0275013763076,95.30759493670887,3449.63543277835,95.06455696202532,3388.6806843082536,95.41740506329114,3387.741329097852,95.42765822784811
34,3309.5620309517153,95.45759493670886,3477.6190757358595,95.34177215189874,3264.0275013763076,94.93481012658228,3449.63543277835,95.18132911392405,3335.420100420595,95.61740506329114,3367.252828252566,95.30658227848102
35,3309.5620309517153,95.31424050632911,3477.6190757358595,95.43481012658228,3264.0275013763076,94.45822784810126,3449.63543277835,95.02246835443037,3335.420100420595,95.62816455696202,3367.252828252566,95.17158227848101
36,3309.5620309517153,95.16487341772152,3394.194235793817,95.64588607594936,3264.0275013763076,94.05253164556962,3449.63543277835,94.73101265822785,3335.420100420595,95.6759493670886,3350.5678602641574,95.05405063291138
37,3309.5620309517153,94.60854430379747,3394.194235793817,95.83892405063291,3251.6440207742357,94.31677215189873,3388.0575526062667,94.76835443037974,3335.420100420595,95.33987341772152,3335.7755881093253,94.97449367088606
38,3309.5620309517153,94.44525316455696,3394.194235793817,95.69746835443038,3251.6440207742357,94.07689873417722,3388.0575526062667,94.55189873417721,3335.420100420595,95.29240506329114,3335.7755881093253,94.81278481012659
39,3309.5620309517153,94.61867088607595,3394.194235793817,95.77943037974684,3251.6440207742357,94.33386075949367,3388.0575526062667,94.14145569620253,3335.420100420595,94.91518987341772,3335.7755881093253,94.75772151898734
40,3309.5620309517153,94.88354430379746,3394.194235793817,95.12405063291139,3196.438883251437,94.3126582278481,3388.0575526062667,94.52658227848102,3335.420100420595,94.46518987341773,3324.734560604766,94.66240506329115
41,3309.5620309517153,94.91582278481013,3394.194235793817,95.22215189873418,3196.438883251437,94.60379746835443,3388.0575526062667,94.40126582278481,3253.067124612026,94.50443037974684,3308.2639654430523,94.72949367088609
42,3309.5620309517153,94.79810126582278,3394.194235793817,95.00696202531645,3196.438883251437,94.20411392405063,3388.0575526062667,94.02594936708861,3253.067124612026,93.89493670886075,3308.2639654430523,94.38601265822786
43,3309.5620309517153,94.76867088607595,3394.194235793817,95.04462025316455,3196.438883251437,93.79303797468354,3338.8475028125827,94.18449367088607,3253.067124612026,93.93227848101266,3298.4219554843157,94.34462025316455
44,3309.5620309517153,94.59145569620253,3394.194235793817,94.67183544303798,3196.438883251437,93.7243670886076,3338.8475028125827,94.44778481012658,3253.067124612026,93.96993670886076,3298.4219554843157,94.28107594936708
45,3309.5620309517153,94.39873417721519,3394.194235793817,94.9003164556962,3196.438883251437,93.8243670886076,3338.8475028125827,94.60981012658227,3253.067124612026,93.8117088607595,3298.4219554843157,94.30898734177215
46,3309.5620309517153,94.6120253164557,3374.728068158773,94.84018987341773,3196.438883251437,93.95537974683545,3338.8475028125827,94.12310126582278,3253.067124612026,93.69683544303797,3294.5287219573065,94.24550632911392
47,3309.5620309517153,94.59746835443038,3374.728068158773,94.53575949367088,3184.5550166555236,94.14367088607595,3338.8475028125827,94.3493670886076,3253.067124612026,93.63955696202531,3292.1519486381244,94.25316455696203
48,3216.650616929053,94.7246835443038,3374.728068158773,93.94462025316456,3184.5550166555236,94.04018987341772,3338.8475028125827,94.30443037974683,3253.067124612026,93.73069620253165,3273.569665833592,94.14892405063291
49,3216.650616929053,94.8620253164557,3374.728068158773,93.89145569620253,3139.175047942374,94.025,3338.8475028125827,94.5123417721519,3253.067124612026,93.38227848101266,3264.493672090962,94.13462025316456
50,3216.650616929053,94.80126582278481,3349.2267155209474,93.61708860759494,3128.078022881674,93.58101265822785,3338.8475028125827,94.39082278481013,3253.067124612026,93.76424050632912,3257.173996551256,94.03088607594937
51,3216.650616929053,94.34335443037975,3288.5656644392216,93.67784810126582,3128.078022881674,93.2876582278481,3291.4116736012365,94.23575949367088,3253.067124612026,92.89651898734178,3235.5546204926422,93.68822784810126
52,3159.1818426719815,94.08037974683545,3288.5656644392216,93.97753164556963,3128.078022881674,93.68196202531645,3291.4116736012365,94.25126582278482,3253.067124612026,93.06867088607595,3224.060865641228,93.81196202531646
53,3159.1818426719815,93.47310126582279,3288.5656644392216,93.59430379746836,3128.078022881674,94.00886075949367,3291.4116736012365,94.17025316455697,3253.067124612026,93.56487341772151,3224.060865641228,93.76227848101266
54,3159.1818426719815,92.3129746835443,3288.5656644392216,93.72879746835443,3128.078022881674,93.78227848101265,3291.4116736012365,93.90791139240507,3253.067124612026,93.41708860759493,3224.060865641228,93.42981012658228
55,3159.1818426719815,92.23164556962026,3288.5656644392216,93.51107594936708,3128.078022881674,93.52943037974684,3291.4116736012365,93.47784810126582,3253.067124612026,93.21740506329114,3224.060865641228,93.19348101265822
56,3130.5323003616654,92.58449367088608,3288.5656644392216,93.68101265822784,3099.7339306986305,92.8743670886076,3268.3570136699677,93.6996835443038,3253.067124612026,93.14810126582279,3208.0512067563022,93.19753164556963
57,3130.5323003616654,92.57689873417722,3288.5656644392216,93.59905063291139,3099.0070725792057,92.84651898734177,3268.3570136699677,94.0129746835443,3253.067124612026,93.2136075949367,3207.9058351324175,93.24981012658228
58,3122.601662230038,92.8253164556962,3288.5656644392216,93.86044303797469,3099.0070725792057,92.72151898734177,3268.3570136699677,93.52753164556962,3253.067124612026,92.85158227848102,3206.3197075060916,93.15727848101267
59,3122.601662230038,92.78417721518987,3288.5656644392216,93.82056962025317,3099.0070725792057,92.1379746835443,3268.3570136699677,93.41867088607594,3253.067124612026,93.05474683544304,3206.3197075060916,93.04322784810128
60,3112.1437277424066,92.89430379746835,3288.5656644392216,93.83544303797468,3099.0070725792057,92.00158227848101,3268.3570136699677,93.25506329113924,3253.067124612026,93.11645569620254,3204.2281206085654,93.02056962025316
61,3085.2446602018495,92.42025316455697,3258.239759556775,93.81772151898734,3048.4548351871013,92.2006329113924,3252.2248514105636,93.3262658227848,3253.067124612026,93.06835443037974,3179.446246193663,92.96664556962025
62,3085.2446602018495,92.8379746835443,3258.239759556775,94.17088607594937,3048.4548351871013,91.80221518987342,3238.773407625988,92.52974683544304,3212.2288269037936,92.7506329113924,3168.5882978951013,92.81829113924051
63,3034.8133120496186,92.78069620253164,3258.239759556775,94.08322784810126,2959.153475403007,91.90981012658227,3238.773407625988,92.44493670886077,3212.2288269037936,92.89525316455696,3140.6417563078367,92.82278481012658
64,3032.584352186535,93.24018987341772,3258.239759556775,93.8110759493671,2959.153475403007,92.15316455696203,3238.773407625988,92.63164556962025,3212.2288269037936,93.03544303797469,3140.1959643352193,92.97430379746837
65,3017.6227128939736,93.02436708860759,3258.239759556775,93.50664556962025,2959.153475403007,92.14208860759494,3238.773407625988,92.12594936708861,3212.2288269037936,93.3256329113924,3137.2036364767073,92.82493670886075
66,3017.6227128939736,92.66329113924051,3258.239759556775,93.80886075949367,2959.153475403007,92.03227848101265,3218.1530142476627,91.91898734177215,3212.2288269037936,93.35411392405064,3133.0795578010425,92.75550632911393
67,3017.6227128939736,93.21898734177215,3149.6871333360323,94.073417721519,2959.153475403007,92.30601265822784,3135.9085330196185,91.81424050632911,3212.2288269037936,93.26803797468355,3094.920136311285,92.93613924050632
68,3017.6227128939736,93.25474683544304,3149.6871333360323,94.06613924050633,2959.153475403007,92.25443037974684,3135.9085330196185,92.01550632911392,3212.2288269037936,93.33259493670886,3094.920136311285,92.9846835443038
69,3017.6227128939736,92.93354430379746,3149.6871333360323,93.90791139240507,2959.153475403007,92.26139240506329,3135.9085330196185,92.1120253164557,3161.5709252461356,93.09462025316456,3084.7885559797533,92.86189873417722
70,3017.6227128939736,92.70664556962025,3149.6871333360323,93.85632911392405,2959.153475403007,92.00822784810127,3135.9085330196185,92.31898734177216,3161.5709252461356,93.26075949367089,3084.7885559797533,92.83018987341772
71,3017.6227128939736,92.34620253164557,3011.6733202288283,93.39082278481013,2959.153475403007,92.58322784810126,3135.9085330196185,92.2623417721519,3153.535440802294,92.8620253164557,3055.5786964695444,92.6889240506329
72,3017.1641710994636,92.19873417721519,3011.6733202288283,93.32278481012658,2959.153475403007,92.67183544303798,3135.9085330196185,92.16012658227848,3151.6516926982654,92.8879746835443,3055.110238489837,92.64829113924051
73,3014.834338159673,92.61518987341772,3011.6733202288283,93.20981012658228,2959.153475403007,92.75189873417722,3092.3049367143144,92.28987341772152,3151.6516926982654,93.12753164556962,3045.923552640818,92.79886075949368
74,3014.834338159673,92.58101265822785,3011.6733202288283,93.14367088607595,2959.153475403007,92.3256329113924,3092.3049367143144,92.3743670886076,3058.837694817141,92.99398734177215,3027.3607530645927,92.68373417721519
75,3014.834338159673,92.23037974683544,3011.6733202288283,93.2863924050633,2744.420826963764,92.22151898734177,3092.3049367143144,92.39208860759494,3058.837694817141,92.89113924050633,2984.4142233767443,92.60430379746836
76,3014.834338159673,91.78164556962025,3011.6733202288283,92.73291139240506,2744.420826963764,92.33924050632912,3092.3049367143144,92.18227848101266,3058.837694817141,93.01518987341773,2984.4142233767443,92.41025316455696
77,3014.834338159673,91.80601265822784,3011.6733202288283,92.62911392405063,2744.420826963764,92.14778481012658,3092.3049367143144,92.04683544303798,3058.837694817141,92.9613924050633,2984.4142233767443,92.31822784810127
78,3014.834338159673,91.99050632911393,3011.6733202288283,92.63892405063291,2744.420826963764,92.50537974683544,3092.3049367143144,92.18955696202532,3058.837694817141,92.8503164556962,2984.4142233767443,92.43493670886076
79,3002.9720570594104,92.19145569620254,3011.6733202288283,93.15696202531646,2744.420826963764,92.67341772151899,3030.5204280640055,92.0376582278481,3058.837694817141,92.47183544303797,2969.6848654266296,92.50626582278483
80,2982.9053744098997,92.19683544303797,3011.6733202288283,93.07689873417722,2744.420826963764,93.04177215189874,3030.5204280640055,91.94778481012658,3058.837694817141,92.95822784810126,2965.6715288967275,92.64430379746835
81,2893.450441419977,91.71550632911392,3011.6733202288283,93.13829113924051,2744.420826963764,93.1373417721519,3030.5204280640055,91.78006329113924,3058.837694817141,92.84810126582279,2947.780542298743,92.52386075949366
82,2893.450441419977,91.56487341772151,3011.6733202288283,93.15443037974684,2744.420826963764,93.17689873417721,3030.5204280640055,92.01107594936708,3058.837694817141,92.52816455696203,2947.780542298743,92.48708860759493
83,2893.450441419977,91.62753164556962,3011.6733202288283,93.25664556962025,2744.420826963764,93.09018987341773,3030.5204280640055,92.06424050632911,3058.837694817141,92.53101265822785,2947.780542298743,92.51392405063291
84,2893.450441419977,91.37689873417722,3011.6733202288283,92.71392405063291,2744.420826963764,93.3006329113924,3030.5204280640055,92.37215189873417,3058.837694817141,92.78607594936709,2947.780542298743,92.50993670886076
85,2880.652145582589,91.38417721518988,3011.6733202288283,92.69082278481012,2744.420826963764,93.18512658227849,3030.5204280640055,92.11930379746835,3058.837694817141,92.79367088607594,2945.2208831312655,92.43462025316455
86,2861.087150321538,91.04050632911392,3011.6733202288283,92.92310126582278,2744.420826963764,93.22120253164557,3030.5204280640055,92.1613924050633,2942.949380947015,92.4503164556962,2918.1302213050303,92.35930379746836
87,2861.087150321538,90.73924050632911,3011.6733202288283,92.89430379746835,2744.420826963764,93.29018987341772,3030.5204280640055,92.40822784810126,2942.949380947015,92.26645569620253,2918.1302213050303,92.31968354430379
88,2861.087150321538,91.175,3009.6645184070762,93.01962025316456,2744.420826963764,93.36107594936709,3030.5204280640055,92.67215189873417,2942.949380947015,92.35601265822785,2917.72846094068,92.51677215189872
89,2861.087150321538,90.91107594936709,3009.6645184070762,92.64367088607595,2744.420826963764,93.62246835443038,3030.5204280640055,92.65411392405063,2942.949380947015,91.91677215189874,2917.72846094068,92.34962025316456
90,2861.087150321538,91.24367088607595,3009.6645184070762,92.36898734177215,2744.420826963764,93.50696202531645,3030.5204280640055,92.8243670886076,2942.949380947015,91.98797468354431,2917.72846094068,92.38639240506329
91,2861.087150321538,91.4506329113924,3009.6645184070762,92.05537974683544,2744.420826963764,93.3253164556962,3030.5204280640055,92.34462025316456,2942.949380947015,92.16708860759493,2917.72846094068,92.26860759493673
92,2820.2514819828907,91.38829113924051,3009.6645184070762,92.26329113924051,2744.420826963764,93.40727848101265,3030.5204280640055,92.4006329113924,2942.949380947015,91.8620253164557,2909.5613272729506,92.26430379746834
93,2820.2514819828907,91.36392405063292,2870.0176578016444,92.38544303797468,2744.420826963764,93.56518987341772,3030.5204280640055,92.44873417721519,2942.949380947015,91.04272151898734,2881.6319551518636,92.16120253164557
94,2820.2514819828907,91.71550632911392,2870.0176578016444,92.35474683544304,2744.420826963764,93.1873417721519,3030.5204280640055,91.76898734177215,2942.949380947015,90.85189873417721,2881.6319551518636,91.97569620253164
95,2820.2514819828907,91.56772151898734,2853.7482308316166,92.07784810126583,2744.420826963764,93.0506329113924,3030.5204280640055,91.5756329113924,2942.949380947015,91.23449367088608,2878.3780697578586,91.90126582278481
96,2820.2514819828907,91.6743670886076,2853.7482308316166,92.27974683544304,2744.420826963764,93.16772151898734,3030.5204280640055,91.9389240506329,2916.481401954978,91.4636075949367,2873.0844739594513,92.10487341772152
97,2820.2514819828907,92.06487341772151,2853.7482308316166,92.67943037974683,2744.420826963764,93.13291139240506,3030.5204280640055,91.698417721519,2916.481401954978,91.43955696202532,2873.0844739594513,92.20303797468355
98,2820.2514819828907,92.04367088607594,2853.7482308316166,92.59208860759493,2744.420826963764,93.08449367088608,2986.4153389518337,91.52278481012658,2916.481401954978,91.33924050632912,2864.263456137017,92.11645569620255
99,2820.2514819828907,92.20949367088608,2853.7482308316166,92.3110759493671,2744.420826963764,93.26012658227847,2986.4153389518337,91.37943037974684,2916.481401954978,91.09905063291139,2864.263456137017,92.05183544303797
100,2820.2514819828907,92.10791139240506,2853.7482308316166,92.62816455696202,2744.420826963764,93.24430379746835,2986.4153389518337,91.67721518987342,2912.5333953688573,91.24272151898734,2863.4738548197925,92.18006329113923
101,2820.2514819828907,91.86139240506328,2853.7482308316166,92.63164556962025,2744.420826963764,93.24050632911393,2986.4153389518337,91.98291139240506,2912.5333953688573,90.94556962025317,2863.4738548197925,92.13240506329115
102,2820.2514819828907,91.45316455696202,2773.321886285485,92.94050632911393,2744.420826963764,92.89936708860759,2986.4153389518337,91.7373417721519,2912.5333953688573,91.4113924050633,2847.388585910566,92.08835443037975
103,2820.2514819828907,91.60443037974683,2773.321886285485,92.60569620253165,2714.3909305814846,92.82721518987341,2986.4153389518337,91.4512658227848,2912.5333953688573,91.43955696202532,2841.3826066341103,91.9856329113924
104,2820.2514819828907,91.64208860759494,2773.321886285485,92.72943037974683,2714.3909305814846,93.06835443037974,2986.4153389518337,91.99620253164557,2832.85780315109,91.30696202531645,2825.4474881905567,92.1486075949367
105,2820.2514819828907,91.85379746835443,2773.321886285485,92.23164556962026,2714.3909305814846,92.84620253164557,2986.4153389518337,92.08924050632912,2832.85780315109,90.89018987341773,2825.4474881905567,91.98221518987343
106,2820.2514819828907,91.69588607594936,2773.321886285485,92.19177215189873,2714.3909305814846,92.24525316455696,2986.4153389518337,92.37373417721518,2818.77249581794,90.79841772151899,2822.630426723927,91.86101265822785
107,2820.2514819828907,91.55727848101266,2773.321886285485,91.77120253164557,2714.3909305814846,91.75031645569621,2986.4153389518337,92.15316455696203,2818.77249581794,90.78829113924051,2822.630426723927,91.6040506329114
108,2820.2514819828907,91.50094936708861,2773.321886285485,91.43037974683544,2714.3909305814846,92.14493670886075,2928.8138208070923,92.18259493670887,2798.417304968054,90.98955696202532,2807.039084925001,91.6496835443038
109,2820.2514819828907,91.20221518987341,2773.321886285485,91.14018987341773,2714.3909305814846,92.19018987341772,2928.8138208070923,92.41455696202532,2798.417304968054,91.0993670886076,2807.039084925001,91.60930379746836
110,2820.2514819828907,90.75601265822785,2773.321886285485,91.53829113924051,2714.3909305814846,92.1882911392405,2928.8138208070923,92.41107594936709,2798.417304968054,91.04588607594937,2807.039084925001,91.58791139240506
111,2820.2514819828907,90.49145569620254,2773.321886285485,91.51645569620253,2695.143974680723,92.19556962025317,2928.8138208070923,92.48860759493671,2798.417304968054,91.04778481012659,2803.189693744849,91.54797468354431
112,2820.2514819828907,89.59240506329114,2773.321886285485,91.25822784810127,2695.143974680723,92.36075949367088,2928.8138208070923,92.56012658227849,2741.799418674812,90.625,2791.866116486201,91.27930379746836
113,2820.2514819828907,90.0370253164557,2773.321886285485,91.61930379746835,2695.143974680723,92.01424050632912,2928.8138208070923,92.28227848101265,2741.799418674812,90.1243670886076,2791.866116486201,91.21544303797468
114,2820.2514819828907,89.93544303797468,2773.321886285485,91.27088607594936,2695.143974680723,92.01075949367089,2928.8138208070923,92.03259493670886,2741.799418674812,89.5379746835443,2791.866116486201,90.95753164556962
115,2820.2514819828907,90.51677215189873,2773.321886285485,91.81044303797468,2695.143974680723,92.10253164556963,2928.8138208070923,91.62911392405063,2701.1308736173914,89.33259493670886,2783.7324074747166,91.0782911392405
116,2820.2514819828907,90.48101265822785,2745.7077119561804,91.44240506329113,2695.143974680723,91.87183544303798,2928.8138208070923,91.27278481012658,2701.1308736173914,89.16708860759493,2778.2095726088555,90.84702531645569
117,2820.2514819828907,90.17816455696203,2745.7077119561804,91.51075949367089,2695.143974680723,91.54810126582278,2928.8138208070923,90.87974683544304,2701.1308736173914,89.79905063291139,2778.2095726088555,90.78316455696202
118,2820.2514819828907,91.01645569620253,2745.7077119561804,91.15917721518987,2695.143974680723,90.99272151898734,2928.8138208070923,89.95379746835442,2636.0820376833253,88.76360759493672,2765.1998054220426,90.37715189873418
119,2820.2514819828907,90.92816455696203,2745.7077119561804,91.72088607594937,2695.143974680723,90.92721518987342,2858.4356885050042,89.3503164556962,2636.0820376833253,88.74177215189873,2751.1241789616247,90.33367088607595
120,2820.2514819828907,90.84905063291139,2745.7077119561804,91.83481012658228,2695.143974680723,91.05822784810127,2858.4356885050042,88.76044303797468,2636.0820376833253,88.70949367088608,2751.1241789616247,90.24240506329116
121,2804.5931612216727,90.73955696202532,2745.7077119561804,91.33544303797468,2614.523089081139,91.39778481012658,2812.935529312062,88.41044303797469,2636.0820376833253,88.69778481012658,2722.768305850876,90.11620253164556
122,2804.5931612216727,91.40886075949368,2745.7077119561804,91.17310126582278,2614.523089081139,91.19240506329113,2801.3923765166005,88.22689873417721,2636.0820376833253,87.88291139240506,2720.4596752917837,89.97683544303797
123,2804.5931612216727,91.64651898734178,2714.5290155056277,90.95316455696202,2595.116073804267,90.52183544303797,2801.3923765166005,88.39462025316456,2636.0820376833253,88.71708860759493,2710.3425329462984,90.04664556962024
124,2804.5931612216727,91.56835443037974,2714.5290155056277,90.8756329113924,2579.833992329046,90.29525316455697,2801.3923765166005,88.39145569620253,2636.0820376833253,88.3256329113924,2707.2861166512544,89.8912658227848
125,2804.5931612216727,90.99778481012659,2714.5290155056277,90.69810126582279,2579.833992329046,90.53575949367088,2764.0272852927465,88.49715189873417,2636.0820376833253,87.95284810126583,2699.8130984064837,89.73632911392404
126,2804.5931612216727,91.04841772151899,2714.5290155056277,90.29493670886076,2535.8337030823714,90.30949367088607,2746.505032485371,88.43322784810127,2636.0820376833253,87.75886075949367,2687.5085899956734,89.56898734177216
127,2757.565573703204,91.52974683544304,2702.1794280777954,90.50949367088607,2535.8337030823714,89.17721518987342,2746.505032485371,88.31835443037974,2636.0820376833253,88.32025316455696,2675.6331550064133,89.57101265822786
128,2757.565573703204,91.6759493670886,2702.1794280777954,90.7629746835443,2535.8337030823714,89.13354430379746,2746.505032485371,88.8,2636.0820376833253,88.19272151898734,2675.6331550064133,89.71303797468354
129,2757.565573703204,91.54841772151899,2702.1794280777954,90.9,2535.8337030823714,89.53417721518987,2746.505032485371,89.18132911392405,2636.0820376833253,88.41740506329114,2675.6331550064133,89.91626582278481
130,2757.565573703204,91.08259493670886,2702.1794280777954,91.40379746835443,2535.8337030823714,90.04462025316455,2746.505032485371,88.77879746835443,2636.0820376833253,88.60696202531645,2675.6331550064133,89.98335443037975
131,2757.565573703204,91.16867088607594,2702.1794280777954,91.89873417721519,2535.8337030823714,89.48386075949367,2746.505032485371,88.95854430379747,2636.0820376833253,88.9503164556962,2675.6331550064133,90.09202531645569
132,2757.565573703204,91.32120253164557,2611.441129049535,91.53417721518987,2535.8337030823714,89.25886075949367,2746.505032485371,88.63291139240506,2636.0820376833253,89.31993670886077,2657.4854952007613,90.01341772151899
133,2757.565573703204,91.68164556962026,2580.0799077837887,91.08227848101266,2535.8337030823714,88.99746835443038,2746.505032485371,88.97246835443038,2636.0820376833253,89.4253164556962,2651.213250947612,90.03183544303798
134,2757.565573703204,91.58575949367089,2580.0799077837887,90.97246835443038,2535.8337030823714,88.73101265822785,2746.505032485371,89.2253164556962,2636.0820376833253,89.25569620253165,2651.213250947612,89.95405063291139
135,2757.565573703204,91.48544303797469,2569.7163597595027,91.28829113924051,2495.9235537286145,89.22689873417721,2647.147129818973,88.85411392405064,2636.0820376833253,89.45,2621.286930938724,90.06094936708861
136,2757.565573703204,91.62531645569621,2569.7163597595027,91.0363924050633,2495.9235537286145,89.15474683544304,2636.4303736786424,88.62341772151899,2636.0820376833253,89.1889240506329,2619.143579710658,89.92575949367088
137,2757.565573703204,91.28955696202532,2569.7163597595027,90.75348101265823,2495.9235537286145,89.3867088607595,2636.4303736786424,88.50537974683544,2636.0820376833253,88.66708860759493,2619.143579710658,89.72044303797468
138,2757.565573703204,91.34651898734177,2569.7163597595027,90.61740506329114,2495.9235537286145,89.36012658227848,2636.4303736786424,88.24968354430379,2636.0820376833253,88.47658227848102,2619.143579710658,89.61006329113926
139,2757.565573703204,90.89240506329114,2569.7163597595027,90.39778481012658,2463.5818369985695,89.34525316455696,2636.4303736786424,88.0740506329114,2636.0820376833253,87.44556962025317,2612.6752363646488,89.23101265822785
140,2757.565573703204,91.37025316455696,2569.7163597595027,90.2382911392405,2463.5818369985695,89.61803797468355,2636.4303736786424,89.225,2636.0820376833253,86.57974683544303,2612.6752363646488,89.40626582278482
141,2757.565573703204,91.40379746835443,2555.5592506199555,90.49493670886076,2463.5818369985695,89.54177215189874,2636.4303736786424,88.58544303797468,2636.0820376833253,87.44778481012658,2609.843814536739,89.49474683544304
142,2757.565573703204,91.17151898734177,2555.5592506199555,90.47563291139241,2463.5818369985695,89.99841772151899,2636.4303736786424,88.68449367088607,2636.0820376833253,86.84715189873418,2609.843814536739,89.4354430379747
143,2604.9460449005296,91.21930379746836,2534.490635627378,90.92056962025316,2463.5818369985695,90.06930379746835,2635.2200454193817,88.72848101265822,2636.0820376833253,87.25886075949367,2574.864120125837,89.63930379746834
144,2604.9460449005296,91.57848101265823,2534.490635627378,91.15316455696203,2414.670198796836,90.04335443037975,2635.2200454193817,88.6867088607595,2636.0820376833253,88.21044303797468,2565.08179248549,89.93443037974683
145,2604.9460449005296,91.28987341772152,2534.490635627378,90.68069620253165,2414.670198796836,90.46455696202531,2635.2200454193817,88.50632911392405,2598.6590954819508,88.72816455696203,2557.597204045215,89.93392405063291
146,2604.9460449005296,90.98006329113925,2534.490635627378,90.8003164556962,2414.670198796836,90.3246835443038,2635.2200454193817,88.36297468354431,2598.6590954819508,88.88006329113924,2557.597204045215,89.86962025316454
147,2604.9460449005296,90.98037974683544,2534.490635627378,90.76803797468355,2414.670198796836,90.28955696202532,2635.2200454193817,88.80917721518988,2598.6590954819508,89.14145569620253,2557.597204045215,89.99772151898733
148,2604.9460449005296,90.89398734177215,2534.490635627378,90.1367088607595,2414.670198796836,89.98069620253165,2635.2200454193817,89.35854430379747,2598.6590954819508,89.07784810126583,2557.597204045215,89.88955696202532
149,2604.9460449005296,91.1990506329114,2406.6692215508865,90.35474683544304,2414.670198796836,89.61139240506328,2635.2200454193817,88.90411392405063,2598.6590954819508,88.43006329113923,2532.032921229917,89.69987341772152
150,2604.9460449005296,91.51740506329114,2406.6692215508865,90.10601265822785,2414.670198796836,89.90569620253164,2635.2200454193817,88.8503164556962,2598.6590954819508,88.75189873417722,2532.032921229917,89.8262658227848
151,2604.9460449005296,91.65664556962025,2406.6692215508865,90.38227848101266,2414.670198796836,90.12943037974684,2635.2200454193817,87.42721518987342,2598.6590954819508,88.15569620253164,2532.032921229917,89.55025316455696
152,2602.791907144335,91.76044303797468,2406.6692215508865,90.63101265822785,2414.670198796836,90.0617088607595,2635.2200454193817,87.08449367088608,2598.6590954819508,88.26867088607595,2531.602093678678,89.5612658227848
153,2602.791907144335,91.60158227848102,2406.6692215508865,90.60632911392405,2414.670198796836,90.5993670886076,2635.2200454193817,87.9873417721519,2598.6590954819508,88.43860759493671,2531.602093678678,89.84664556962025
154,2602.791907144335,91.33006329113924,2406.6692215508865,91.01424050632912,2414.670198796836,90.33892405063291,2635.2200454193817,88.53829113924051,2598.6590954819508,88.57088607594936,2531.602093678678,89.95848101265823
155,2602.791907144335,91.38955696202531,2406.6692215508865,91.30411392405064,2414.670198796836,90.37056962025316,2635.2200454193817,88.14145569620253,2598.6590954819508,88.1009493670886,2531.602093678678,89.86132911392404
156,2602.791907144335,91.3496835443038,2385.0763320063343,91.21835443037975,2414.670198796836,90.72563291139241,2635.2200454193817,88.6623417721519,2453.221189976796,88.4512658227848,2498.1959346687368,90.08145569620253
157,2602.791907144335,91.43322784810127,2385.0763320063343,91.57753164556962,2414.670198796836,90.89082278481013,2635.2200454193817,88.88639240506329,2453.221189976796,88.43512658227849,2498.1959346687368,90.24462025316456
158,2602.791907144335,91.32943037974684,2385.0763320063343,91.00569620253165,2414.670198796836,90.90759493670886,2635.2200454193817,88.5493670886076,2453.221189976796,88.40284810126582,2498.1959346687368,90.03898734177216
159,2602.791907144335,91.1120253164557,2385.0763320063343,90.83386075949367,2414.670198796836,90.93417721518988,2635.2200454193817,88.51075949367089,2453.221189976796,88.14841772151898,2498.1959346687368,89.90784810126583
160,2602.791907144335,90.75126582278482,2385.0763320063343,90.7126582278481,2414.670198796836,90.86613924050633,2635.2200454193817,89.08259493670886,2453.221189976796,87.93924050632911,2498.1959346687368,89.87037974683544
161,2602.791907144335,90.88575949367089,2385.0763320063343,90.62151898734177,2300.2619268662697,90.63481012658228,2635.2200454193817,88.87373417721518,2453.221189976796,87.84620253164557,2475.3142802826233,89.77240506329113
162,2602.791907144335,91.41455696202532,2385.0763320063343,91.34240506329114,2300.2619268662697,90.10316455696203,2635.2200454193817,88.48386075949367,2453.221189976796,88.4626582278481,2475.3142802826233,89.96132911392405
163,2602.791907144335,90.5373417721519,2385.0763320063343,90.91993670886076,2300.2619268662697,89.90854430379747,2635.2200454193817,88.00031645569621,2453.221189976796,88.58259493670886,2475.3142802826233,89.58974683544304
164,2602.791907144335,90.52658227848102,2298.129735825327,91.05822784810127,2300.2619268662697,89.64335443037974,2635.2200454193817,87.74335443037975,2453.221189976796,88.6882911392405,2457.9249610464217,89.53196202531646
165,2602.791907144335,90.64303797468355,2298.129735825327,90.46518987341773,2300.2619268662697,89.45094936708861,2635.2200454193817,87.74588607594937,2453.221189976796,88.81550632911393,2457.9249610464217,89.42411392405064
166,2602.791907144335,90.1003164556962,2298.129735825327,90.21075949367089,2300.2619268662697,89.24050632911393,2635.2200454193817,87.08955696202531,2453.221189976796,88.90348101265823,2457.9249610464217,89.10892405063291
167,2602.791907144335,89.7,2298.129735825327,89.87373417721518,2300.2619268662697,88.93132911392405,2613.4524522150755,87.11487341772153,2453.221189976796,88.78386075949368,2453.5714424055604,88.88075949367088
168,2602.791907144335,89.89240506329114,2298.129735825327,89.02626582278481,2263.4871298022767,88.90126582278481,2613.4524522150755,87.96613924050632,2453.221189976796,88.73386075949367,2446.2164829927615,88.90398734177214
169,2602.791907144335,89.79556962025316,2298.129735825327,89.21867088607596,2218.487315097767,89.13386075949367,2613.4524522150755,87.24430379746835,2453.221189976796,88.35981012658227,2437.21652005186,88.75044303797468
170,2602.791907144335,90.11550632911393,2298.129735825327,89.13037974683544,2191.764261320199,88.51740506329114,2613.4524522150755,86.71455696202531,2453.221189976796,88.54018987341772,2431.8719092963465,88.60360759493672
171,2602.791907144335,90.12215189873417,2298.129735825327,88.95284810126583,2191.764261320199,88.42405063291139,2613.4524522150755,86.72310126582279,2453.221189976796,88.87879746835443,2431.8719092963465,88.62018987341771
172,2602.791907144335,89.75094936708861,2298.129735825327,89.04367088607594,2191.764261320199,88.23101265822785,2613.4524522150755,85.67816455696203,2453.221189976796,89.24145569620254,2431.8719092963465,88.3890506329114
173,2602.791907144335,90.14715189873418,2298.129735825327,88.96455696202531,2191.764261320199,88.34367088607596,2613.4524522150755,85.3006329113924,2453.221189976796,89.0496835443038,2431.8719092963465,88.36113924050633
174,2602.791907144335,89.70759493670886,2298.129735825327,89.46613924050632,2191.764261320199,89.09177215189874,2613.4524522150755,85.8386075949367,2453.221189976796,88.6867088607595,2431.8719092963465,88.55816455696203
175,2602.791907144335,89.89240506329114,2209.6051954664676,89.66424050632911,2191.764261320199,87.801582278481,2613.4524522150755,86.63607594936708,2453.221189976796,88.55601265822784,2414.1670012245745,88.51006329113923
176,2602.791907144335,89.86898734177215,2209.6051954664676,89.41044303797469,2191.764261320199,87.40253164556962,2613.4524522150755,87.36677215189873,2453.221189976796,88.68006329113923,2414.1670012245745,88.54575949367089
177,2602.791907144335,89.95316455696202,2209.6051954664676,89.53227848101265,2191.764261320199,87.4373417721519,2613.4524522150755,87.59462025316456,2453.221189976796,88.85221518987342,2414.1670012245745,88.67392405063292
178,2602.791907144335,89.65569620253164,2209.6051954664676,89.53291139240507,2191.764261320199,87.74778481012659,2613.4524522150755,88.01044303797468,2453.221189976796,88.93386075949367,2414.1670012245745,88.77613924050634
179,2602.791907144335,89.64430379746835,2209.6051954664676,89.28259493670886,2191.764261320199,88.38101265822785,2613.4524522150755,88.19177215189873,2453.221189976796,88.14588607594936,2414.1670012245745,88.72911392405064
180,2602.791907144335,90.05727848101266,2209.6051954664676,89.35506329113925,2191.764261320199,88.3373417721519,2613.4524522150755,88.11835443037975,2453.221189976796,87.41044303797469,2414.1670012245745,88.65569620253166
181,2602.791907144335,90.07310126582279,2209.6051954664676,89.34556962025316,2191.764261320199,88.18481012658228,2613.4524522150755,88.62341772151899,2453.221189976796,87.91518987341772,2414.1670012245745,88.82841772151899
182,2602.791907144335,89.91392405063291,2209.6051954664676,88.47563291139241,2191.764261320199,88.10474683544304,2613.4524522150755,89.28227848101265,2453.221189976796,88.35443037974683,2414.1670012245745,88.82620253164558
183,2602.791907144335,90.17626582278481,2209.6051954664676,88.40569620253164,2191.764261320199,88.4746835443038,2613.4524522150755,89.24177215189873,2453.221189976796,88.70506329113924,2414.1670012245745,89.00069620253164
184,2602.791907144335,89.95284810126583,2209.6051954664676,88.3123417721519,2154.1724181193144,88.63164556962025,2613.4524522150755,89.48006329113925,2453.221189976796,88.59082278481013,2406.6486325843975,88.99354430379746
185,2602.791907144335,89.44462025316456,2209.6051954664676,89.10601265822785,2154.1724181193144,88.68164556962026,2613.4524522150755,89.21170886075949,2453.221189976796,88.22626582278481,2406.6486325843975,88.9340506329114
186,2602.791907144335,89.15443037974684,2209.6051954664676,88.81708860759494,2154.1724181193144,88.63481012658228,2613.4524522150755,89.47341772151898,2453.221189976796,88.27879746835443,2406.6486325843975,88.8717088607595
187,2602.791907144335,89.34208860759493,2209.6051954664676,88.9373417721519,2154.1724181193144,89.0870253164557,2613.4524522150755,88.96487341772152,2453.221189976796,88.22816455696203,2406.6486325843975,88.91189873417723
188,2602.791907144335,89.6503164556962,2209.6051954664676,88.48386075949367,2154.1724181193144,88.9490506329114,2613.4524522150755,88.81898734177216,2453.221189976796,88.198417721519,2406.6486325843975,88.82012658227849
189,2602.791907144335,89.57310126582279,2209.6051954664676,88.17310126582278,2154.1724181193144,88.94367088607595,2613.4524522150755,89.02784810126582,2453.221189976796,87.3120253164557,2406.6486325843975,88.6059493670886
190,2602.791907144335,89.99018987341772,2209.6051954664676,88.68955696202532,2154.1724181193144,89.14303797468355,2613.4524522150755,89.0123417721519,2453.221189976796,86.81677215189873,2406.6486325843975,88.73037974683544
191,2602.791907144335,89.95411392405063,2209.6051954664676,89.22088607594937,2154.1724181193144,89.34841772151898,2613.4524522150755,89.22816455696203,2453.221189976796,86.63955696202531,2406.6486325843975,88.87822784810126
192,2602.791907144335,90.05253164556962,2209.6051954664676,89.32689873417722,2154.1724181193144,89.68575949367089,2613.4524522150755,89.62816455696202,2453.221189976796,86.79430379746836,2406.6486325843975,89.09753164556962
193,2534.9914112307033,89.36139240506328,2209.6051954664676,89.59145569620253,2154.1724181193144,89.3262658227848,2613.4524522150755,89.44556962025317,2453.221189976796,86.80886075949367,2393.088533401671,88.9067088607595
194,2489.5270712200804,89.46170886075949,2209.6051954664676,89.30221518987342,2154.1724181193144,89.31835443037974,2613.4524522150755,89.22689873417721,2453.221189976796,86.3632911392405,2383.9956653995464,88.73449367088607
195,2489.5270712200804,89.44683544303797,2209.6051954664676,89.21455696202531,2154.1724181193144,89.60727848101266,2613.4524522150755,89.47974683544304,2453.221189976796,87.03037974683544,2383.9956653995464,88.95575949367088
196,2489.5270712200804,89.99556962025316,2209.6051954664676,88.90506329113924,2154.1724181193144,89.56139240506329,2613.4524522150755,89.72215189873418,2453.221189976796,86.77436708860759,2383.9956653995464,88.99170886075949
197,2489.5270712200804,89.92879746835443,2209.6051954664676,89.0762658227848,2154.1724181193144,89.63006329113924,2613.4524522150755,89.61740506329114,2453.221189976796,87.54018987341772,2383.9956653995464,89.15854430379747
198,2489.5270712200804,89.99588607594937,2209.6051954664676,88.66677215189874,2154.1724181193144,89.58481012658228,2613.4524522150755,89.75727848101266,2453.221189976796,87.87025316455696,2383.9956653995464,89.175
199,2489.5270712200804,90.49841772151899,2209.6051954664676,88.45601265822785,2154.1724181193144,89.90949367088608,2613.4524522150755,89.46392405063291,2453.221189976796,88.14367088607595,2383.9956653995464,89.29430379746836
200,2489.5270712200804,90.54810126582278,2209.6051954664676,88.71930379746836,2154.1724181193144,89.38924050632912,2613.4524522150755,89.36898734177215,2453.221189976796,87.98449367088608,2383.9956653995464,89.20202531645569
201,2489.5270712200804,90.20379746835442,2209.6051954664676,89.19810126582279,2154.1724181193144,89.27974683544304,2613.4524522150755,89.38259493670886,2453.221189976796,88.00664556962025,2383.9956653995464,89.21417721518988
202,2489.5270712200804,90.34905063291139,2209.6051954664676,89.20348101265823,2154.1724181193144,89.78037974683544,2613.4524522150755,88.9389240506329,2453.221189976796,88.18164556962026,2383.9956653995464,89.29069620253165
203,2489.5270712200804,90.35063291139241,2209.6051954664676,88.53164556962025,2154.1724181193144,90.38829113924051,2613.4524522150755,89.34746835443038,2453.221189976796,87.68575949367089,2383.9956653995464,89.26075949367089
204,2489.5270712200804,90.50474683544304,2209.6051954664676,87.84208860759493,2154.1724181193144,90.46075949367089,2613.4524522150755,89.47151898734177,2453.221189976796,87.66993670886076,2383.9956653995464,89.18981012658227
205,2489.5270712200804,90.55981012658228,2209.6051954664676,87.43196202531645,2154.1724181193144,90.02943037974684,2613.4524522150755,89.24303797468355,2453.221189976796,87.64683544303797,2383.9956653995464,88.98221518987341
206,2489.5270712200804,90.56645569620254,2209.6051954664676,87.68322784810127,2154.1724181193144,90.00917721518988,2613.4524522150755,89.176582278481,2453.221189976796,87.36803797468355,2383.9956653995464,88.96069620253165
207,2489.5270712200804,90.51772151898734,2209.6051954664676,88.08987341772152,2154.1724181193144,90.01613924050633,2613.4524522150755,89.51487341772152,2453.221189976796,88.50348101265823,2383.9956653995464,89.32841772151899
208,2489.5270712200804,90.10063291139241,2209.6051954664676,88.7253164556962,2154.1724181193144,90.46582278481013,2597.8938125829886,89.28259493670886,2453.221189976796,88.35506329113925,2380.883937473129,89.38588607594936
209,2489.5270712200804,89.2987341772152,2209.6051954664676,89.06012658227849,2154.1724181193144,90.49398734177215,2597.8938125829886,88.85253164556963,2453.221189976796,88.36613924050633,2380.883937473129,89.21430379746835
210,2489.5270712200804,89.30886075949367,2209.6051954664676,89.12278481012659,2154.1724181193144,90.5993670886076,2597.8511263853916,88.49873417721518,2453.221189976796,88.66487341772152,2380.8754002336095,89.2389240506329
211,2489.5270712200804,89.16677215189874,2209.6051954664676,88.78037974683544,2154.1724181193144,90.62088607594937,2597.8511263853916,87.88164556962025,2453.221189976796,89.00822784810127,2380.8754002336095,89.09158227848101
212,2475.4218890022366,88.7012658227848,2209.6051954664676,89.56930379746835,2154.1724181193144,90.35063291139241,2597.8511263853916,87.68164556962026,2453.221189976796,88.81613924050633,2378.0543637900414,89.02379746835443
213,2475.4218890022366,88.83670886075949,2209.6051954664676,89.09335443037975,2154.1724181193144,89.83069620253164,2597.8511263853916,87.97310126582279,2453.221189976796,89.35791139240506,2378.0543637900414,89.01835443037974
214,2475.4218890022366,88.96455696202531,2209.6051954664676,88.89651898734178,2154.1724181193144,89.94462025316456,2592.2974974885133,86.99715189873417,2453.221189976796,89.06012658227849,2376.9436380106654,88.77259493670886
215,2475.4218890022366,89.37658227848101,2209.6051954664676,89.72753164556963,2154.1724181193144,90.14113924050633,2592.2974974885133,87.85,2453.221189976796,89.32183544303797,2376.9436380106654,89.28341772151899
216,2475.4218890022366,89.03607594936709,2209.6051954664676,89.8756329113924,2154.1724181193144,89.86930379746835,2592.2974974885133,87.68987341772151,2453.221189976796,89.33386075949367,2376.9436380106654,89.1609493670886
217,2475.4218890022366,89.34272151898735,2209.6051954664676,89.0503164556962,2154.1724181193144,90.33449367088608,2592.2974974885133,87.7993670886076,2453.221189976796,89.07310126582279,2376.9436380106654,89.12
218,2475.4218890022366,89.30886075949367,2209.6051954664676,89.50601265822785,2154.1724181193144,90.54556962025316,2588.3557249658147,88.16329113924051,2453.221189976796,88.4759493670886,2376.1552835061257,89.19993670886076
219,2475.4218890022366,89.51487341772152,2209.6051954664676,89.43101265822784,2154.1724181193144,89.89367088607595,2588.3557249658147,87.42246835443038,2453.221189976796,88.27246835443037,2376.1552835061257,88.90689873417722
220,2475.4218890022366,89.75727848101266,2209.6051954664676,89.85443037974683,2154.1724181193144,90.40632911392404,2588.3557249658147,87.60601265822785,2453.221189976796,88.11867088607595,2376.1552835061257,89.14854430379748
221,2458.8887394135268,89.8743670886076,2209.6051954664676,89.80664556962026,2154.1724181193144,90.65727848101265,2588.3557249658147,87.58892405063291,2453.221189976796,88.87658227848101,2372.848653588384,89.36075949367088
222,2458.8887394135268,90.07911392405063,2209.6051954664676,89.29240506329114,2154.1724181193144,90.08322784810126,2588.3557249658147,86.37278481012659,2453.221189976796,88.52974683544304,2372.848653588384,88.87145569620252
223,2458.8887394135268,90.47088607594937,2209.6051954664676,89.29335443037975,2154.1724181193144,90.38892405063291,2588.3557249658147,86.03164556962025,2453.221189976796,88.86518987341772,2372.848653588384,89.00999999999999
224,2458.8887394135268,90.53291139240507,2209.6051954664676,88.8623417721519,2154.1724181193144,90.21962025316456,2588.3557249658147,86.3620253164557,2453.221189976796,89.32594936708861,2372.848653588384,89.06056962025316
225,2458.8887394135268,90.67310126582278,2209.6051954664676,88.89715189873418,2154.1724181193144,90.35664556962026,2571.838562251448,86.23575949367088,2453.221189976796,89.09746835443038,2369.5452210455105,89.05202531645568
226,2458.8887394135268,89.78829113924051,2209.6051954664676,88.67088607594937,2154.1724181193144,89.96930379746836,2569.032224012392,86.30727848101266,2453.221189976796,89.7993670886076,2368.983953397699,88.90702531645569
227,2379.377372486652,90.29683544303798,2209.6051954664676,88.45664556962025,2154.1724181193144,89.81360759493671,2545.1636588280353,86.28196202531646,2453.221189976796,89.83892405063291,2348.3079669754525,88.93759493670885
228,2379.377372486652,90.25379746835443,2209.6051954664676,88.37088607594937,2154.1724181193144,89.54462025316455,2513.686242960333,86.76487341772152,2453.221189976796,90.28892405063291,2342.0124838019124,89.04462025316457
229,2379.377372486652,90.55,2209.6051954664676,88.70221518987341,2154.1724181193144,89.57310126582279,2513.686242960333,87.34810126582279,2453.221189976796,90.41107594936709,2342.0124838019124,89.31689873417722
230,2379.377372486652,90.91740506329114,2209.6051954664676,88.19430379746835,2154.1724181193144,88.53101265822785,2513.686242960333,87.33892405063291,2453.221189976796,90.26677215189873,2342.0124838019124,89.0496835443038
231,2379.377372486652,90.1993670886076,2209.6051954664676,87.09873417721519,2154.1724181193144,88.39715189873418,2513.686242960333,87.4746835443038,2453.221189976796,90.53481012658227,2342.0124838019124,88.7409493670886
232,2379.377372486652,90.08196202531646,2209.6051954664676,86.66740506329114,2154.1724181193144,88.65854430379747,2513.686242960333,86.84272151898735,2453.221189976796,90.53924050632911,2342.0124838019124,88.5579746835443
233,2379.377372486652,90.04082278481013,2209.6051954664676,86.34841772151898,2154.1724181193144,89.13259493670886,2513.686242960333,87.23259493670886,2453.221189976796,90.30664556962026,2342.0124838019124,88.61221518987342
234,2379.377372486652,90.02594936708861,2209.6051954664676,86.14556962025317,2154.1724181193144,89.35348101265822,2485.8162491302905,87.55537974683544,2453.221189976796,90.0756329113924,2336.438485035904,88.63120253164557
235,2379.377372486652,90.07088607594936,2209.6051954664676,86.17056962025316,2154.1724181193144,89.62373417721518,2485.8162491302905,87.59145569620253,2453.221189976796,89.98892405063292,2336.438485035904,88.68911392405064
236,2379.377372486652,90.31487341772151,2209.6051954664676,86.15601265822785,2004.2219352972343,89.675,2485.8162491302905,87.45854430379747,2453.221189976796,89.90759493670886,2306.4483884714878,88.70240506329114
237,2379.377372486652,90.23164556962026,2209.6051954664676,86.65253164556962,2004.2219352972343,89.34715189873418,2485.8162491302905,87.90506329113924,2453.221189976796,90.18860759493671,2306.4483884714878,88.86500000000001
238,2379.377372486652,89.93544303797468,2209.6051954664676,86.74525316455696,2004.2219352972343,89.63101265822785,2485.8162491302905,88.00822784810127,2453.221189976796,89.72373417721519,2306.4483884714878,88.8087341772152
239,2379.377372486652,89.37911392405063,2209.6051954664676,87.24905063291139,2004.2219352972343,89.27056962025317,2485.8162491302905,87.77088607594936,2453.221189976796,89.55126582278481,2306.4483884714878,88.64417721518987
240,2379.377372486652,89.33006329113924,2209.6051954664676,87.25981012658228,2004.2219352972343,89.40632911392404,2485.8162491302905,88.03924050632911,2453.221189976796,89.21424050632912,2306.4483884714878,88.64993670886076
241,2379.377372486652,89.52056962025317,2209.6051954664676,87.37911392405063,2004.2219352972343,89.22246835443038,2485.8162491302905,87.71392405063291,2453.221189976796,89.08924050632912,2306.4483884714878,88.58506329113924
242,2379.250498568816,89.18987341772151,2209.6051954664676,87.52120253164557,2004.2219352972343,89.42753164556962,2485.8162491302905,87.2876582278481,2453.221189976796,88.89873417721519,2306.4230136879205,88.465
243,2379.250498568816,89.43639240506329,2209.6051954664676,87.54810126582278,2004.2219352972343,89.60886075949367,2485.8162491302905,87.3632911392405,2453.221189976796,88.96677215189874,2306.4230136879205,88.5846835443038
244,2379.250498568816,89.30854430379746,2209.6051954664676,87.44493670886077,2004.2219352972343,89.17848101265822,2485.8162491302905,87.7253164556962,2453.221189976796,89.18037974683544,2306.4230136879205,88.56753164556963
245,2379.250498568816,89.78322784810126,2209.6051954664676,86.801582278481,2004.2219352972343,89.2113924050633,2485.8162491302905,87.67753164556962,2453.221189976796,89.30284810126582,2306.4230136879205,88.5553164556962
246,2379.250498568816,89.28132911392404,2209.6051954664676,86.54240506329114,2004.2219352972343,88.53259493670886,2485.8162491302905,87.88132911392405,2453.221189976796,89.38829113924051,2306.4230136879205,88.32518987341771
247,2379.250498568816,89.68512658227849,2209.6051954664676,86.86550632911393,2004.2219352972343,88.86772151898734,2485.8162491302905,87.60917721518987,2453.221189976796,89.10759493670886,2306.4230136879205,88.42702531645571
248,2378.1193179083484,89.23417721518987,2209.6051954664676,86.6993670886076,2004.2219352972343,88.96329113924051,2485.8162491302905,88.13417721518988,2453.221189976796,88.90158227848102,2306.1967775558273,88.38651898734176
249,2378.1193179083484,88.948417721519,2209.6051954664676,86.40284810126582,2004.2219352972343,88.64683544303797,2485.8162491302905,88.00664556962025,2453.221189976796,89.08164556962025,2306.1967775558273,88.21727848101266
250,2378.1193179083484,88.98164556962026,2209.6051954664676,85.90158227848102,2004.2219352972343,88.3493670886076,2485.8162491302905,87.49651898734177,2453.221189976796,89.53322784810126,2306.1967775558273,88.05246835443039
251,2378.1193179083484,89.1756329113924,2209.6051954664676,85.13037974683544,2004.2219352972343,89.13639240506329,2485.8162491302905,87.63386075949367,2453.221189976796,89.48924050632911,2306.1967775558273,88.11310126582278
252,2374.0261964180604,89.00791139240506,2209.6051954664676,85.20221518987341,2004.2219352972343,89.59810126582279,2485.8162491302905,87.50917721518988,2453.221189976796,89.33196202531646,2305.3781532577696,88.12987341772151
253,2374.0261964180604,88.48860759493671,2209.6051954664676,85.54113924050633,2004.2219352972343,89.5487341772152,2485.8162491302905,87.53829113924051,2453.221189976796,89.74810126582278,2305.3781532577696,88.17297468354431
254,2374.0261964180604,88.76740506329114,2209.6051954664676,85.70886075949367,2004.2219352972343,89.10379746835443,2485.8162491302905,87.65569620253164,2453.221189976796,90.02753164556962,2305.3781532577696,88.25265822784812
255,2374.0261964180604,89.05348101265822,2209.6051954664676,86.0506329113924,2004.2219352972343,88.95854430379747,2426.8540298864214,88.04177215189874,2453.221189976796,90.14430379746835,2293.585709408996,88.44974683544304
256,2374.0261964180604,89.35348101265822,2209.6051954664676,86.46645569620253,2004.2219352972343,88.0503164556962,2426.8540298864214,87.66075949367088,2453.221189976796,90.20094936708861,2293.585709408996,88.34639240506328
257,2374.0261964180604,89.10822784810127,2209.6051954664676,87.04050632911392,2004.2219352972343,87.9006329113924,2426.8540298864214,87.76455696202531,2453.221189976796,89.93386075949367,2293.585709408996,88.34955696202532
258,2374.0261964180604,89.29430379746836,2209.6051954664676,87.53354430379747,2004.2219352972343,87.55696202531645,2426.8540298864214,87.35759493670886,2453.221189976796,89.38544303797468,2293.585709408996,88.22556962025317
259,2374.0261964180604,88.63702531645569,2209.6051954664676,87.77594936708861,2004.2219352972343,87.31835443037974,2426.8540298864214,87.91645569620253,2453.221189976796,88.875,2293.585709408996,88.10455696202533
260,2374.0261964180604,88.04556962025316,2206.2825245318686,87.70696202531646,2004.2219352972343,87.79113924050633,2426.8540298864214,88.62088607594937,2453.221189976796,89.49240506329114,2292.921175222076,88.33139240506328
261,2374.0261964180604,87.44240506329113,2139.8128037195042,87.82879746835442,2004.2219352972343,87.3262658227848,2426.8540298864214,88.77120253164557,2453.221189976796,89.54841772151899,2279.627231059603,88.18341772151899
262,2366.971845085763,88.3243670886076,2139.8128037195042,88.13987341772152,2004.2219352972343,87.17753164556962,2426.8540298864214,88.59810126582279,2453.221189976796,89.16867088607594,2278.216360793144,88.2817088607595
263,2366.971845085763,88.41170886075949,2139.8128037195042,88.32120253164557,2004.2219352972343,87.31487341772151,2426.8540298864214,89.10284810126582,2318.653083081327,88.21930379746836,2251.3027394140504,88.27398734177214
264,2366.971845085763,87.6367088607595,2139.8128037195042,88.74651898734177,2004.2219352972343,86.65759493670886,2426.8540298864214,89.33006329113924,2318.653083081327,88.42088607594937,2251.3027394140504,88.15835443037975
265,2366.971845085763,86.9,2139.8128037195042,88.30253164556962,2004.2219352972343,86.8379746835443,2426.8540298864214,89.2617088607595,2318.653083081327,87.95981012658228,2251.3027394140504,87.85240506329113
266,2281.7509322460833,87.5487341772152,2139.8128037195042,88.58164556962025,2001.6999776119114,87.32753164556962,2426.8540298864214,89.37879746835443,2318.653083081327,87.52911392405063,2233.7541653090493,88.07316455696204
267,2281.7509322460833,87.24715189873417,2139.8128037195042,88.37911392405063,2001.6999776119114,86.79810126582278,2426.8540298864214,88.94715189873418,2318.653083081327,88.54082278481013,2233.7541653090493,87.98246835443038
268,2281.7509322460833,87.59367088607596,2139.8128037195042,88.60379746835443,2001.6999776119114,86.99398734177215,2426.8540298864214,88.47120253164557,2318.653083081327,89.31613924050633,2233.7541653090493,88.19575949367089
269,2258.3334652958906,87.51962025316456,2139.8128037195042,88.36708860759494,2001.6999776119114,86.30886075949367,2426.8540298864214,88.67626582278481,2318.653083081327,89.04018987341772,2229.0706719190107,87.98240506329114
270,2201.960391680004,87.44683544303797,2139.8128037195042,88.525,2001.6999776119114,86.4123417721519,2426.8540298864214,88.176582278481,2318.653083081327,89.32594936708861,2217.7960571958333,87.9773417721519
271,2201.960391680004,87.5,2139.8128037195042,88.76962025316456,2001.6999776119114,86.5876582278481,2426.8540298864214,88.2,2318.653083081327,89.63164556962025,2217.7960571958333,88.13778481012658
272,2201.960391680004,88.17689873417721,2139.8128037195042,89.03417721518987,2001.6999776119114,86.64778481012658,2426.8540298864214,88.50316455696202,2318.653083081327,90.20221518987341,2217.7960571958333,88.51284810126582
273,2201.960391680004,87.75474683544304,2139.8128037195042,89.07183544303797,2001.6999776119114,86.55949367088607,2426.8540298864214,88.82151898734178,2318.653083081327,89.84398734177215,2217.7960571958333,88.4103164556962
274,2201.960391680004,88.42721518987342,2139.8128037195042,89.0996835443038,2001.6999776119114,86.47056962025316,2426.8540298864214,88.74177215189873,2318.653083081327,89.64145569620253,2217.7960571958333,88.47613924050633
275,2171.23555051582,88.44145569620254,2139.8128037195042,88.86487341772153,2001.6999776119114,86.20727848101266,2426.8540298864214,88.85,2318.653083081327,89.37468354430379,2211.6510889629963,88.34765822784811
276,2171.23555051582,87.96518987341773,2139.8128037195042,89.1009493670886,2001.6999776119114,86.29462025316455,2426.8540298864214,88.8620253164557,2318.653083081327,89.22246835443038,2211.6510889629963,88.2890506329114
277,2171.23555051582,87.44050632911393,2138.600084910796,88.87658227848101,2001.6999776119114,85.82183544303797,2426.8540298864214,88.48544303797469,2318.653083081327,88.98037974683544,2211.408545201255,87.92094936708861
278,2171.23555051582,87.05632911392405,2136.695203043333,87.79715189873417,1979.0291805122074,85.63829113924051,2426.8540298864214,88.26613924050633,2318.653083081327,88.40917721518987,2206.493409407821,87.43341772151898
279,2171.23555051582,87.34208860759493,2136.695203043333,88.08544303797468,1979.0291805122074,85.48417721518987,2426.8540298864214,88.40348101265823,2318.653083081327,89.25506329113924,2206.493409407821,87.71405063291141
280,2171.23555051582,87.14620253164557,2136.695203043333,88.01898734177215,1979.0291805122074,85.45443037974684,2426.8540298864214,88.73544303797469,2318.653083081327,89.2756329113924,2206.493409407821,87.72613924050633
281,2171.23555051582,86.57879746835442,2136.695203043333,88.15981012658227,1979.0291805122074,85.28196202531646,2426.8540298864214,88.39683544303797,2318.653083081327,89.40601265822785,2206.493409407821,87.56468354430379
282,2171.23555051582,86.75316455696202,2136.695203043333,88.29303797468354,1979.0291805122074,84.65221518987342,2426.8540298864214,88.80284810126582,2270.09208753883,89.04240506329114,2196.781210299322,87.50873417721519
283,2171.23555051582,87.29430379746836,2136.695203043333,87.3879746835443,1979.0291805122074,84.67341772151899,2426.8540298864214,88.78892405063291,2270.09208753883,89.36550632911393,2196.781210299322,87.5020253164557
284,2171.23555051582,87.5129746835443,2136.695203043333,86.15981012658227,1979.0291805122074,85.19651898734178,2426.8540298864214,88.8256329113924,2270.09208753883,89.76075949367089,2196.781210299322,87.49113924050633
285,2171.23555051582,87.22373417721519,2136.695203043333,86.16075949367088,1979.0291805122074,85.23069620253165,2426.8540298864214,88.24778481012659,2270.09208753883,89.49113924050633,2196.781210299322,87.27082278481012
286,2171.23555051582,87.70886075949367,2118.6697689754396,85.77215189873418,1979.0291805122074,84.44556962025317,2426.8540298864214,87.30189873417721,2270.09208753883,89.54367088607594,2193.176123485743,86.95443037974682
287,2171.23555051582,88.02784810126582,2118.6697689754396,86.0886075949367,1979.0291805122074,85.00696202531645,2426.8540298864214,86.5,2270.09208753883,89.65981012658227,2193.176123485743,87.05664556962026
288,2171.23555051582,87.94303797468355,2118.6697689754396,86.4006329113924,1979.0291805122074,85.53037974683544,2426.8540298864214,86.1993670886076,2270.09208753883,89.26360759493672,2193.176123485743,87.06740506329115
289,2171.23555051582,88.29113924050633,2118.6697689754396,86.22088607594937,1979.0291805122074,85.32816455696202,2426.8540298864214,86.35601265822785,2270.09208753883,88.79525316455697,2193.176123485743,86.99829113924051
290,2171.23555051582,88.69335443037974,2118.6697689754396,86.2876582278481,1979.0291805122074,85.60348101265822,2426.8540298864214,86.00601265822785,2270.09208753883,89.09746835443038,2193.176123485743,87.13759493670885
291,2171.23555051582,88.60632911392405,2118.6697689754396,86.37753164556962,1979.0291805122074,85.54430379746836,2426.8540298864214,85.4490506329114,2270.09208753883,88.86930379746835,2193.176123485743,86.96930379746834
292,2171.23555051582,88.73164556962026,2118.6697689754396,86.79272151898734,1966.7883977801744,85.1743670886076,2426.8540298864214,85.77246835443037,2270.09208753883,89.59810126582279,2190.727966939337,87.21386075949367
293,2171.23555051582,88.75443037974684,2118.6697689754396,87.2753164556962,1966.7883977801744,84.15126582278481,2426.8540298864214,86.2506329113924,2270.09208753883,89.54683544303798,2190.727966939337,87.19569620253165
294,2171.23555051582,88.6376582278481,2118.6697689754396,86.78196202531646,1966.7883977801744,84.29556962025316,2426.8540298864214,85.551582278481,2270.09208753883,88.7623417721519,2190.727966939337,86.80582278481013
295,2171.23555051582,88.91645569620253,2118.6697689754396,86.35917721518987,1966.7883977801744,85.2246835443038,2426.8540298864214,85.7120253164557,2270.09208753883,88.57784810126583,2190.727966939337,86.95803797468355
296,2171.23555051582,88.86139240506328,2118.6697689754396,86.01139240506329,1966.7883977801744,85.81075949367089,2426.8540298864214,86.18987341772151,2270.09208753883,88.3240506329114,2190.727966939337,87.03949367088607
297,2171.23555051582,88.92341772151899,2118.6697689754396,86.50284810126583,1966.7883977801744,85.56772151898734,2426.8540298864214,86.11993670886076,2270.09208753883,87.87246835443038,2190.727966939337,86.99727848101267
298,2171.23555051582,89.00379746835443,2118.6697689754396,86.34303797468354,1966.7883977801744,85.74082278481012,2426.8540298864214,86.34303797468354,2270.09208753883,87.37405063291139,2190.727966939337,86.9609493670886
299,2171.23555051582,88.93924050632911,2096.2865716049178,85.95759493670886,1966.7883977801744,85.42816455696203,2426.8540298864214,85.79145569620253,2270.09208753883,86.87784810126583,2186.2513274652324,86.59886075949368
300,2171.23555051582,88.60189873417721,2096.2865716049178,85.8240506329114,1966.7883977801744,85.30537974683544,2426.8540298864214,84.15664556962025,2270.09208753883,86.79651898734177,2186.2513274652324,86.13689873417721
301,2171.23555051582,88.31360759493671,2096.2865716049178,85.69873417721519,1966.7883977801744,84.48892405063292,2426.8540298864214,84.14683544303797,2270.09208753883,87.16455696202532,2186.2513274652324,85.96253164556961
302,2171.23555051582,87.80981012658228,2096.2865716049178,85.6996835443038,1929.5517935986638,83.97120253164557,2426.8540298864214,84.02436708860759,2270.09208753883,86.96170886075949,2178.804006628931,85.69335443037974
303,2171.23555051582,87.53069620253164,2096.2865716049178,85.54556962025316,1885.0237226438985,83.76044303797468,2426.8540298864214,84.06518987341772,2270.09208753883,86.94113924050633,2169.8983924379777,85.56860759493671
304,2171.23555051582,87.93417721518988,2096.2865716049178,86.0123417721519,1884.5532172262115,83.2246835443038,2426.8540298864214,84.39367088607595,2270.09208753883,86.33892405063291,2169.80429135444,85.58075949367088
305,2171.23555051582,87.7129746835443,2096.2865716049178,85.58037974683545,1884.5532172262115,83.04462025316455,2426.8540298864214,85.25537974683544,2270.09208753883,87.74556962025316,2169.80429135444,85.86778481012658
306,2171.23555051582,87.43481012658228,2096.2865716049178,84.30886075949367,1884.5532172262115,83.0123417721519,2426.8540298864214,85.43037974683544,2270.09208753883,88.0620253164557,2169.80429135444,85.6496835443038
307,2171.23555051582,86.8126582278481,2096.2865716049178,84.16550632911392,1884.5532172262115,82.55917721518988,2426.8540298864214,84.2617088607595,2270.09208753883,87.95791139240507,2169.80429135444,85.1513924050633
308,2171.23555051582,86.12373417721518,2096.2865716049178,83.32911392405063,1884.5532172262115,83.76677215189873,2426.8540298864214,84.20537974683545,2270.09208753883,87.575,2169.80429135444,85.0
309,2171.23555051582,87.2506329113924,2096.2865716049178,83.69778481012658,1884.5532172262115,83.66455696202532,2426.8540298864214,84.80569620253165,2270.09208753883,87.27056962025317,2169.80429135444,85.33784810126582
310,2171.23555051582,86.75221518987341,2096.2865716049178,84.15886075949368,1884.5532172262115,83.78037974683544,2426.8540298864214,84.26487341772152,2270.09208753883,87.95886075949367,2169.80429135444,85.38303797468355
311,2171.23555051582,87.13132911392405,2096.2865716049178,84.92816455696203,1884.5532172262115,83.99620253164557,2426.8540298864214,83.80284810126582,2270.09208753883,87.35189873417721,2169.80429135444,85.44208860759493
312,2124.2139439928487,87.4876582278481,2096.2865716049178,84.81613924050633,1884.5532172262115,83.02246835443037,2426.8540298864214,82.39556962025317,2270.09208753883,87.69018987341772,2160.399970049846,85.08240506329113
313,2124.2139439928487,86.70537974683545,2096.2865716049178,85.90727848101265,1884.5532172262115,83.40981012658227,2383.174441239222,82.27056962025317,2270.09208753883,87.57088607594936,2151.6640523204064,85.17278481012659
314,2110.316947545991,87.50537974683544,2096.2865716049178,86.07753164556962,1866.5148256428522,82.57310126582279,2383.174441239222,82.69113924050633,2270.09208753883,87.58670886075949,2145.2769747143625,85.28677215189873
315,2110.316947545991,87.90537974683544,2096.2865716049178,85.56645569620254,1866.5148256428522,82.36993670886076,2383.174441239222,82.36867088607595,2270.09208753883,87.72974683544304,2145.2769747143625,85.18803797468355
316,2110.316947545991,87.86044303797469,2096.2865716049178,85.51550632911392,1866.5148256428522,82.5373417721519,2383.174441239222,81.95284810126583,2270.09208753883,87.40917721518987,2145.2769747143625,85.05506329113923
317,2110.316947545991,87.83006329113924,2096.2865716049178,85.14588607594936,1866.5148256428522,83.46898734177215,2383.174441239222,81.93955696202532,2270.09208753883,86.63037974683544,2145.2769747143625,85.00297468354431
318,2110.316947545991,87.91392405063291,2096.2865716049178,84.83227848101266,1866.5148256428522,83.10854430379747,2383.174441239222,82.10601265822785,2270.09208753883,86.48892405063292,2145.2769747143625,84.88993670886077
319,2110.316947545991,87.96044303797468,2069.9129247465626,84.86075949367088,1866.5148256428522,82.9626582278481,2383.174441239222,82.26835443037974,2270.09208753883,87.13354430379746,2140.0022453426914,85.03715189873417
320,2110.316947545991,88.15949367088608,2069.9129247465626,85.14335443037974,1866.5148256428522,82.55759493670887,2383.174441239222,82.23291139240506,2270.09208753883,87.30284810126582,2140.0022453426914,85.07924050632911
321,2110.316947545991,87.66930379746836,2030.5735042656906,85.11424050632911,1864.134902205369,82.96044303797468,2383.174441239222,82.06360759493671,2270.09208753883,87.51107594936708,2131.658376559021,85.06373417721518
322,2110.316947545991,87.68259493670887,2030.5735042656906,85.87594936708861,1864.134902205369,82.7746835443038,2383.174441239222,82.83829113924051,2270.09208753883,87.9,2131.658376559021,85.41430379746835
323,2110.316947545991,87.04462025316455,2030.5735042656906,86.09873417721519,1826.5987346754866,83.12151898734177,2383.174441239222,83.44873417721519,2270.09208753883,87.6009493670886,2124.1511430530436,85.46291139240508
324,2110.316947545991,87.30664556962026,2030.5735042656906,86.47879746835443,1769.6784757325913,83.73607594936709,2383.174441239222,83.3496835443038,2270.09208753883,87.93955696202532,2112.7670912644653,85.76215189873417
325,2110.316947545991,86.62753164556962,2030.5735042656906,86.30696202531645,1769.6784757325913,84.05759493670887,2383.174441239222,83.551582278481,2270.09208753883,87.58259493670886,2112.7670912644653,85.62525316455697
326,2110.316947545991,86.53955696202532,2030.5735042656906,86.35284810126582,1769.6784757325913,83.8509493670886,2383.174441239222,82.73354430379747,2270.09208753883,87.59651898734177,2112.7670912644653,85.4146835443038
327,2110.316947545991,85.75727848101266,2030.5735042656906,86.2987341772152,1769.6784757325913,83.95158227848101,2383.174441239222,82.74778481012659,2270.09208753883,87.45506329113924,2112.7670912644653,85.24208860759494
328,2110.316947545991,85.9003164556962,2030.5735042656906,86.4623417721519,1769.6784757325913,83.52215189873418,2383.174441239222,83.12056962025316,2270.09208753883,87.43291139240506,2112.7670912644653,85.2876582278481
329,2110.316947545991,85.26867088607595,2008.492144160686,85.93006329113923,1769.6784757325913,82.84303797468354,2383.174441239222,83.96772151898735,2270.09208753883,87.52436708860759,2108.350819243464,85.10677215189874
330,2110.316947545991,84.85411392405064,2008.492144160686,85.70348101265823,1769.6784757325913,82.59715189873418,2370.6603343740576,84.225,2270.09208753883,86.94715189873418,2105.847997870431,84.86537974683544
331,2110.316947545991,85.20822784810126,1996.5993212690046,85.32373417721519,1769.6784757325913,82.45253164556962,2370.6603343740576,84.5617088607595,2270.09208753883,86.07784810126583,2103.4694332920944,84.72481012658228
332,2110.316947545991,85.32215189873418,1996.5993212690046,84.68924050632911,1769.6784757325913,82.3006329113924,2370.6603343740576,85.12405063291139,2270.09208753883,86.26803797468355,2103.4694332920944,84.74082278481012
333,2110.316947545991,85.77246835443037,1996.5993212690046,84.11898734177215,1769.6784757325913,80.49683544303798,2370.6603343740576,85.89240506329114,2270.09208753883,86.83987341772152,2103.4694332920944,84.62411392405063
334,2110.316947545991,86.21455696202531,1996.5993212690046,83.84177215189874,1769.6784757325913,78.14240506329114,2370.6603343740576,85.58987341772152,2270.09208753883,86.84430379746836,2103.4694332920944,84.12658227848101
335,2110.316947545991,86.17341772151899,1996.5993212690046,83.72405063291139,1769.6784757325913,80.20664556962025,2370.6603343740576,85.63354430379746,2270.09208753883,87.51993670886075,2103.4694332920944,84.65151898734177
336,2110.316947545991,85.87246835443038,1996.5993212690046,84.41044303797469,1769.6784757325913,80.48575949367088,2370.6603343740576,84.98892405063292,2270.09208753883,87.0632911392405,2103.4694332920944,84.56417721518987
337,2110.316947545991,86.49240506329114,1996.5993212690046,84.70949367088608,1769.6784757325913,80.02120253164557,2370.6603343740576,85.86360759493671,2270.09208753883,86.64588607594936,2103.4694332920944,84.74651898734177
338,2110.316947545991,86.47183544303797,1996.5993212690046,84.36518987341772,1769.6784757325913,80.05822784810127,2370.6603343740576,85.1879746835443,2270.09208753883,86.77911392405063,2103.4694332920944,84.57246835443038
339,2100.231136196863,86.41012658227848,1996.5993212690046,84.80443037974683,1769.6784757325913,81.07753164556962,2370.6603343740576,85.6367088607595,2270.09208753883,87.23037974683544,2101.452271022269,85.03183544303798
340,2100.231136196863,86.7,1996.5993212690046,83.85443037974683,1769.6784757325913,81.35664556962026,2370.6603343740576,85.86867088607595,2270.09208753883,87.74778481012659,2101.452271022269,85.10550632911392
341,2100.231136196863,86.64430379746835,1996.5993212690046,84.48386075949367,1769.6784757325913,81.25791139240506,2370.6603343740576,86.0370253164557,2270.09208753883,88.14556962025317,2101.452271022269,85.3137341772152
342,2100.231136196863,86.83132911392406,1996.5993212690046,83.69715189873418,1769.6784757325913,80.92721518987342,2370.6603343740576,86.18227848101266,2270.09208753883,87.75569620253165,2101.452271022269,85.07873417721518
343,2100.231136196863,87.27120253164557,1996.5993212690046,84.75443037974684,1769.6784757325913,81.51898734177215,2370.6603343740576,86.35253164556963,2270.09208753883,87.33291139240507,2101.452271022269,85.44601265822784
344,2100.231136196863,87.93924050632911,1958.8982182120478,84.71518987341773,1769.6784757325913,82.38291139240506,2370.6603343740576,86.07278481012658,2270.09208753883,87.08512658227848,2093.9120504108782,85.63905063291138
345,2100.231136196863,87.55632911392405,1958.8982182120478,84.59873417721519,1769.6784757325913,82.10221518987342,2370.6603343740576,86.4759493670886,2270.09208753883,87.5363924050633,2093.9120504108782,85.65392405063291
346,2100.231136196863,87.59905063291139,1958.8982182120478,84.80537974683544,1769.6784757325913,82.51645569620253,2370.6603343740576,86.23259493670886,2270.09208753883,87.33670886075949,2093.9120504108782,85.69803797468353
347,2100.231136196863,87.69588607594936,1958.8982182120478,85.64462025316456,1769.6784757325913,82.60126582278481,2370.6603343740576,86.46708860759493,2270.09208753883,87.98575949367088,2093.9120504108782,86.07892405063289
348,2100.231136196863,87.37278481012659,1958.8982182120478,85.6746835443038,1769.6784757325913,83.18544303797468,2370.6603343740576,86.46518987341773,2270.09208753883,87.41487341772152,2093.9120504108782,86.02259493670887
349,2100.231136196863,87.30379746835443,1958.8982182120478,85.50379746835443,1769.6784757325913,83.16677215189874,2370.6603343740576,86.79810126582278,2270.09208753883,87.52721518987342,2093.9120504108782,86.05993670886076
350,2100.231136196863,87.70759493670886,1958.8982182120478,85.44240506329113,1769.6784757325913,83.03132911392404,2370.6603343740576,86.17341772151899,2270.09208753883,87.74208860759494,2093.9120504108782,86.0193670886076
351,2100.231136196863,87.00379746835443,1958.8982182120478,85.47816455696203,1769.6784757325913,82.57784810126583,2370.6603343740576,85.80696202531645,2179.5055462492223,87.7626582278481,2075.794742152956,85.72588607594938
352,2100.231136196863,86.9136075949367,1958.8982182120478,85.38544303797468,1769.6784757325913,83.55506329113923,2370.6603343740576,85.79525316455697,2179.5055462492223,87.13101265822785,2075.794742152956,85.7560759493671
353,2100.231136196863,86.50886075949367,1958.8982182120478,85.79208860759493,1769.6784757325913,84.38924050632912,2370.6603343740576,85.75126582278482,2179.5055462492223,87.61170886075949,2075.794742152956,86.0106329113924
354,2100.231136196863,87.06455696202532,1958.8982182120478,84.91772151898734,1769.6784757325913,84.86740506329114,2370.6603343740576,86.44683544303797,2179.5055462492223,87.7,2075.794742152956,86.19930379746835
355,2100.231136196863,87.33101265822785,1958.8982182120478,84.36139240506328,1769.6784757325913,84.1993670886076,2370.6603343740576,86.58354430379747,2179.5055462492223,87.36867088607595,2075.794742152956,85.96879746835444
356,2100.231136196863,86.9126582278481,1958.8982182120478,84.38037974683544,1769.6784757325913,84.27088607594936,2370.6603343740576,86.81582278481012,2179.5055462492223,87.45917721518987,2075.794742152956,85.96778481012657
357,2100.231136196863,86.4759493670886,1958.8982182120478,84.87183544303798,1769.6784757325913,84.16930379746836,2370.6603343740576,87.43259493670887,2179.5055462492223,87.68037974683544,2075.794742152956,86.12601265822785
358,2100.231136196863,86.48955696202532,1958.8982182120478,84.8009493670886,1769.6784757325913,84.0743670886076,2370.6603343740576,87.60981012658227,2179.5055462492223,87.22120253164557,2075.794742152956,86.03917721518988
359,2100.231136196863,87.00379746835443,1958.8982182120478,85.62848101265823,1769.6784757325913,84.04145569620253,2370.6603343740576,88.18164556962026,2179.5055462492223,87.1737341772152,2075.794742152956,86.40582278481011
360,2100.231136196863,87.28101265822785,1958.8982182120478,85.2120253164557,1769.6784757325913,84.20189873417722,2370.6603343740576,88.16993670886076,2179.5055462492223,86.17088607594937,2075.794742152956,86.20715189873417
361,2100.231136196863,87.24525316455696,1958.8982182120478,85.57753164556962,1769.6784757325913,84.87784810126583,2370.6603343740576,88.15822784810126,2179.5055462492223,86.84398734177215,2075.794742152956,86.54056962025317
362,2100.231136196863,86.58512658227848,1958.8982182120478,85.03955696202532,1769.6784757325913,85.06044303797468,2370.6603343740576,88.32120253164557,2179.5055462492223,86.77848101265823,2075.794742152956,86.35696202531645
363,2100.231136196863,86.83259493670886,1958.8982182120478,85.13006329113924,1769.6784757325913,84.53829113924051,2370.6603343740576,88.22278481012658,2179.5055462492223,86.9123417721519,2075.794742152956,86.32721518987341
364,2100.231136196863,87.25,1958.8982182120478,85.29683544303798,1769.6784757325913,84.58987341772152,2370.6603343740576,88.65348101265823,2116.2305261194438,86.52689873417721,2063.139738127001,86.463417721519
365,2100.231136196863,87.1990506329114,1958.8982182120478,84.09367088607596,1769.6784757325913,84.66867088607594,2370.6603343740576,88.47025316455696,2116.2305261194438,86.80126582278481,2063.139738127001,86.24658227848101
366,2100.231136196863,86.06867088607595,1958.8982182120478,84.08006329113924,1769.6784757325913,84.8110759493671,2370.6603343740576,87.84335443037975,2116.2305261194438,86.87943037974684,2063.139738127001,85.93651898734177
367,2100.231136196863,85.88575949367089,1958.8982182120478,84.25158227848101,1769.6784757325913,84.9120253164557,2370.6603343740576,88.0623417721519,2116.2305261194438,86.33354430379747,2063.139738127001,85.88905063291139
368,2100.231136196863,85.67879746835443,1958.8982182120478,83.86170886075949,1769.6784757325913,84.33481012658228,2370.6603343740576,87.0386075949367,2116.2305261194438,86.14113924050633,2063.139738127001,85.41101265822785
369,2100.231136196863,85.38512658227847,1958.8982182120478,83.77341772151898,1769.6784757325913,85.04177215189874,2370.6603343740576,87.07056962025317,2116.2305261194438,86.30316455696203,2063.139738127001,85.51481012658226
370,2100.231136196863,86.15759493670886,1958.8982182120478,84.00537974683544,1769.6784757325913,85.323417721519,2370.6603343740576,87.07879746835442,2116.2305261194438,86.33227848101266,2063.139738127001,85.77949367088607
371,2100.231136196863,86.60664556962026,1958.8982182120478,84.01012658227847,1769.6784757325913,85.80569620253165,2370.6603343740576,86.45917721518987,2116.2305261194438,86.11392405063292,2063.139738127001,85.79911392405063
372,2100.231136196863,86.64936708860759,1958.8982182120478,84.0610759493671,1769.6784757325913,86.22405063291139,2370.6603343740576,85.87341772151899,2116.2305261194438,85.85411392405064,2063.139738127001,85.73240506329114
373,2100.231136196863,86.9253164556962,1958.8982182120478,83.84810126582279,1769.6784757325913,85.99873417721518,2370.6603343740576,84.87531645569621,2116.2305261194438,85.55253164556962,2063.139738127001,85.44000000000001
374,2100.231136196863,86.9503164556962,1958.8982182120478,84.03322784810126,1769.6784757325913,85.9759493670886,2370.6603343740576,83.74145569620254,2116.2305261194438,85.69810126582279,2063.139738127001,85.27981012658228
375,2100.231136196863,86.94620253164557,1937.5558976506973,84.90443037974684,1769.6784757325913,86.23386075949367,2370.6603343740576,83.21582278481013,2116.2305261194438,86.35474683544304,2058.8712740147303,85.53101265822787
376,2100.231136196863,86.12816455696202,1937.5558976506973,84.37405063291139,1769.6784757325913,85.81835443037974,2370.6603343740576,83.62215189873417,2116.2305261194438,86.10411392405064,2058.8712740147303,85.20936708860759
377,2100.231136196863,86.41170886075949,1937.5558976506973,84.7753164556962,1769.6784757325913,86.60791139240506,2240.344732529439,83.97310126582279,2116.2305261194438,85.9490506329114,2032.8081536458071,85.54341772151898
378,2100.231136196863,86.6743670886076,1937.5558976506973,84.28449367088608,1769.6784757325913,87.0123417721519,2240.344732529439,83.93575949367089,2116.2305261194438,85.2012658227848,2032.8081536458071,85.42164556962027
379,2100.231136196863,86.95443037974684,1937.5558976506973,85.17974683544304,1769.6784757325913,86.73987341772153,2240.344732529439,83.99272151898734,2116.2305261194438,85.62594936708861,2032.8081536458071,85.69854430379748
380,2100.231136196863,87.15981012658227,1937.5558976506973,84.59620253164557,1769.6784757325913,87.50981012658228,2240.344732529439,82.9636075949367,2116.2305261194438,85.5370253164557,2032.8081536458071,85.55329113924051
381,2100.231136196863,87.60411392405064,1937.5558976506973,84.573417721519,1769.6784757325913,87.68259493670887,2240.344732529439,83.64493670886075,2116.2305261194438,86.01962025316456,2032.8081536458071,85.90493670886076
382,2100.231136196863,87.78575949367088,1904.6791963480334,85.06424050632911,1769.6784757325913,87.67816455696203,2240.344732529439,83.14335443037974,2116.2305261194438,85.71518987341773,2026.232813385274,85.8773417721519
383,2100.231136196863,88.04588607594937,1904.6791963480334,84.31898734177216,1769.6784757325913,87.83132911392406,2240.344732529439,83.3110759493671,2116.2305261194438,86.125,2026.232813385274,85.92645569620252
384,2100.231136196863,88.19145569620254,1904.6791963480334,84.4870253164557,1769.6784757325913,87.19367088607595,2240.344732529439,82.91708860759493,2116.2305261194438,86.32784810126583,2026.232813385274,85.82341772151898
385,2100.231136196863,87.70253164556962,1904.6791963480334,84.83670886075949,1769.6784757325913,87.07183544303797,2240.344732529439,82.76424050632912,2116.2305261194438,86.07215189873418,2026.232813385274,85.68949367088608
386,2100.231136196863,86.74525316455696,1904.6791963480334,84.54398734177215,1769.6784757325913,86.57056962025317,2240.344732529439,82.50158227848101,2116.2305261194438,85.63449367088607,2026.232813385274,85.19917721518986
387,2100.231136196863,86.37626582278482,1904.6791963480334,85.17151898734177,1769.6784757325913,86.80569620253165,2240.344732529439,82.6882911392405,2116.2305261194438,86.08132911392406,2026.232813385274,85.42462025316456
388,2100.231136196863,86.45727848101266,1904.6791963480334,85.13101265822785,1769.6784757325913,86.67911392405064,2240.344732529439,82.89936708860759,2116.2305261194438,85.42911392405064,2026.232813385274,85.31917721518987
389,2100.231136196863,86.7003164556962,1898.4705482064371,84.83829113924051,1769.6784757325913,85.9367088607595,2239.5597962247407,83.075,2116.2305261194438,85.02594936708861,2024.8340964960153,85.11525316455696
390,2100.231136196863,87.15537974683544,1898.4705482064371,84.79841772151899,1769.6784757325913,85.87879746835443,2239.5597962247407,82.64113924050633,2116.2305261194438,84.67626582278481,2024.8340964960153,85.03
391,2100.231136196863,87.54272151898734,1898.4705482064371,85.35348101265822,1769.6784757325913,85.90474683544304,2239.5597962247407,82.53196202531646,2116.2305261194438,84.66613924050633,2024.8340964960153,85.19981012658228
392,2100.231136196863,87.125,1898.4705482064371,86.17626582278481,1769.6784757325913,85.85221518987342,2239.5597962247407,82.37943037974684,2116.2305261194438,84.68512658227849,2024.8340964960153,85.24360759493672
393,2100.231136196863,86.36677215189873,1898.4705482064371,86.33512658227848,1769.6784757325913,85.46898734177215,2239.5597962247407,82.36867088607595,2116.2305261194438,84.70221518987341,2024.8340964960153,85.04835443037975
394,2100.231136196863,86.40379746835443,1898.4705482064371,86.44113924050633,1769.6784757325913,84.81044303797468,2239.5597962247407,82.48797468354431,2113.8152942524844,85.04746835443038,2024.3510501226235,85.03816455696203
395,2100.231136196863,86.99493670886076,1898.4705482064371,85.5886075949367,1769.6784757325913,84.67246835443038,2239.5597962247407,82.76202531645569,2113.8152942524844,84.94873417721519,2024.3510501226235,84.99335443037975
396,2100.231136196863,86.76803797468355,1898.4705482064371,85.90537974683544,1769.6784757325913,84.49430379746835,2239.5597962247407,83.30854430379746,2082.423572294983,84.95284810126583,2018.0727057311233,85.08582278481013
397,2100.231136196863,86.41677215189874,1898.4705482064371,85.92278481012659,1769.6784757325913,85.32278481012658,2212.0450711816334,83.16550632911392,2058.4861577104443,85.31518987341772,2007.7822778055938,85.22860759493669
398,2100.231136196863,87.38069620253165,1898.4705482064371,85.7259493670886,1769.6784757325913,85.68417721518988,2104.679333264748,83.06075949367089,2034.0476304873623,85.29113924050633,1981.4214247776006,85.42854430379747
399,2100.231136196863,87.90284810126582,1898.4705482064371,86.39367088607595,1769.6784757325913,86.11424050632911,2104.679333264748,83.13037974683544,2032.1641595534975,85.31803797468355,1981.0447305908274,85.77183544303797
400,2100.231136196863,87.78607594936709,1898.4705482064371,85.82689873417722,1769.6784757325913,86.48227848101266,2104.679333264748,82.39525316455696,2032.1641595534975,85.0876582278481,1981.0447305908274,85.51563291139242
401,2100.231136196863,87.44462025316456,1898.4705482064371,85.725,1769.6784757325913,85.63639240506329,2104.679333264748,81.97879746835443,2032.1641595534975,85.48069620253165,1981.0447305908274,85.25310126582279
402,2100.231136196863,87.78892405063291,1898.4705482064371,85.20632911392406,1769.6784757325913,85.98322784810127,2104.679333264748,82.13987341772152,2032.1641595534975,85.17911392405064,1981.0447305908274,85.25949367088607
403,2100.231136196863,87.68512658227849,1898.4705482064371,84.88702531645569,1769.6784757325913,85.6256329113924,2104.679333264748,81.82025316455696,2020.3616464338456,84.91550632911392,1978.684227966897,84.98670886075949
404,2100.231136196863,87.57721518987341,1898.4705482064371,84.75537974683544,1769.6784757325913,84.45632911392406,2104.679333264748,81.14208860759494,2020.3616464338456,84.05443037974683,1978.684227966897,84.39708860759492
405,2100.231136196863,88.11012658227848,1898.4705482064371,84.08291139240507,1769.6784757325913,84.36772151898734,2104.679333264748,80.87816455696202,2018.6615531576263,84.57689873417722,1978.3442093116532,84.40316455696203
406,2100.231136196863,88.36139240506328,1898.4705482064371,84.62531645569621,1769.6784757325913,84.34018987341773,2104.679333264748,81.10126582278481,1994.4191344223368,84.58449367088608,1973.4957255645954,84.60253164556961
407,2100.231136196863,88.57088607594936,1898.4705482064371,85.5253164556962,1769.6784757325913,84.9373417721519,2104.679333264748,80.06613924050633,1994.4191344223368,85.16613924050633,1973.4957255645954,84.85316455696201
408,2100.231136196863,88.49810126582278,1898.4705482064371,85.5879746835443,1769.6784757325913,84.99018987341772,2104.679333264748,80.05759493670887,1994.4191344223368,84.86613924050633,1973.4957255645954,84.8
409,2100.231136196863,87.49968354430379,1898.4705482064371,86.05696202531645,1769.6784757325913,84.61107594936709,2104.679333264748,79.76708860759494,1994.4191344223368,85.18481012658228,1973.4957255645954,84.6239240506329
410,2100.231136196863,87.07658227848101,1898.4705482064371,85.99430379746835,1769.6784757325913,84.69651898734178,2104.679333264748,80.698417721519,1994.4191344223368,85.04556962025316,1973.4957255645954,84.70227848101266
411,2100.231136196863,87.10126582278481,1898.4705482064371,85.91329113924051,1769.6784757325913,84.67120253164558,2104.679333264748,80.55189873417721,1994.4191344223368,85.24430379746835,1973.4957255645954,84.69639240506328
412,2100.231136196863,87.03417721518987,1898.4705482064371,86.46835443037975,1769.6784757325913,84.32911392405063,2104.679333264748,81.46993670886076,1994.4191344223368,85.80189873417721,1973.4957255645954,85.02069620253164
413,2100.231136196863,86.94430379746835,1898.4705482064371,87.08291139240507,1769.6784757325913,82.97215189873418,2104.679333264748,81.49715189873417,1994.4191344223368,85.89873417721519,1973.4957255645954,84.87905063291139
414,2100.231136196863,86.6,1898.4705482064371,86.67816455696203,1769.6784757325913,83.2746835443038,2104.679333264748,83.05443037974683,1994.4191344223368,85.44398734177216,1973.4957255645954,85.01025316455696
415,2100.231136196863,86.05822784810127,1898.4705482064371,86.4743670886076,1769.6784757325913,82.30854430379746,2104.679333264748,83.48322784810127,1994.4191344223368,85.8253164556962,1973.4957255645954,84.82993670886076
416,2100.231136196863,84.9993670886076,1898.4705482064371,86.09177215189874,1769.6784757325913,82.75189873417722,2104.679333264748,83.52025316455696,1994.4191344223368,85.91708860759493,1973.4957255645954,84.6560759493671
417,2100.231136196863,85.85537974683544,1898.4705482064371,86.16044303797469,1769.6784757325913,82.24525316455696,2104.679333264748,84.03481012658227,1994.4191344223368,86.16677215189874,1973.4957255645954,84.89253164556962
418,2100.231136196863,86.60696202531645,1898.4705482064371,85.22753164556963,1769.6784757325913,83.38196202531645,2104.679333264748,84.44240506329113,1994.4191344223368,85.58069620253164,1973.4957255645954,85.04791139240506
419,2100.231136196863,86.38955696202531,1869.8420784928019,83.426582278481,1769.6784757325913,83.46930379746836,2104.679333264748,85.41107594936709,1994.4191344223368,86.0256329113924,1967.7700316218682,84.94443037974683
420,2100.231136196863,86.57943037974684,1869.8420784928019,83.8253164556962,1769.6784757325913,84.84113924050632,2104.679333264748,86.35253164556963,1994.4191344223368,86.12784810126583,1967.7700316218682,85.54525316455697
421,2100.231136196863,86.94208860759494,1864.9984279932369,84.2629746835443,1769.6784757325913,85.44082278481012,2104.679333264748,84.85886075949367,1994.4191344223368,86.43987341772151,1966.8013015219553,85.58892405063291
422,2100.231136196863,86.6882911392405,1864.9984279932369,84.73259493670886,1769.6784757325913,85.51740506329114,2104.679333264748,83.09303797468354,1994.4191344223368,86.01613924050633,1966.8013015219553,85.20949367088608
423,2100.231136196863,86.29462025316455,1859.8832937994437,84.57784810126583,1769.6784757325913,85.12911392405063,2104.679333264748,82.47151898734177,1994.4191344223368,85.45569620253164,1965.7782746831967,84.7857594936709
424,2100.231136196863,87.01677215189873,1859.8832937994437,83.15822784810126,1769.6784757325913,85.42943037974683,2104.679333264748,82.02784810126582,1994.4191344223368,85.65791139240507,1965.7782746831967,84.65803797468355
425,2100.231136196863,87.05727848101266,1859.8832937994437,83.74050632911393,1769.6784757325913,85.47784810126582,2104.679333264748,82.28164556962025,1994.4191344223368,86.4113924050633,1965.7782746831967,84.99373417721519
426,2100.231136196863,87.31677215189873,1859.8832937994437,83.76329113924051,1769.6784757325913,86.02373417721519,2104.679333264748,82.34841772151898,1994.4191344223368,86.75949367088607,1965.7782746831967,85.24234177215189
427,2100.231136196863,87.20284810126583,1859.8832937994437,84.06930379746835,1769.6784757325913,86.34272151898735,2104.679333264748,82.72784810126582,1994.4191344223368,86.53291139240507,1965.7782746831967,85.37512658227848
428,2100.231136196863,86.97056962025316,1859.8832937994437,84.575,1769.6784757325913,85.85822784810127,2104.679333264748,82.19746835443038,1994.4191344223368,85.91107594936709,1965.7782746831967,85.10246835443039
429,2100.231136196863,86.89936708860759,1859.8832937994437,84.65759493670886,1769.6784757325913,85.75822784810127,2104.679333264748,83.04398734177215,1994.4191344223368,85.14936708860759,1965.7782746831967,85.1017088607595
430,2100.231136196863,87.1993670886076,1859.8832937994437,84.82943037974684,1769.6784757325913,86.30189873417721,2104.679333264748,83.24398734177215,1994.4191344223368,84.59145569620253,1965.7782746831967,85.23322784810128
431,2100.231136196863,87.61835443037975,1859.8832937994437,84.97183544303797,1769.6784757325913,86.9503164556962,2104.679333264748,83.3262658227848,1994.4191344223368,84.9753164556962,1965.7782746831967,85.56841772151898
432,2100.231136196863,87.37658227848101,1859.8832937994437,84.86424050632911,1769.6784757325913,86.88481012658228,2104.679333264748,83.8623417721519,1994.4191344223368,84.44715189873418,1965.7782746831967,85.4870253164557
433,2100.231136196863,87.32689873417722,1859.8832937994437,84.54303797468354,1769.6784757325913,86.87056962025316,2104.679333264748,84.0993670886076,1994.4191344223368,84.19462025316456,1965.7782746831967,85.40689873417722
434,2100.231136196863,86.85727848101266,1859.8832937994437,84.11518987341772,1769.6784757325913,86.5996835443038,2104.679333264748,84.60759493670886,1994.4191344223368,84.89588607594936,1965.7782746831967,85.41512658227848
435,2100.231136196863,86.44303797468355,1859.8832937994437,84.52310126582279,1769.6784757325913,85.95158227848101,2104.679333264748,84.15917721518987,1994.4191344223368,85.18069620253165,1965.7782746831967,85.25151898734177
436,2100.231136196863,86.93259493670887,1859.8832937994437,84.40759493670886,1769.6784757325913,86.301582278481,2104.679333264748,82.92278481012659,1994.4191344223368,85.8493670886076,1965.7782746831967,85.28278481012659
437,2100.231136196863,87.45443037974684,1859.8832937994437,83.96930379746836,1769.6784757325913,85.1873417721519,2104.679333264748,82.92278481012659,1994.4191344223368,85.92911392405064,1965.7782746831967,85.09259493670886
438,2100.231136196863,87.63607594936708,1859.8832937994437,84.79272151898734,1769.6784757325913,85.14936708860759,2104.679333264748,82.5256329113924,1994.4191344223368,86.61708860759494,1965.7782746831967,85.34417721518987
439,2100.231136196863,87.3373417721519,1859.8832937994437,84.66012658227848,1769.6784757325913,84.66930379746836,2104.679333264748,83.74240506329114,1979.7133886046195,86.64462025316456,1962.8371255196532,85.4107594936709
440,2100.231136196863,87.45316455696202,1859.8832937994437,85.06740506329113,1769.6784757325913,83.62278481012659,2104.679333264748,82.44588607594936,1979.7133886046195,86.86075949367088,1962.8371255196532,85.09
441,2100.231136196863,87.96772151898735,1859.8832937994437,85.22120253164557,1769.6784757325913,83.9367088607595,2104.679333264748,83.14841772151898,1979.7133886046195,87.08892405063291,1962.8371255196532,85.47259493670886
442,2100.231136196863,87.82373417721519,1859.8832937994437,84.63702531645569,1769.6784757325913,84.32911392405063,2104.679333264748,83.50601265822785,1979.7133886046195,87.2259493670886,1962.8371255196532,85.50436708860761
443,2100.231136196863,87.98987341772153,1859.8832937994437,84.51550632911392,1769.6784757325913,83.46867088607596,2104.679333264748,84.01708860759494,1979.7133886046195,86.8003164556962,1962.8371255196532,85.3582911392405
444,2100.231136196863,88.52879746835443,1859.8832937994437,85.49050632911393,1769.6784757325913,83.59556962025316,2104.679333264748,84.49493670886076,1979.7133886046195,87.3867088607595,1962.8371255196532,85.89930379746835
445,2100.231136196863,88.58829113924051,1859.8832937994437,85.28101265822785,1769.6784757325913,84.6256329113924,2104.679333264748,85.04240506329114,1979.7133886046195,87.65949367088608,1962.8371255196532,86.23936708860761
446,2100.231136196863,88.76518987341773,1859.8832937994437,85.2243670886076,1769.6784757325913,85.24683544303798,2104.679333264748,84.72310126582279,1979.7133886046195,87.59398734177215,1962.8371255196532,86.31069620253164
447,2100.231136196863,88.46993670886076,1859.8832937994437,85.71107594936709,1769.6784757325913,85.18037974683544,2104.679333264748,84.62943037974684,1911.881620456757,87.25348101265823,1949.2707718900808,86.24886075949367
448,2100.231136196863,87.74715189873417,1844.7552242440236,84.92278481012659,1769.6784757325913,85.6636075949367,2104.679333264748,85.10063291139241,1911.881620456757,87.88227848101266,1946.2451579789965,86.26329113924051
449,2100.231136196863,88.94335443037974,1844.7552242440236,84.67088607594937,1769.6784757325913,85.83607594936709,2104.679333264748,85.06645569620254,1911.881620456757,88.09525316455696,1946.2451579789965,86.52240506329115
450,2100.231136196863,88.96518987341773,1844.7552242440236,84.31962025316456,1769.6784757325913,85.70253164556962,2104.679333264748,84.71867088607596,1911.881620456757,88.38006329113924,1946.2451579789965,86.41721518987342
451,2100.231136196863,89.31012658227849,1844.7552242440236,83.91898734177215,1769.6784757325913,86.25284810126583,2104.679333264748,85.3117088607595,1911.881620456757,88.36613924050633,1946.2451579789965,86.63196202531647
452,2100.231136196863,89.1882911392405,1844.7552242440236,84.05917721518988,1769.6784757325913,86.63227848101266,2104.679333264748,84.02373417721519,1911.881620456757,88.19145569620254,1946.2451579789965,86.41898734177215
453,2100.231136196863,88.82816455696202,1844.7552242440236,84.70632911392406,1769.6784757325913,86.57594936708861,2104.679333264748,84.0746835443038,1911.881620456757,88.19873417721519,1946.2451579789965,86.47677215189874
454,2100.231136196863,88.52278481012658,1844.7552242440236,84.52373417721519,1769.6784757325913,86.40189873417721,2104.679333264748,83.94746835443038,1911.881620456757,88.29683544303798,1946.2451579789965,86.33854430379748
455,2100.231136196863,87.69082278481012,1844.7552242440236,84.70664556962025,1769.6784757325913,86.86550632911393,2104.679333264748,84.00601265822785,1911.881620456757,88.03987341772152,1946.2451579789965,86.26177215189874
456,2100.231136196863,87.90253164556962,1830.33161759604,84.04588607594937,1769.6784757325913,87.12215189873417,2104.679333264748,84.92405063291139,1911.881620456757,88.20379746835442,1943.3604366494,86.43968354430379
457,2100.231136196863,88.31962025316456,1830.33161759604,85.1503164556962,1769.6784757325913,87.16518987341772,2104.679333264748,84.67879746835443,1911.881620456757,87.97056962025316,1943.3604366494,86.65689873417722
458,2100.231136196863,88.7626582278481,1830.33161759604,85.13322784810127,1769.6784757325913,87.84778481012658,2073.55343860397,84.57183544303797,1911.881620456757,88.04272151898734,1937.1352577172443,86.87164556962026
459,2100.231136196863,89.07056962025317,1829.473584552165,83.29683544303798,1769.6784757325913,87.74398734177215,2073.55343860397,84.75696202531645,1911.881620456757,88.26962025316456,1936.9636511084693,86.62759493670885
460,2100.231136196863,88.26518987341773,1775.3212981785202,82.77341772151898,1769.6784757325913,87.96645569620253,2073.55343860397,84.32310126582279,1911.881620456757,88.4873417721519,1926.1331938337403,86.36310126582278
461,2100.231136196863,87.15569620253164,1775.3212981785202,82.33892405063291,1769.6784757325913,87.49525316455696,2073.55343860397,84.63069620253165,1911.881620456757,88.38164556962025,1926.1331938337403,86.00044303797468
462,2100.231136196863,86.34651898734177,1775.3212981785202,81.24968354430379,1769.6784757325913,86.97626582278481,2073.55343860397,83.05854430379746,1911.881620456757,88.23354430379747,1926.1331938337403,85.17291139240507
463,2100.231136196863,86.79177215189874,1775.3212981785202,80.44208860759494,1769.6784757325913,87.34462025316456,2073.55343860397,81.75759493670886,1911.881620456757,88.13386075949367,1926.1331938337403,84.89398734177216
464,2100.231136196863,86.84683544303797,1775.3212981785202,80.45379746835442,1769.6784757325913,86.77658227848102,2073.55343860397,80.94177215189873,1911.881620456757,88.71455696202531,1926.1331938337403,84.74670886075948
465,2100.231136196863,87.04810126582278,1775.3212981785202,81.17784810126582,1769.6784757325913,87.04050632911392,2073.55343860397,80.5743670886076,1911.881620456757,88.2873417721519,1926.1331938337403,84.8256329113924
466,2100.231136196863,87.35348101265822,1741.887572819298,81.81962025316456,1769.6784757325913,87.19778481012658,2022.2317444671453,79.61803797468355,1911.881620456757,88.51582278481013,1909.1821099345311,84.9009493670886
467,2100.231136196863,88.13702531645569,1741.887572819298,81.2136075949367,1769.6784757325913,87.0117088607595,1982.8718607275987,78.87341772151899,1911.881620456757,87.95506329113924,1901.3101331866214,84.63816455696202
468,2100.231136196863,88.04620253164558,1741.887572819298,81.04208860759493,1769.6784757325913,86.06139240506329,1982.8718607275987,78.24398734177215,1911.881620456757,87.78386075949368,1901.3101331866214,84.23550632911392
469,2100.231136196863,88.12879746835443,1741.887572819298,81.23639240506328,1769.6784757325913,85.13291139240506,1982.8718607275987,77.25411392405063,1911.881620456757,87.67310126582278,1901.3101331866214,83.88506329113923
470,2100.231136196863,87.74430379746835,1741.887572819298,81.55791139240506,1769.6784757325913,83.81487341772151,1982.8718607275987,76.77879746835443,1911.881620456757,86.93006329113923,1901.3101331866214,83.36518987341772
471,2100.231136196863,87.15949367088608,1741.887572819298,81.41329113924051,1769.6784757325913,82.45316455696202,1982.8718607275987,75.79303797468354,1911.881620456757,86.6373417721519,1901.3101331866214,82.69126582278481
472,2100.231136196863,87.54367088607594,1741.887572819298,81.02911392405063,1769.6784757325913,82.85253164556963,1982.8718607275987,75.5879746835443,1911.881620456757,86.80189873417721,1901.3101331866214,82.76303797468354
473,2100.231136196863,87.71170886075949,1741.887572819298,81.04651898734177,1769.6784757325913,83.84683544303797,1982.8718607275987,75.87468354430379,1911.881620456757,86.55981012658228,1901.3101331866214,83.00791139240508
474,2100.231136196863,87.40569620253164,1741.887572819298,81.20253164556962,1769.6784757325913,84.16107594936709,1982.8718607275987,75.38987341772152,1911.881620456757,85.23069620253165,1901.3101331866214,82.6779746835443
475,2100.231136196863,87.92341772151899,1741.887572819298,81.18037974683544,1769.6784757325913,84.03987341772152,1982.8718607275987,75.11455696202532,1911.881620456757,84.65664556962025,1901.3101331866214,82.5829746835443
476,2100.231136196863,87.50189873417722,1741.887572819298,81.3110759493671,1769.6784757325913,84.27373417721519,1982.8718607275987,76.525,1911.881620456757,84.04082278481013,1901.3101331866214,82.73050632911394
477,2100.231136196863,86.92974683544304,1741.887572819298,81.36455696202532,1769.6784757325913,84.38955696202531,1982.8718607275987,77.26424050632912,1905.5327801428048,84.48512658227848,1900.040365123831,82.88664556962024
478,2100.231136196863,85.73101265822785,1741.887572819298,81.5,1769.6784757325913,84.6376582278481,1982.8718607275987,76.68291139240506,1905.5327801428048,84.20537974683545,1900.040365123831,82.5513924050633
479,2100.231136196863,86.41329113924051,1741.887572819298,81.51613924050633,1769.6784757325913,84.91329113924051,1982.8718607275987,76.79240506329114,1905.5327801428048,84.58481012658228,1900.040365123831,82.84398734177216
480,2100.231136196863,86.7243670886076,1741.887572819298,81.77594936708861,1769.6784757325913,85.59841772151898,1982.8718607275987,76.21582278481013,1905.5327801428048,85.18417721518988,1900.040365123831,83.09974683544304
481,2100.231136196863,87.28892405063291,1741.887572819298,82.49620253164557,1769.6784757325913,85.69778481012658,1982.8718607275987,75.65696202531646,1905.5327801428048,84.83006329113924,1900.040365123831,83.19398734177216
482,2100.231136196863,87.56455696202532,1741.887572819298,82.87246835443038,1769.6784757325913,85.72784810126582,1982.8718607275987,75.48259493670886,1905.5327801428048,84.36582278481012,1900.040365123831,83.2026582278481
483,2100.231136196863,87.90411392405063,1741.887572819298,83.03449367088608,1769.6784757325913,85.64588607594936,1982.8718607275987,76.71550632911392,1870.269077860933,84.30854430379746,1892.9876246674569,83.5217088607595
484,2100.231136196863,88.41898734177215,1741.887572819298,84.03892405063291,1769.6784757325913,85.74810126582278,1982.8718607275987,76.39303797468355,1870.269077860933,85.30727848101266,1892.9876246674569,83.9812658227848
485,2100.231136196863,88.72056962025316,1741.887572819298,84.82594936708861,1769.6784757325913,85.27215189873418,1982.8718607275987,76.37753164556962,1870.269077860933,85.99272151898734,1892.9876246674569,84.23778481012657
486,2100.231136196863,88.99113924050633,1741.887572819298,85.17911392405064,1769.6784757325913,84.98196202531645,1982.8718607275987,76.74050632911393,1870.269077860933,86.33829113924051,1892.9876246674569,84.44620253164558
487,2100.231136196863,89.2243670886076,1741.887572819298,85.23417721518987,1769.6784757325913,85.09208860759493,1982.8718607275987,75.37974683544304,1870.269077860933,86.1506329113924,1892.9876246674569,84.21620253164556
488,2100.231136196863,89.3253164556962,1741.887572819298,84.61930379746835,1769.6784757325913,85.18132911392405,1938.2896284090662,74.08196202531646,1870.269077860933,85.97341772151898,1884.0711782037506,83.8362658227848
489,2100.231136196863,89.0870253164557,1741.887572819298,85.26582278481013,1769.6784757325913,84.76455696202531,1938.2896284090662,75.39145569620253,1870.269077860933,85.63860759493672,1884.0711782037506,84.02949367088607
490,2100.231136196863,88.98481012658227,1741.887572819298,85.08196202531646,1769.6784757325913,85.06360759493671,1938.2896284090662,75.82120253164557,1870.269077860933,85.96867088607596,1884.0711782037506,84.18405063291138
491,2100.231136196863,88.69525316455696,1741.887572819298,85.19430379746835,1769.6784757325913,84.91170886075949,1938.2896284090662,75.77753164556962,1870.269077860933,86.13449367088607,1884.0711782037506,84.1426582278481
492,2100.231136196863,88.82594936708861,1741.887572819298,85.48987341772153,1769.6784757325913,84.54018987341772,1897.667767830015,77.34588607594937,1870.269077860933,85.68259493670887,1875.94680608794,84.37689873417722
493,2100.231136196863,88.94113924050633,1741.887572819298,85.63607594936708,1769.6784757325913,84.30696202531645,1897.667767830015,78.06835443037974,1870.269077860933,85.66518987341772,1875.94680608794,84.52354430379746
494,2100.231136196863,89.05,1741.887572819298,85.60759493670886,1769.6784757325913,83.86582278481012,1897.667767830015,78.53291139240507,1870.269077860933,85.86044303797469,1875.94680608794,84.58335443037974
495,2100.231136196863,88.73481012658227,1741.887572819298,86.06487341772151,1769.6784757325913,83.82594936708861,1897.667767830015,78.0873417721519,1870.269077860933,86.60253164556963,1875.94680608794,84.66310126582277
496,2100.231136196863,88.66645569620253,1741.887572819298,85.5756329113924,1769.6784757325913,83.98639240506328,1897.667767830015,77.89683544303797,1870.269077860933,86.2012658227848,1875.94680608794,84.4653164556962
497,2100.231136196863,88.22120253164557,1741.887572819298,85.70189873417722,1769.6784757325913,84.45791139240507,1897.667767830015,79.05221518987342,1870.269077860933,85.65474683544304,1875.94680608794,84.61759493670885
498,2100.231136196863,88.55537974683544,1741.887572819298,86.15348101265823,1769.6784757325913,85.02658227848102,1897.667767830015,79.67120253164558,1870.269077860933,85.09683544303797,1875.94680608794,84.90069620253166
499,2100.231136196863,88.89620253164557,1741.887572819298,86.86930379746835,1769.6784757325913,84.84272151898735,1897.667767830015,80.69050632911393,1870.269077860933,84.57310126582279,1875.94680608794,85.1743670886076
500,2100.231136196863,88.91867088607594,1741.887572819298,87.49493670886076,1769.6784757325913,85.15632911392404,1897.667767830015,81.09588607594937,1870.269077860933,83.96424050632912,1875.94680608794,85.32601265822784
