generation,fitness_run_1,diversity_run_1,fitness_run_2,diversity_run_2,fitness_run_3,diversity_run_3,fitness_run_4,diversity_run_4,fitness_run_5,diversity_run_5,fitness_average,diversity_average
1,3799.49351702372,99.00537974683544,3565.0681057837232,99.01392405063291,3768.270295688659,98.9360759493671,3760.045336945591,98.98227848101266,3689.6843560359303,98.97278481012658,3716.512322295525,98.98208860759493
2,3799.49351702372,98.99208860759494,3565.0681057837232,98.94715189873418,3754.5562511253374,98.98322784810127,3674.2995632539873,98.91962025316455,3689.6843560359303,98.9759493670886,3696.6203586445395,98.9636075949367
3,3606.691705888829,98.95253164556962,3565.0681057837232,98.96075949367089,3610.8705280260688,98.95,3674.2995632539873,98.99145569620254,3689.6843560359303,98.97784810126582,3629.3228517977077,98.96651898734177
4,3606.691705888829,98.99462025316456,3565.0681057837232,98.95537974683545,3610.8705280260688,98.98417721518987,3643.9189180011135,98.90506329113924,3689.6843560359303,98.78259493670886,3623.246722747133,98.92436708860758
5,3606.691705888829,98.94873417721519,3565.0681057837232,98.92310126582278,3607.0294596300714,98.91613924050633,3640.1501516376707,98.97151898734177,3689.6843560359303,98.95506329113924,3621.7247557952446,98.94291139240507
6,3606.691705888829,98.97626582278481,3565.0681057837232,98.9759493670886,3607.0294596300714,98.94556962025317,3640.1501516376707,98.94367088607595,3689.6843560359303,98.99303797468355,3621.7247557952446,98.96689873417722
7,3606.691705888829,98.98164556962026,3565.0681057837232,98.91044303797469,3607.0294596300714,98.96582278481013,3640.1501516376707,98.8996835443038,3665.75518929783,98.9256329113924,3616.9389224476245,98.93664556962025
8,3603.5133006498572,98.96582278481013,3565.0681057837232,98.9503164556962,3607.0294596300714,98.96898734177215,3609.481467011465,98.9629746835443,3665.75518929783,98.9382911392405,3610.1695044745893,98.95727848101265
9,3603.5133006498572,98.9626582278481,3565.0681057837232,98.98797468354431,3607.0294596300714,98.97246835443038,3609.481467011465,98.95791139240507,3662.8941057915863,98.79177215189874,3609.597287773341,98.93455696202531
10,3603.5133006498572,99.00632911392405,3565.0681057837232,98.98386075949367,3607.0294596300714,98.9873417721519,3609.481467011465,98.97816455696203,3651.675833077501,98.99430379746835,3607.353633230524,98.98999999999998
11,3603.5133006498572,98.97405063291139,3565.0681057837232,98.9636075949367,3607.0294596300714,98.98259493670886,3609.481467011465,98.9246835443038,3572.1651421652323,98.95822784810126,3591.45149504807,98.9606329113924
12,3603.5133006498572,99.0,3551.5987435129123,98.99240506329114,3607.0294596300714,98.86993670886076,3609.481467011465,98.93291139240506,3572.1651421652323,98.96930379746836,3588.7576225939074,98.95291139240507
13,3603.5133006498572,98.96867088607596,3551.5987435129123,98.94240506329113,3607.0294596300714,98.9873417721519,3609.481467011465,98.94240506329113,3572.1651421652323,98.94018987341772,3588.7576225939074,98.95620253164557
14,3603.5133006498572,98.95822784810126,3551.5987435129123,98.96582278481013,3607.0294596300714,98.97626582278481,3609.481467011465,98.98291139240506,3572.1651421652323,98.99873417721518,3588.7576225939074,98.9763924050633
15,3523.4630111652054,98.97310126582279,3551.5987435129123,98.99873417721518,3512.0135110298065,98.93987341772151,3609.481467011465,98.97943037974683,3572.1651421652323,98.95696202531646,3553.744374976924,98.96962025316455
16,3522.211002921875,98.91740506329114,3551.5987435129123,98.93037974683544,3425.7312370677737,98.99683544303798,3609.481467011465,98.96107594936709,3465.3436449046894,98.96930379746836,3514.8732190837427,98.955
17,3522.211002921875,98.96708860759493,3551.5987435129123,98.96803797468354,3425.7312370677737,98.92689873417721,3605.8472684941767,98.91329113924051,3465.3436449046894,98.98955696202532,3514.1463793802855,98.95297468354431
18,3522.211002921875,98.94588607594936,3543.8754410842034,98.97246835443038,3425.7312370677737,98.97405063291139,3605.8472684941767,98.96740506329114,3465.3436449046894,98.99018987341772,3512.6017188945434,98.97
19,3522.211002921875,98.95854430379747,3543.8754410842034,98.96708860759493,3425.7312370677737,98.9360759493671,3561.339026189321,98.9379746835443,3465.3436449046894,98.98132911392405,3503.7000704335724,98.95620253164557
20,3522.211002921875,98.78481012658227,3445.953308668062,98.98227848101266,3425.7312370677737,98.98386075949367,3515.1098132766033,98.95537974683545,3465.3436449046894,98.95664556962025,3474.8698013678004,98.93259493670885
21,3522.211002921875,98.98955696202532,3445.953308668062,98.88575949367089,3425.7312370677737,98.97120253164557,3515.1098132766033,98.97816455696203,3465.3436449046894,98.98101265822785,3474.8698013678004,98.96113924050633
22,3522.211002921875,98.94398734177216,3445.953308668062,98.9382911392405,3425.7312370677737,98.9370253164557,3515.1098132766033,98.93860759493671,3465.3436449046894,98.98291139240506,3474.8698013678004,98.94816455696203
23,3522.211002921875,98.95981012658228,3445.953308668062,98.96677215189874,3425.7312370677737,98.95981012658228,3515.1098132766033,98.95253164556962,3465.3436449046894,98.95696202531646,3474.8698013678004,98.95917721518988
24,3522.211002921875,99.02594936708861,3445.953308668062,99.00917721518988,3425.7312370677737,98.94651898734178,3515.1098132766033,98.98132911392405,3465.3436449046894,98.97341772151898,3474.8698013678004,98.98727848101267
25,3522.211002921875,98.98544303797469,3445.953308668062,98.92056962025316,3425.7312370677737,98.9746835443038,3497.936626518253,98.93417721518988,3465.3436449046894,98.96550632911392,3471.4351640161303,98.95607594936709
26,3522.211002921875,98.90822784810126,3445.953308668062,98.9623417721519,3425.7312370677737,99.00791139240506,3497.936626518253,98.98196202531645,3438.5181596446773,98.9503164556962,3466.070066964128,98.96215189873416
27,3522.211002921875,98.95506329113924,3445.953308668062,98.97563291139241,3425.7312370677737,98.99620253164557,3497.936626518253,98.94620253164557,3438.5181596446773,98.98860759493671,3466.070066964128,98.97234177215189
28,3522.211002921875,98.92721518987342,3445.953308668062,98.92689873417721,3425.7312370677737,98.97563291139241,3497.936626518253,98.87151898734177,3438.5181596446773,98.96518987341773,3466.070066964128,98.93329113924052
29,3522.211002921875,98.95949367088608,3445.953308668062,98.91012658227848,3425.7312370677737,98.97215189873418,3497.936626518253,98.92405063291139,3438.5181596446773,98.90601265822785,3466.070066964128,98.93436708860759
30,3522.211002921875,99.01044303797468,3445.953308668062,98.95348101265823,3425.7312370677737,98.95316455696202,3497.936626518253,98.97088607594937,3389.9441960150793,98.95379746835442,3456.355274238208,98.96835443037973
31,3522.211002921875,98.92879746835443,3445.953308668062,98.93924050632911,3425.7312370677737,98.90126582278481,3497.936626518253,98.96708860759493,3389.9441960150793,99.00537974683544,3456.355274238208,98.94835443037974
32,3522.211002921875,98.9743670886076,3445.953308668062,98.99367088607595,3425.7312370677737,98.9626582278481,3497.936626518253,98.96645569620253,3389.9441960150793,98.97151898734177,3456.355274238208,98.97373417721518
33,3522.211002921875,98.96455696202531,3445.953308668062,98.95506329113924,3425.7312370677737,98.96835443037975,3483.7821518366077,98.93006329113923,3389.9441960150793,98.9256329113924,3453.5243793018794,98.94873417721519
34,3522.211002921875,98.94746835443038,3445.953308668062,98.97341772151898,3425.7312370677737,98.96993670886076,3483.7821518366077,98.92721518987342,3389.9441960150793,98.925,3453.5243793018794,98.9486075949367
35,3522.211002921875,98.98417721518987,3445.953308668062,98.93955696202532,3425.7312370677737,99.00506329113924,3483.7821518366077,98.97151898734177,3389.9441960150793,98.99240506329114,3453.5243793018794,98.97854430379746
36,3522.211002921875,99.0,3445.953308668062,98.97974683544304,3425.7312370677737,98.99778481012659,3483.7821518366077,98.97626582278481,3389.9441960150793,98.97088607594937,3453.5243793018794,98.98493670886076
37,3522.211002921875,98.97278481012658,3445.953308668062,98.96867088607596,3425.7312370677737,98.96677215189874,3483.7821518366077,98.99113924050633,3389.9441960150793,98.91550632911392,3453.5243793018794,98.9629746835443
38,3522.211002921875,98.97816455696203,3445.953308668062,98.94208860759494,3425.7312370677737,98.96708860759493,3337.779088669889,98.9376582278481,3389.9441960150793,99.02151898734178,3424.323766668536,98.96930379746836
39,3522.211002921875,98.96993670886076,3445.953308668062,98.98259493670886,3425.7312370677737,98.96012658227848,3337.779088669889,98.95632911392406,3389.9441960150793,98.96392405063291,3424.323766668536,98.96658227848101
40,3503.9318734191147,98.9389240506329,3445.953308668062,98.99240506329114,3425.7312370677737,98.99018987341772,3337.779088669889,98.91075949367088,3389.9441960150793,98.926582278481,3420.667940767984,98.95177215189872
41,3503.9318734191147,98.9882911392405,3445.953308668062,98.9629746835443,3425.7312370677737,98.96424050632912,3337.779088669889,98.94683544303797,3389.9441960150793,98.97120253164557,3420.667940767984,98.9667088607595
42,3503.9318734191147,98.89651898734178,3445.953308668062,98.95474683544303,3425.7312370677737,98.91170886075949,3337.779088669889,98.98386075949367,3389.9441960150793,98.99493670886076,3420.667940767984,98.94835443037974
43,3503.9318734191147,98.90411392405063,3445.953308668062,98.948417721519,3425.7312370677737,98.98164556962026,3337.779088669889,98.9006329113924,3389.9441960150793,98.99367088607595,3420.667940767984,98.94569620253165
44,3503.9318734191147,98.92025316455697,3445.953308668062,98.94462025316456,3425.7312370677737,98.85348101265822,3337.779088669889,98.96518987341773,3389.9441960150793,98.98354430379747,3420.667940767984,98.93341772151899
45,3503.9318734191147,98.99018987341772,3445.953308668062,98.99050632911393,3425.7312370677737,98.89113924050633,3337.779088669889,98.97215189873418,3389.9441960150793,98.89810126582279,3420.667940767984,98.948417721519
46,3503.9318734191147,98.95411392405063,3445.953308668062,98.95253164556962,3425.7312370677737,98.96424050632912,3337.779088669889,98.91455696202532,3389.9441960150793,98.96170886075949,3420.667940767984,98.94943037974683
47,3503.9318734191147,98.93164556962026,3445.953308668062,98.98639240506328,3425.7312370677737,98.98386075949367,3337.779088669889,98.98132911392405,3389.9441960150793,98.91930379746836,3420.667940767984,98.96050632911393
48,3503.9318734191147,98.97120253164557,3445.953308668062,98.96518987341773,3425.7312370677737,98.97310126582279,3337.779088669889,98.96962025316456,3389.9441960150793,98.97911392405064,3420.667940767984,98.97164556962026
49,3503.9318734191147,98.95348101265823,3445.953308668062,98.90949367088608,3425.7312370677737,98.94335443037974,3337.779088669889,98.95,3389.9441960150793,98.98575949367088,3420.667940767984,98.948417721519
50,3503.9318734191147,98.91803797468354,3445.953308668062,98.96930379746836,3425.7312370677737,98.95791139240507,3337.779088669889,98.89367088607595,3389.9441960150793,98.94082278481012,3420.667940767984,98.93594936708861
51,3503.9318734191147,98.97911392405064,3445.953308668062,98.97689873417721,3425.7312370677737,98.92120253164558,3337.779088669889,98.96107594936709,3389.9441960150793,98.97563291139241,3420.667940767984,98.96278481012658
52,3503.9318734191147,98.96518987341773,3445.953308668062,98.975,3425.7312370677737,98.8370253164557,3337.779088669889,98.98227848101266,3389.9441960150793,98.95253164556962,3420.667940767984,98.94240506329113
53,3503.9318734191147,99.00348101265823,3445.953308668062,98.94873417721519,3425.7312370677737,98.98259493670886,3337.779088669889,98.92025316455697,3389.9441960150793,98.93544303797468,3420.667940767984,98.95810126582279
54,3503.9318734191147,98.97405063291139,3445.953308668062,98.948417721519,3425.7312370677737,98.98291139240506,3337.779088669889,99.00759493670886,3389.9441960150793,98.96708860759493,3420.667940767984,98.97601265822784
55,3503.9318734191147,98.9503164556962,3445.953308668062,98.9246835443038,3425.7312370677737,98.96455696202531,3337.779088669889,98.98449367088608,3389.9441960150793,98.94620253164557,3420.667940767984,98.95405063291139
56,3503.9318734191147,98.97341772151898,3445.953308668062,98.99177215189873,3425.7312370677737,98.93417721518988,3337.779088669889,98.9373417721519,3389.9441960150793,98.9759493670886,3420.667940767984,98.96253164556963
57,3503.9318734191147,98.94556962025317,3445.953308668062,98.96645569620253,3425.7312370677737,98.9376582278481,3337.779088669889,98.97784810126582,3389.9441960150793,98.96075949367089,3420.667940767984,98.9576582278481
58,3503.9318734191147,98.95474683544303,3445.953308668062,98.9490506329114,3425.7312370677737,99.00632911392405,3337.779088669889,98.92246835443038,3389.9441960150793,98.93196202531645,3420.667940767984,98.95291139240506
59,3503.9318734191147,98.95443037974684,3445.953308668062,98.97563291139241,3425.7312370677737,98.98987341772153,3337.779088669889,99.00632911392405,3389.9441960150793,98.9367088607595,3420.667940767984,98.97259493670886
60,3503.9318734191147,99.00443037974684,3445.953308668062,98.93639240506329,3425.7312370677737,98.98797468354431,3337.779088669889,98.9743670886076,3389.9441960150793,98.94493670886077,3420.667940767984,98.96962025316456
61,3503.9318734191147,98.95569620253164,3445.953308668062,98.98639240506328,3425.7312370677737,99.00759493670886,3337.779088669889,98.93259493670887,3389.9441960150793,98.95601265822785,3420.667940767984,98.9676582278481
62,3503.9318734191147,98.98132911392405,3445.953308668062,98.92278481012659,3425.7312370677737,98.98575949367088,3337.779088669889,98.94873417721519,3389.9441960150793,98.97120253164557,3420.667940767984,98.96196202531647
63,3503.9318734191147,98.93417721518988,3445.953308668062,98.94651898734178,3425.7312370677737,98.9882911392405,3337.779088669889,98.97056962025316,3389.9441960150793,98.9623417721519,3420.667940767984,98.96037974683544
64,3503.9318734191147,98.9882911392405,3445.953308668062,98.99588607594937,3425.7312370677737,98.93639240506329,3337.779088669889,98.95,3389.9441960150793,98.96677215189874,3420.667940767984,98.96746835443038
65,3503.9318734191147,98.89018987341773,3445.953308668062,98.97025316455696,3425.7312370677737,98.95886075949367,3337.779088669889,98.99018987341772,3389.9441960150793,98.96898734177215,3420.667940767984,98.95569620253164
66,3373.91448527977,98.9613924050633,3445.953308668062,98.94082278481012,3425.7312370677737,99.00727848101266,3337.779088669889,98.96962025316456,3389.9441960150793,98.96962025316456,3394.664463140115,98.96974683544303
67,3373.91448527977,99.01613924050633,3445.953308668062,98.95094936708861,3425.7312370677737,98.98291139240506,3337.779088669889,98.96677215189874,3389.9441960150793,98.97658227848102,3394.664463140115,98.97867088607595
68,3373.91448527977,98.91075949367088,3445.953308668062,98.91898734177215,3425.7312370677737,98.98291139240506,3337.779088669889,98.96170886075949,3389.9441960150793,98.96107594936709,3394.664463140115,98.94708860759492
69,3373.91448527977,98.95474683544303,3445.953308668062,98.95822784810126,3425.7312370677737,98.94177215189873,3337.779088669889,98.98860759493671,3389.9441960150793,98.9636075949367,3394.664463140115,98.9613924050633
70,3373.91448527977,98.96772151898735,3445.953308668062,98.95158227848101,3425.7312370677737,98.96930379746836,3337.779088669889,98.95316455696202,3389.9441960150793,98.92246835443038,3394.664463140115,98.95284810126581
71,3373.91448527977,98.98101265822785,3445.953308668062,98.8496835443038,3425.7312370677737,98.98987341772153,3337.779088669889,98.99018987341772,3389.9441960150793,98.94683544303797,3394.664463140115,98.95151898734177
72,3373.91448527977,98.95601265822785,3364.0359773329005,98.97563291139241,3425.7312370677737,98.99208860759494,3337.779088669889,98.98639240506328,3389.9441960150793,98.94493670886077,3378.2809968730826,98.97101265822785
73,3373.91448527977,98.98417721518987,3364.0359773329005,98.96993670886076,3425.7312370677737,98.9490506329114,3337.779088669889,98.9626582278481,3389.9441960150793,98.96962025316456,3378.2809968730826,98.96708860759495
74,3373.91448527977,98.96075949367089,3364.0359773329005,98.97689873417721,3425.7312370677737,98.98544303797469,3337.779088669889,98.96677215189874,3389.9441960150793,98.9382911392405,3378.2809968730826,98.9656329113924
75,3373.91448527977,98.93924050632911,3364.0359773329005,98.90569620253164,3425.7312370677737,98.93354430379746,3337.779088669889,98.92848101265822,3389.9441960150793,98.94335443037974,3378.2809968730826,98.93006329113923
76,3373.91448527977,98.88987341772152,3364.0359773329005,98.95379746835442,3425.7312370677737,98.96044303797468,3337.779088669889,98.97056962025316,3389.9441960150793,98.97911392405064,3378.2809968730826,98.95075949367089
77,3373.91448527977,98.96518987341773,3364.0359773329005,99.00854430379746,3425.7312370677737,98.97626582278481,3337.779088669889,98.98132911392405,3389.9441960150793,98.97310126582279,3378.2809968730826,98.98088607594937
78,3373.91448527977,98.97246835443038,3364.0359773329005,98.95379746835442,3425.7312370677737,98.96487341772152,3337.779088669889,98.925,3389.9441960150793,98.98291139240506,3378.2809968730826,98.95981012658227
79,3373.91448527977,98.96708860759493,3364.0359773329005,98.9620253164557,3425.7312370677737,98.99778481012659,3337.779088669889,99.01582278481013,3389.9441960150793,98.95379746835442,3378.2809968730826,98.97930379746836
80,3373.91448527977,98.95158227848101,3364.0359773329005,98.95917721518987,3425.7312370677737,98.97784810126582,3337.779088669889,98.98101265822785,3389.9441960150793,98.95379746835442,3378.2809968730826,98.96468354430378
81,3373.91448527977,98.95284810126583,3364.0359773329005,99.00031645569621,3425.7312370677737,98.96487341772152,3337.779088669889,98.948417721519,3389.9441960150793,98.9496835443038,3378.2809968730826,98.96322784810127
82,3373.91448527977,98.98196202531645,3364.0359773329005,99.00632911392405,3425.7312370677737,98.95537974683545,3337.779088669889,98.96424050632912,3389.9441960150793,98.94050632911393,3378.2809968730826,98.9696835443038
83,3373.91448527977,98.93860759493671,3364.0359773329005,98.9629746835443,3425.7312370677737,98.96329113924051,3337.779088669889,98.94462025316456,3389.9441960150793,98.91772151898734,3378.2809968730826,98.94544303797468
84,3373.91448527977,98.9253164556962,3364.0359773329005,98.9629746835443,3425.7312370677737,98.93955696202532,3337.779088669889,98.93354430379746,3389.9441960150793,98.99303797468355,3378.2809968730826,98.95088607594937
85,3373.91448527977,98.96044303797468,3364.0359773329005,98.89462025316456,3419.6396271196686,98.96487341772152,3337.779088669889,98.95537974683545,3389.9441960150793,98.9246835443038,3377.062674883461,98.93999999999998
86,3373.91448527977,98.96930379746836,3364.0359773329005,99.00632911392405,3365.0941899171976,98.98227848101266,3337.779088669889,98.97784810126582,3389.9441960150793,98.96645569620253,3366.1535874429674,98.9804430379747
87,3373.91448527977,98.9753164556962,3364.0359773329005,98.95569620253164,3365.0941899171976,98.94588607594936,3337.779088669889,98.90537974683544,3389.9441960150793,98.95854430379747,3366.1535874429674,98.94816455696201
88,3373.91448527977,98.94113924050633,3364.0359773329005,98.96772151898735,3365.0941899171976,98.975,3337.779088669889,98.91107594936709,3389.9441960150793,98.97215189873418,3366.1535874429674,98.953417721519
89,3373.91448527977,98.97658227848102,3364.0359773329005,98.95379746835442,3365.0941899171976,98.96329113924051,3337.779088669889,98.94177215189873,3389.9441960150793,98.85949367088608,3366.1535874429674,98.93898734177215
90,3373.91448527977,98.89810126582279,3364.0359773329005,98.86455696202532,3365.0941899171976,98.97341772151898,3337.779088669889,98.93639240506329,3389.9441960150793,98.96518987341773,3366.1535874429674,98.92753164556963
91,3373.91448527977,98.9360759493671,3364.0359773329005,98.94177215189873,3365.0941899171976,98.95506329113924,3337.779088669889,98.98639240506328,3389.9441960150793,98.97848101265822,3366.1535874429674,98.95955696202532
92,3373.91448527977,99.02879746835443,3364.0359773329005,98.98101265822785,3365.0941899171976,98.96392405063291,3337.779088669889,98.97848101265822,3389.9441960150793,98.95474683544303,3366.1535874429674,98.98139240506329
93,3373.91448527977,98.84651898734177,3364.0359773329005,98.98322784810127,3365.0941899171976,98.98924050632911,3337.779088669889,98.92405063291139,3389.9441960150793,98.96677215189874,3366.1535874429674,98.94196202531644
94,3373.91448527977,98.97626582278481,3334.252218665942,98.99493670886076,3365.0941899171976,98.97784810126582,3337.779088669889,98.87468354430379,3389.9441960150793,98.98575949367088,3360.1968357095757,98.96189873417723
95,3373.91448527977,98.94113924050633,3334.252218665942,98.92911392405064,3365.0941899171976,98.97658227848102,3337.779088669889,98.94018987341772,3389.9441960150793,98.96677215189874,3360.1968357095757,98.95075949367089
96,3373.91448527977,98.96582278481013,3334.252218665942,98.95632911392406,3365.0941899171976,98.95601265822785,3337.779088669889,98.98069620253165,3389.9441960150793,98.98322784810127,3360.1968357095757,98.96841772151899
97,3373.91448527977,98.96392405063291,3334.252218665942,98.9870253164557,3365.0941899171976,98.88417721518988,3337.779088669889,98.96613924050632,3389.9441960150793,99.0129746835443,3360.1968357095757,98.96284810126582
98,3373.91448527977,98.99050632911393,3334.252218665942,99.0006329113924,3365.0941899171976,98.96044303797468,3337.779088669889,99.00126582278482,3389.9441960150793,98.9503164556962,3360.1968357095757,98.9806329113924
99,3373.91448527977,98.9253164556962,3334.252218665942,98.97658227848102,3365.0941899171976,98.9389240506329,3337.779088669889,98.85063291139241,3389.9441960150793,98.96170886075949,3360.1968357095757,98.9306329113924
100,3373.91448527977,98.93322784810127,3334.252218665942,98.96170886075949,3365.0941899171976,98.95569620253164,3337.779088669889,98.9629746835443,3389.9441960150793,98.98196202531645,3360.1968357095757,98.95911392405063
101,3373.91448527977,98.96012658227848,3334.252218665942,98.98449367088608,3365.0941899171976,98.92974683544304,3337.779088669889,98.98670886075949,3389.9441960150793,98.96424050632912,3360.1968357095757,98.96506329113924
102,3373.91448527977,98.99303797468355,3334.252218665942,98.9623417721519,3365.0941899171976,99.00949367088607,3337.779088669889,98.94367088607595,3389.9441960150793,98.9370253164557,3360.1968357095757,98.96911392405063
103,3373.91448527977,99.01044303797468,3334.252218665942,98.98196202531645,3365.0941899171976,98.93955696202532,3337.779088669889,98.87943037974684,3389.9441960150793,98.99082278481012,3360.1968357095757,98.96044303797468
104,3373.91448527977,98.97974683544304,3334.252218665942,98.94651898734178,3365.0941899171976,98.94367088607595,3337.779088669889,98.975,3389.9441960150793,98.9613924050633,3360.1968357095757,98.96126582278482
105,3373.91448527977,98.98227848101266,3334.252218665942,98.97753164556963,3365.0941899171976,98.9636075949367,3337.779088669889,98.93924050632911,3389.9441960150793,98.91803797468354,3360.1968357095757,98.95613924050633
106,3373.91448527977,98.91677215189874,3334.252218665942,98.88924050632912,3365.0941899171976,98.94082278481012,3337.779088669889,98.9626582278481,3389.9441960150793,98.98196202531645,3360.1968357095757,98.9382911392405
107,3373.91448527977,98.96107594936709,3334.252218665942,98.97278481012658,3365.0941899171976,98.95411392405063,3337.779088669889,98.98132911392405,3389.9441960150793,98.95696202531646,3360.1968357095757,98.96525316455696
108,3373.91448527977,98.93196202531645,3334.252218665942,98.94398734177216,3365.0941899171976,98.99082278481012,3337.779088669889,98.97056962025316,3389.9441960150793,98.96550632911392,3360.1968357095757,98.96056962025315
109,3373.91448527977,98.96392405063291,3334.252218665942,98.96930379746836,3365.0941899171976,98.97341772151898,3337.779088669889,99.01455696202531,3389.9441960150793,98.98987341772153,3360.1968357095757,98.98221518987341
110,3373.91448527977,98.99272151898734,3334.252218665942,98.9759493670886,3365.0941899171976,98.96803797468354,3337.779088669889,98.96170886075949,3389.9441960150793,98.87246835443038,3360.1968357095757,98.95417721518987
111,3373.91448527977,98.9623417721519,3334.252218665942,98.98797468354431,3365.0941899171976,98.98987341772153,3337.779088669889,98.97120253164557,3389.9441960150793,98.93006329113923,3360.1968357095757,98.9682911392405
112,3373.91448527977,98.9882911392405,3334.252218665942,98.94778481012658,3365.0941899171976,98.97215189873418,3337.779088669889,98.95886075949367,3389.9441960150793,98.99335443037975,3360.1968357095757,98.97208860759494
113,3373.91448527977,98.93924050632911,3334.252218665942,98.9493670886076,3365.0941899171976,98.93354430379746,3337.779088669889,98.96645569620253,3389.9441960150793,98.9753164556962,3360.1968357095757,98.95278481012659
114,3373.91448527977,99.00126582278482,3334.252218665942,98.98892405063292,3365.0941899171976,98.98227848101266,3337.779088669889,98.95664556962025,3389.9441960150793,98.98132911392405,3360.1968357095757,98.98208860759493
115,3373.91448527977,98.97025316455696,3334.252218665942,98.97341772151898,3365.0941899171976,98.91455696202532,3337.779088669889,98.92120253164558,3389.9441960150793,98.94208860759494,3360.1968357095757,98.94430379746835
116,3373.91448527977,98.97310126582279,3334.252218665942,98.95727848101266,3365.0941899171976,98.9620253164557,3337.779088669889,99.00284810126583,3389.9441960150793,98.98670886075949,3360.1968357095757,98.97639240506331
117,3373.91448527977,98.98006329113925,3334.252218665942,98.94462025316456,3365.0941899171976,98.94398734177216,3337.779088669889,98.98987341772153,3389.9441960150793,98.97183544303797,3360.1968357095757,98.96607594936708
118,3373.91448527977,98.95221518987341,3334.252218665942,98.98386075949367,3365.0941899171976,98.94493670886077,3337.779088669889,98.95474683544303,3389.9441960150793,98.96993670886076,3360.1968357095757,98.96113924050633
119,3373.91448527977,98.93291139240506,3334.252218665942,98.94208860759494,3365.0941899171976,98.91044303797469,3337.779088669889,98.9496835443038,3389.9441960150793,98.99778481012659,3360.1968357095757,98.94658227848102
120,3373.91448527977,98.96677215189874,3334.252218665942,98.99145569620254,3365.0941899171976,98.91518987341772,3337.779088669889,98.9246835443038,3389.9441960150793,98.94113924050633,3360.1968357095757,98.94784810126582
121,3373.91448527977,98.8996835443038,3334.252218665942,98.98069620253165,3365.0941899171976,98.95316455696202,3337.779088669889,98.97974683544304,3389.9441960150793,98.93449367088607,3360.1968357095757,98.94955696202531
122,3373.91448527977,98.9373417721519,3334.252218665942,98.97088607594937,3365.0941899171976,98.9126582278481,3337.779088669889,98.925,3389.9441960150793,98.9636075949367,3360.1968357095757,98.94189873417722
123,3373.91448527977,98.97753164556963,3334.252218665942,98.9123417721519,3365.0941899171976,98.98607594936709,3337.779088669889,98.97025316455696,3389.9441960150793,98.9882911392405,3360.1968357095757,98.96689873417724
124,3373.91448527977,98.99746835443038,3334.252218665942,98.96518987341773,3365.0941899171976,98.95822784810126,3337.779088669889,98.95474683544303,3389.9441960150793,98.99367088607595,3360.1968357095757,98.97386075949368
125,3373.91448527977,98.89430379746835,3334.252218665942,98.87373417721518,3365.0941899171976,98.98670886075949,3337.779088669889,98.99493670886076,3389.9441960150793,98.99113924050633,3360.1968357095757,98.94816455696203
126,3373.91448527977,98.94335443037974,3334.252218665942,98.96518987341773,3365.0941899171976,98.99430379746835,3337.779088669889,98.97689873417721,3389.9441960150793,98.98544303797469,3360.1968357095757,98.97303797468354
127,3373.91448527977,99.00569620253165,3334.252218665942,98.97120253164557,3365.0941899171976,98.948417721519,3337.779088669889,98.95158227848101,3389.9441960150793,98.92310126582278,3360.1968357095757,98.96
128,3373.91448527977,98.96835443037975,3334.252218665942,98.8996835443038,3365.0941899171976,98.94556962025317,3337.779088669889,98.97943037974683,3389.9441960150793,98.84905063291139,3360.1968357095757,98.92841772151897
129,3373.91448527977,98.99145569620254,3334.252218665942,98.96835443037975,3365.0941899171976,98.87816455696202,3337.779088669889,99.03101265822785,3389.9441960150793,98.99050632911393,3360.1968357095757,98.97189873417722
130,3373.91448527977,98.96740506329114,3334.252218665942,98.98037974683544,3365.0941899171976,98.95791139240507,3337.779088669889,98.9743670886076,3389.9441960150793,98.99145569620254,3360.1968357095757,98.97430379746837
131,3373.91448527977,98.94430379746835,3334.252218665942,98.8139240506329,3365.0941899171976,98.9636075949367,3337.779088669889,98.92626582278481,3389.9441960150793,98.97151898734177,3360.1968357095757,98.9239240506329
132,3373.91448527977,98.99272151898734,3334.252218665942,98.96044303797468,3365.0941899171976,98.93955696202532,3337.779088669889,98.9876582278481,3389.9441960150793,98.96930379746836,3360.1968357095757,98.96993670886076
133,3373.91448527977,98.98639240506328,3334.252218665942,98.98101265822785,3365.0941899171976,98.95253164556962,3337.779088669889,98.9246835443038,3389.9441960150793,98.91867088607594,3360.1968357095757,98.95265822784809
134,3373.91448527977,98.97753164556963,3334.252218665942,98.96487341772152,3365.0941899171976,98.99746835443038,3337.779088669889,98.97310126582279,3389.9441960150793,98.99335443037975,3360.1968357095757,98.9812658227848
135,3373.91448527977,98.96455696202531,3334.252218665942,98.925,3365.0941899171976,98.99145569620254,3337.779088669889,98.98797468354431,3389.9441960150793,98.96930379746836,3360.1968357095757,98.96765822784809
136,3373.91448527977,98.98354430379747,3334.252218665942,98.96867088607596,3365.0941899171976,98.9759493670886,3337.779088669889,98.95791139240507,3389.9441960150793,98.92974683544304,3360.1968357095757,98.96316455696203
137,3373.91448527977,98.94683544303797,3334.252218665942,98.86613924050633,3365.0941899171976,98.96645569620253,3337.779088669889,98.88987341772152,3389.9441960150793,98.93417721518988,3360.1968357095757,98.92069620253164
138,3373.91448527977,98.9743670886076,3334.252218665942,98.96772151898735,3365.0941899171976,98.97753164556963,3337.779088669889,98.99715189873417,3389.9441960150793,98.97341772151898,3360.1968357095757,98.97803797468355
139,3373.91448527977,98.90727848101265,3334.252218665942,98.96107594936709,3365.0941899171976,98.98639240506328,3337.779088669889,98.94145569620254,3389.9441960150793,99.02341772151898,3360.1968357095757,98.9639240506329
140,3373.91448527977,98.95284810126583,3334.252218665942,98.9876582278481,3365.0941899171976,98.95,3337.779088669889,98.94018987341772,3389.9441960150793,98.95696202531646,3360.1968357095757,98.95753164556962
141,3373.91448527977,98.96867088607596,3334.252218665942,99.00094936708861,3338.91463654256,98.98322784810127,3337.779088669889,98.97721518987342,3389.9441960150793,98.9746835443038,3354.9609250346484,98.98094936708861
142,3373.91448527977,98.98227848101266,3334.252218665942,98.92151898734177,3338.91463654256,98.98955696202532,3337.779088669889,98.98006329113925,3389.9441960150793,98.98924050632911,3354.9609250346484,98.97253164556962
143,3373.91448527977,98.9373417721519,3334.252218665942,98.97246835443038,3338.91463654256,98.96645569620253,3337.779088669889,98.99588607594937,3389.9441960150793,98.95379746835442,3354.9609250346484,98.96518987341773
144,3373.91448527977,98.9746835443038,3334.252218665942,98.96455696202531,3338.91463654256,98.90981012658227,3337.779088669889,98.96645569620253,3389.9441960150793,98.99208860759494,3354.9609250346484,98.96151898734176
145,3373.91448527977,98.98006329113925,3334.252218665942,98.96582278481013,3338.91463654256,98.99367088607595,3337.779088669889,98.97341772151898,3389.9441960150793,98.99873417721518,3354.9609250346484,98.9823417721519
146,3373.91448527977,98.86898734177215,3334.252218665942,99.00443037974684,3338.91463654256,98.98101265822785,3337.779088669889,98.96550632911392,3389.9441960150793,98.93639240506329,3354.9609250346484,98.9512658227848
147,3373.91448527977,98.97278481012658,3334.252218665942,98.98955696202532,3338.91463654256,98.98006329113925,3337.779088669889,98.98259493670886,3389.9441960150793,98.98196202531645,3354.9609250346484,98.98139240506327
148,3373.91448527977,98.96993670886076,3334.252218665942,98.97215189873418,3338.91463654256,98.97658227848102,3337.779088669889,98.9882911392405,3389.9441960150793,98.98481012658227,3354.9609250346484,98.97835443037975
149,3373.91448527977,99.00443037974684,3334.252218665942,98.98101265822785,3338.91463654256,99.00506329113924,3337.779088669889,99.00917721518988,3389.9441960150793,98.95917721518987,3354.9609250346484,98.99177215189874
150,3373.91448527977,99.01202531645569,3334.252218665942,98.93481012658228,3338.91463654256,98.94873417721519,3337.779088669889,98.97310126582279,3389.9441960150793,98.9753164556962,3354.9609250346484,98.96879746835442
151,3373.91448527977,98.99335443037975,3334.252218665942,98.90981012658227,3338.91463654256,98.99462025316456,3337.779088669889,98.96645569620253,3389.9441960150793,98.97721518987342,3354.9609250346484,98.9682911392405
152,3373.91448527977,98.9629746835443,3334.252218665942,98.9382911392405,3338.91463654256,98.9506329113924,3337.779088669889,98.96708860759493,3389.9441960150793,98.96803797468354,3354.9609250346484,98.95740506329113
153,3373.91448527977,98.96518987341773,3334.252218665942,98.94810126582279,3338.91463654256,98.96867088607596,3337.779088669889,98.9620253164557,3389.9441960150793,98.95316455696202,3354.9609250346484,98.95943037974685
154,3373.91448527977,98.90284810126582,3334.252218665942,98.94113924050633,3338.91463654256,98.95348101265823,3337.779088669889,98.9379746835443,3389.9441960150793,98.98670886075949,3354.9609250346484,98.94443037974685
155,3373.91448527977,98.95727848101266,3334.252218665942,98.98227848101266,3338.91463654256,98.97183544303797,3337.779088669889,98.93987341772151,3389.9441960150793,98.99177215189873,3354.9609250346484,98.96860759493671
156,3373.91448527977,98.9506329113924,3334.252218665942,98.97943037974683,3338.91463654256,98.9753164556962,3337.779088669889,98.91993670886076,3389.9441960150793,98.98006329113925,3354.9609250346484,98.96107594936709
157,3373.91448527977,98.975,3334.252218665942,98.96803797468354,3338.91463654256,98.91550632911392,3337.779088669889,98.96550632911392,3389.9441960150793,99.01202531645569,3354.9609250346484,98.9672151898734
158,3373.91448527977,98.95094936708861,3334.252218665942,98.97563291139241,3338.91463654256,98.94272151898734,3337.779088669889,98.9623417721519,3389.9441960150793,98.97151898734177,3354.9609250346484,98.96063291139241
159,3373.91448527977,98.99651898734177,3334.252218665942,99.00379746835443,3338.91463654256,98.96107594936709,3337.779088669889,98.96677215189874,3389.9441960150793,98.98955696202532,3354.9609250346484,98.98354430379747
160,3373.91448527977,98.93322784810127,3334.252218665942,98.97974683544304,3338.91463654256,98.96582278481013,3337.779088669889,98.96645569620253,3389.9441960150793,98.92405063291139,3354.9609250346484,98.95386075949368
161,3373.91448527977,98.90221518987342,3334.252218665942,98.98386075949367,3338.91463654256,98.95221518987341,3337.779088669889,98.9626582278481,3389.9441960150793,98.87468354430379,3354.9609250346484,98.93512658227849
162,3373.91448527977,98.95253164556962,3334.252218665942,98.97974683544304,3338.91463654256,98.98101265822785,3337.779088669889,98.93449367088607,3389.9441960150793,98.94082278481012,3354.9609250346484,98.95772151898734
163,3373.91448527977,98.90917721518987,3334.252218665942,98.97183544303797,3338.91463654256,98.95632911392406,3337.779088669889,98.9512658227848,3389.9441960150793,98.98196202531645,3354.9609250346484,98.95411392405065
164,3373.91448527977,98.948417721519,3334.252218665942,98.91803797468354,3338.91463654256,98.84810126582279,3337.779088669889,98.95791139240507,3389.9441960150793,98.96455696202531,3354.9609250346484,98.92740506329115
165,3373.91448527977,98.98006329113925,3334.252218665942,98.95601265822785,3338.91463654256,98.95822784810126,3337.779088669889,98.94651898734178,3389.9441960150793,98.96329113924051,3354.9609250346484,98.96082278481012
166,3373.91448527977,98.94272151898734,3334.252218665942,98.99430379746835,3338.91463654256,98.94651898734178,3337.779088669889,98.90696202531646,3389.9441960150793,98.9753164556962,3354.9609250346484,98.95316455696202
167,3373.91448527977,98.98924050632911,3334.252218665942,99.0006329113924,3338.91463654256,98.99873417721518,3337.779088669889,98.94018987341772,3389.9441960150793,98.97879746835443,3354.9609250346484,98.98151898734177
168,3373.91448527977,98.93354430379746,3334.252218665942,98.96613924050632,3338.91463654256,98.94715189873418,3337.779088669889,99.00189873417722,3389.9441960150793,98.97626582278481,3354.9609250346484,98.965
169,3373.91448527977,98.95601265822785,3334.252218665942,98.93196202531645,3338.91463654256,98.9373417721519,3337.779088669889,98.97658227848102,3389.9441960150793,99.00949367088607,3354.9609250346484,98.96227848101266
170,3373.91448527977,98.96772151898735,3334.252218665942,98.91582278481013,3338.91463654256,98.92784810126582,3337.779088669889,98.96867088607596,3389.9441960150793,98.97373417721519,3354.9609250346484,98.9507594936709
171,3373.91448527977,98.98924050632911,3334.252218665942,98.95094936708861,3338.91463654256,98.94177215189873,3317.344045982325,98.92784810126582,3389.9441960150793,98.98259493670886,3350.8739164971353,98.95848101265824
172,3373.91448527977,98.98892405063292,3334.252218665942,98.98512658227848,3338.91463654256,98.95189873417722,3317.344045982325,98.86677215189873,3389.9441960150793,99.00094936708861,3350.8739164971353,98.95873417721518
173,3338.241104940792,98.90443037974684,3334.252218665942,98.97310126582279,3338.91463654256,99.02911392405063,3317.344045982325,98.9629746835443,3389.9441960150793,99.02721518987342,3343.7392404293396,98.97936708860759
174,3338.241104940792,98.94462025316456,3334.252218665942,98.95791139240507,3338.91463654256,98.94398734177216,3317.344045982325,98.92215189873417,3389.9441960150793,98.9993670886076,3343.7392404293396,98.95360759493671
175,3338.241104940792,98.9490506329114,3334.252218665942,98.87088607594937,3338.91463654256,98.96107594936709,3317.344045982325,98.92056962025316,3389.9441960150793,98.97658227848102,3343.7392404293396,98.9356329113924
176,3338.241104940792,98.96518987341773,3334.252218665942,98.948417721519,3338.91463654256,98.99145569620254,3317.344045982325,98.98322784810127,3389.9441960150793,98.96170886075949,3343.7392404293396,98.97
177,3338.241104940792,98.95284810126583,3334.252218665942,98.98797468354431,3338.91463654256,98.94588607594936,3317.344045982325,98.98006329113925,3389.9441960150793,98.96708860759493,3343.7392404293396,98.96677215189872
178,3338.241104940792,98.93322784810127,3334.252218665942,98.94240506329113,3338.91463654256,99.01044303797468,3317.344045982325,98.96107594936709,3389.9441960150793,98.8243670886076,3343.7392404293396,98.93430379746835
179,3338.241104940792,99.00379746835443,3334.252218665942,98.96329113924051,3338.91463654256,98.97088607594937,3317.344045982325,98.92974683544304,3389.9441960150793,98.95411392405063,3343.7392404293396,98.9643670886076
180,3338.241104940792,98.94715189873418,3334.252218665942,98.97278481012658,3338.91463654256,98.95094936708861,3317.344045982325,99.00822784810127,3389.9441960150793,98.9746835443038,3343.7392404293396,98.97075949367088
181,3338.241104940792,99.01930379746835,3334.252218665942,98.97658227848102,3338.91463654256,98.95759493670886,3317.344045982325,98.94715189873418,3389.9441960150793,98.95569620253164,3343.7392404293396,98.97126582278482
182,3338.241104940792,98.97911392405064,3334.252218665942,98.99082278481012,3338.91463654256,98.95854430379747,3317.344045982325,98.91993670886076,3389.9441960150793,98.98227848101266,3343.7392404293396,98.96613924050632
183,3338.241104940792,98.96392405063291,3334.252218665942,98.93259493670887,3338.91463654256,98.95981012658228,3317.344045982325,98.97626582278481,3389.9441960150793,98.86898734177215,3343.7392404293396,98.9403164556962
184,3338.241104940792,98.926582278481,3334.252218665942,98.95569620253164,3338.91463654256,98.9490506329114,3317.344045982325,99.00379746835443,3389.9441960150793,98.91550632911392,3343.7392404293396,98.95012658227847
185,3338.241104940792,98.91677215189874,3334.252218665942,98.97721518987342,3338.91463654256,98.96708860759493,3317.344045982325,98.94493670886077,3389.9441960150793,98.91424050632911,3343.7392404293396,98.9440506329114
186,3338.241104940792,98.9873417721519,3334.252218665942,98.88481012658228,3338.91463654256,98.9620253164557,3317.344045982325,98.98259493670886,3389.9441960150793,98.97025316455696,3343.7392404293396,98.95740506329113
187,3338.241104940792,98.95316455696202,3334.252218665942,98.89746835443037,3338.91463654256,98.96170886075949,3317.344045982325,98.97183544303797,3389.9441960150793,98.98639240506328,3343.7392404293396,98.95411392405063
188,3338.241104940792,98.9253164556962,3334.252218665942,98.98259493670886,3338.91463654256,98.9506329113924,3317.344045982325,98.98955696202532,3389.9441960150793,98.95601265822785,3343.7392404293396,98.96082278481013
189,3338.241104940792,98.98227848101266,3334.252218665942,98.95886075949367,3338.91463654256,98.99335443037975,3317.344045982325,98.96993670886076,3389.9441960150793,98.96170886075949,3343.7392404293396,98.97322784810127
190,3338.241104940792,98.96993670886076,3334.252218665942,98.9373417721519,3338.91463654256,98.99651898734177,3317.344045982325,98.96708860759493,3389.9441960150793,98.99335443037975,3343.7392404293396,98.97284810126582
191,3338.241104940792,98.948417721519,3334.252218665942,98.95917721518987,3338.91463654256,98.9620253164557,3317.344045982325,98.91677215189874,3389.9441960150793,98.93987341772151,3343.7392404293396,98.94525316455696
192,3338.241104940792,98.99556962025316,3334.252218665942,98.97025316455696,3338.91463654256,98.97183544303797,3317.344045982325,98.98164556962026,3389.9441960150793,98.99651898734177,3343.7392404293396,98.98316455696204
193,3338.241104940792,98.94810126582279,3334.252218665942,98.96677215189874,3338.91463654256,98.93164556962026,3317.344045982325,98.94746835443038,3389.9441960150793,98.93164556962026,3343.7392404293396,98.9451265822785
194,3338.241104940792,98.99145569620254,3334.252218665942,98.99588607594937,3338.91463654256,98.94651898734178,3317.344045982325,99.00379746835443,3389.9441960150793,98.91329113924051,3343.7392404293396,98.97018987341774
195,3338.241104940792,98.82151898734178,3334.252218665942,98.98607594936709,3338.91463654256,98.9870253164557,3317.344045982325,99.00822784810127,3389.9441960150793,98.9743670886076,3343.7392404293396,98.95544303797469
196,3338.241104940792,98.99525316455696,3334.252218665942,98.96550632911392,3338.91463654256,98.94335443037974,3317.344045982325,98.89873417721519,3389.9441960150793,98.96392405063291,3343.7392404293396,98.95335443037975
197,3338.241104940792,98.93101265822784,3334.252218665942,98.97120253164557,3338.91463654256,99.02246835443037,3317.344045982325,99.00601265822785,3389.9441960150793,98.97974683544304,3343.7392404293396,98.98208860759493
198,3338.241104940792,98.91803797468354,3334.252218665942,98.96803797468354,3338.91463654256,98.89272151898734,3317.344045982325,98.96518987341773,3389.9441960150793,98.94462025316456,3343.7392404293396,98.93772151898733
199,3338.241104940792,98.99778481012659,3334.252218665942,98.9493670886076,3338.91463654256,98.98196202531645,3317.344045982325,98.92721518987342,3389.9441960150793,98.9259493670886,3343.7392404293396,98.95645569620254
200,3338.241104940792,98.95506329113924,3334.252218665942,98.99145569620254,3338.91463654256,98.94873417721519,3317.344045982325,98.98860759493671,3389.9441960150793,98.9629746835443,3343.7392404293396,98.96936708860758
201,3338.241104940792,98.98069620253165,3334.252218665942,98.98544303797469,3338.91463654256,98.96867088607596,3317.344045982325,98.96613924050632,3389.9441960150793,98.9613924050633,3343.7392404293396,98.97246835443039
202,3338.241104940792,98.9876582278481,3334.252218665942,98.9003164556962,3338.91463654256,98.948417721519,3317.344045982325,98.90537974683544,3389.9441960150793,98.99335443037975,3343.7392404293396,98.9470253164557
203,3338.241104940792,98.9503164556962,3334.252218665942,98.99082278481012,3338.91463654256,98.98291139240506,3317.344045982325,98.96170886075949,3389.9441960150793,98.97753164556963,3343.7392404293396,98.97265822784809
204,3338.241104940792,98.99303797468355,3334.252218665942,98.97721518987342,3338.91463654256,98.98259493670886,3317.344045982325,98.94240506329113,3389.9441960150793,98.95981012658228,3343.7392404293396,98.97101265822785
205,3338.241104940792,98.98006329113925,3334.252218665942,98.99778481012659,3338.91463654256,98.8123417721519,3317.344045982325,99.0129746835443,3389.9441960150793,98.90284810126582,3343.7392404293396,98.94120253164557
206,3338.241104940792,99.00348101265823,3334.252218665942,98.9613924050633,3338.91463654256,98.96170886075949,3317.344045982325,98.96803797468354,3389.9441960150793,98.93860759493671,3343.7392404293396,98.96664556962025
207,3338.241104940792,98.95664556962025,3334.252218665942,98.96170886075949,3338.91463654256,98.97816455696203,3317.344045982325,98.95348101265823,3389.9441960150793,98.96044303797468,3343.7392404293396,98.96208860759495
208,3338.241104940792,99.00379746835443,3334.252218665942,98.95569620253164,3338.91463654256,98.97943037974683,3317.344045982325,98.92215189873417,3389.9441960150793,98.93354430379746,3343.7392404293396,98.95892405063292
209,3338.241104940792,98.98892405063292,3334.252218665942,98.95569620253164,3338.91463654256,98.89651898734178,3317.344045982325,98.98924050632911,3389.9441960150793,98.97215189873418,3343.7392404293396,98.96050632911393
210,3338.241104940792,98.97151898734177,3334.252218665942,98.94525316455696,3338.91463654256,98.9636075949367,3317.344045982325,98.95443037974684,3389.9441960150793,98.99778481012659,3343.7392404293396,98.96651898734177
211,3338.241104940792,98.9613924050633,3334.252218665942,98.96518987341773,3338.91463654256,98.84810126582279,3317.344045982325,98.98006329113925,3389.9441960150793,98.96518987341773,3343.7392404293396,98.94398734177216
212,3338.241104940792,98.9126582278481,3308.8588322349,98.96424050632912,3338.91463654256,98.95284810126583,3317.344045982325,98.93322784810127,3389.9441960150793,98.9993670886076,3338.660563143131,98.9524683544304
213,3338.241104940792,98.96962025316456,3308.8588322349,98.95822784810126,3338.91463654256,98.96898734177215,3317.344045982325,98.95379746835442,3389.9441960150793,98.9493670886076,3338.660563143131,98.96
214,3338.241104940792,98.96677215189874,3308.8588322349,98.96487341772152,3338.91463654256,98.96930379746836,3317.344045982325,98.96455696202531,3389.9441960150793,98.8493670886076,3338.660563143131,98.9429746835443
215,3338.241104940792,99.00632911392405,3308.8588322349,98.92151898734177,3338.91463654256,98.98924050632911,3317.344045982325,98.9873417721519,3389.9441960150793,98.92088607594937,3338.660563143131,98.96506329113924
216,3338.241104940792,98.97816455696203,3308.8588322349,98.94462025316456,3338.91463654256,98.95601265822785,3317.344045982325,98.98259493670886,3389.9441960150793,98.9490506329114,3338.660563143131,98.96208860759494
217,3338.241104940792,98.81803797468355,3308.8588322349,98.99177215189873,3338.91463654256,98.9876582278481,3317.344045982325,99.00569620253165,3389.9441960150793,98.97183544303797,3338.660563143131,98.95500000000001
218,3338.241104940792,98.94810126582279,3308.8588322349,98.94082278481012,3338.91463654256,98.96613924050632,3317.344045982325,99.00126582278482,3389.9441960150793,98.97056962025316,3338.660563143131,98.96537974683545
219,3338.241104940792,98.96962025316456,3308.8588322349,98.98164556962026,3338.91463654256,98.90411392405063,3317.344045982325,98.97689873417721,3389.9441960150793,98.98512658227848,3338.660563143131,98.96348101265824
220,3338.241104940792,98.97183544303797,3308.8588322349,98.93354430379746,3338.91463654256,98.93481012658228,3317.344045982325,98.89367088607595,3389.9441960150793,98.98354430379747,3338.660563143131,98.94348101265822
221,3338.241104940792,98.93006329113923,3308.8588322349,98.98227848101266,3338.91463654256,98.98481012658227,3317.344045982325,98.94588607594936,3389.9441960150793,98.9506329113924,3338.660563143131,98.95873417721518
222,3338.241104940792,98.94620253164557,3308.8588322349,98.94683544303797,3338.91463654256,98.96898734177215,3317.344045982325,98.94335443037974,3389.9441960150793,98.99398734177215,3338.660563143131,98.95987341772152
223,3338.241104940792,98.98101265822785,3308.8588322349,98.95601265822785,3338.91463654256,98.95348101265823,3317.344045982325,98.96329113924051,3389.9441960150793,98.99208860759494,3338.660563143131,98.96917721518987
224,3338.241104940792,99.00094936708861,3308.8588322349,98.97278481012658,3338.91463654256,98.9496835443038,3317.344045982325,98.9626582278481,3389.9441960150793,98.97658227848102,3338.660563143131,98.97253164556962
225,3338.241104940792,98.96550632911392,3308.8588322349,98.9382911392405,3338.91463654256,98.94018987341772,3317.344045982325,98.91487341772152,3389.9441960150793,98.98607594936709,3338.660563143131,98.94898734177215
226,3338.241104940792,98.99367088607595,3308.8588322349,98.90981012658227,3338.91463654256,98.95411392405063,3317.344045982325,98.95316455696202,3389.9441960150793,98.9629746835443,3338.660563143131,98.95474683544305
227,3338.241104940792,98.9490506329114,3308.8588322349,98.93417721518988,3338.91463654256,98.95253164556962,3317.344045982325,98.86139240506328,3389.9441960150793,98.97183544303797,3338.660563143131,98.93379746835444
228,3338.241104940792,98.948417721519,3308.8588322349,98.95854430379747,3338.91463654256,98.96803797468354,3317.344045982325,98.94398734177216,3389.9441960150793,98.8879746835443,3338.660563143131,98.9413924050633
229,3338.241104940792,98.95189873417722,3308.8588322349,98.9629746835443,3338.91463654256,98.85632911392405,3317.344045982325,98.83449367088608,3389.9441960150793,98.95886075949367,3338.660563143131,98.91291139240508
230,3338.241104940792,98.97753164556963,3308.8588322349,98.98037974683544,3338.91463654256,98.98449367088608,3317.344045982325,98.94335443037974,3389.9441960150793,98.93512658227849,3338.660563143131,98.96417721518988
231,3338.241104940792,98.96455696202531,3308.8588322349,98.9503164556962,3338.91463654256,98.92215189873417,3317.344045982325,98.77120253164557,3389.9441960150793,98.97626582278481,3338.660563143131,98.91689873417721
232,3338.241104940792,98.97373417721519,3308.8588322349,98.94556962025317,3338.91463654256,98.99841772151899,3317.344045982325,98.98575949367088,3389.9441960150793,98.90474683544304,3338.660563143131,98.96164556962026
233,3338.241104940792,98.96708860759493,3308.8588322349,98.97879746835443,3338.91463654256,98.95664556962025,3317.344045982325,98.98860759493671,3389.9441960150793,98.96518987341773,3338.660563143131,98.97126582278482
234,3338.241104940792,98.97848101265822,3308.8588322349,98.80569620253165,3338.91463654256,98.96424050632912,3317.344045982325,98.96012658227848,3389.9441960150793,98.9382911392405,3338.660563143131,98.92936708860759
235,3338.241104940792,98.94778481012658,3308.8588322349,98.93037974683544,3338.91463654256,98.9512658227848,3317.344045982325,98.948417721519,3389.9441960150793,99.00284810126583,3338.660563143131,98.95613924050633
236,3338.241104940792,98.97120253164557,3308.8588322349,98.92341772151899,3338.91463654256,98.99240506329114,3317.344045982325,98.91645569620253,3389.9441960150793,98.96772151898735,3338.660563143131,98.95424050632911
237,3338.241104940792,98.92879746835443,3308.8588322349,98.89335443037974,3338.91463654256,98.95822784810126,3317.344045982325,98.99493670886076,3389.9441960150793,98.95569620253164,3338.660563143131,98.94620253164555
238,3338.241104940792,98.99398734177215,3308.8588322349,98.96898734177215,3338.91463654256,98.91835443037975,3317.344045982325,98.95221518987341,3389.9441960150793,98.95284810126583,3338.660563143131,98.95727848101265
239,3338.241104940792,98.9743670886076,3308.8588322349,98.97183544303797,3338.91463654256,98.96708860759493,3317.344045982325,98.93639240506329,3389.9441960150793,98.97405063291139,3338.660563143131,98.96474683544302
240,3338.241104940792,98.99683544303798,3308.8588322349,98.98006329113925,3338.91463654256,98.95537974683545,3317.344045982325,98.97689873417721,3389.9441960150793,98.92911392405064,3338.660563143131,98.96765822784809
241,3338.241104940792,98.99525316455696,3308.8588322349,98.9360759493671,3338.91463654256,98.96740506329114,3317.344045982325,98.95949367088608,3389.9441960150793,98.9379746835443,3338.660563143131,98.95924050632911
242,3338.241104940792,98.99620253164557,3308.8588322349,98.96044303797468,3338.91463654256,98.97310126582279,3317.344045982325,98.99082278481012,3389.9441960150793,98.98196202531645,3338.660563143131,98.98050632911392
243,3338.241104940792,98.9623417721519,3308.8588322349,98.90348101265823,3338.91463654256,98.98417721518987,3317.344045982325,98.97816455696203,3389.9441960150793,98.97310126582279,3338.660563143131,98.96025316455697
244,3338.241104940792,98.97341772151898,3308.8588322349,98.97025316455696,3338.91463654256,98.96012658227848,3317.344045982325,98.97848101265822,3389.9441960150793,98.93481012658228,3338.660563143131,98.96341772151898
245,3338.241104940792,98.91392405063291,3308.8588322349,98.93069620253165,3338.91463654256,98.96455696202531,3317.344045982325,99.00411392405063,3389.9441960150793,99.00949367088607,3338.660563143131,98.96455696202531
246,3338.241104940792,98.99651898734177,3308.8588322349,98.97784810126582,3338.91463654256,98.97911392405064,3317.344045982325,98.99746835443038,3389.9441960150793,98.95822784810126,3338.660563143131,98.98183544303798
247,3338.241104940792,98.9746835443038,3308.8588322349,98.98607594936709,3338.91463654256,98.96392405063291,3317.344045982325,98.94367088607595,3389.9441960150793,98.99462025316456,3338.660563143131,98.97259493670886
248,3338.241104940792,98.73575949367088,3308.8588322349,98.98322784810127,3338.91463654256,98.98575949367088,3317.344045982325,98.9743670886076,3389.9441960150793,98.97278481012658,3338.660563143131,98.93037974683546
249,3338.241104940792,98.95791139240507,3308.8588322349,98.9503164556962,3338.91463654256,98.96107594936709,3317.344045982325,98.98987341772153,3389.9441960150793,98.96518987341773,3338.660563143131,98.96487341772152
250,3338.241104940792,98.99398734177215,3308.8588322349,98.96518987341773,3338.91463654256,98.94113924050633,3317.344045982325,99.00348101265823,3389.9441960150793,98.89462025316456,3338.660563143131,98.95968354430381
251,3338.241104940792,98.96044303797468,3308.8588322349,98.99208860759494,3338.91463654256,99.00443037974684,3317.344045982325,98.92310126582278,3389.9441960150793,98.95727848101266,3338.660563143131,98.96746835443038
252,3338.241104940792,98.91772151898734,3308.8588322349,98.97689873417721,3338.91463654256,98.95221518987341,3317.344045982325,98.975,3389.9441960150793,98.9759493670886,3338.660563143131,98.9595569620253
253,3338.241104940792,98.94082278481012,3308.8588322349,98.9373417721519,3338.91463654256,98.89398734177215,3317.344045982325,98.9636075949367,3356.5955836684716,98.975,3331.9908406738095,98.94215189873417
254,3338.241104940792,98.94018987341772,3308.8588322349,98.95601265822785,3338.91463654256,99.0246835443038,3317.344045982325,98.96772151898735,3356.5955836684716,98.96075949367089,3331.9908406738095,98.96987341772152
255,3338.241104940792,98.9389240506329,3308.8588322349,98.99968354430379,3338.91463654256,98.99841772151899,3317.344045982325,98.9636075949367,3356.5955836684716,98.97278481012658,3331.9908406738095,98.9746835443038
256,3338.241104940792,98.98069620253165,3308.8588322349,98.94208860759494,3338.91463654256,98.94588607594936,3317.344045982325,98.95886075949367,3356.5955836684716,98.98259493670886,3331.9908406738095,98.9620253164557
257,3338.241104940792,98.94082278481012,3308.8588322349,98.95348101265823,3338.91463654256,98.95474683544303,3317.344045982325,98.96803797468354,3356.5955836684716,98.97689873417721,3331.9908406738095,98.95879746835442
258,3338.241104940792,98.95569620253164,3308.8588322349,98.95917721518987,3338.91463654256,98.96107594936709,3317.344045982325,98.97816455696203,3356.5955836684716,98.94746835443038,3331.9908406738095,98.9603164556962
259,3338.241104940792,98.9636075949367,3308.8588322349,98.9759493670886,3338.91463654256,98.98322784810127,3317.344045982325,98.9636075949367,3356.5955836684716,98.98006329113925,3331.9908406738095,98.9732911392405
260,3338.241104940792,98.96677215189874,3308.8588322349,98.98196202531645,3338.91463654256,98.97373417721519,3317.344045982325,98.9613924050633,3356.5955836684716,98.98607594936709,3331.9908406738095,98.97398734177216
261,3338.241104940792,99.00664556962025,3308.8588322349,98.98860759493671,3338.91463654256,98.93639240506329,3317.344045982325,98.92943037974683,3356.5955836684716,98.98164556962026,3331.9908406738095,98.96854430379747
262,3338.241104940792,98.98449367088608,3308.8588322349,98.92848101265822,3338.91463654256,98.91107594936709,3317.344045982325,98.90537974683544,3356.5955836684716,98.95981012658228,3331.9908406738095,98.93784810126581
263,3338.241104940792,98.99462025316456,3308.8588322349,98.95506329113924,3338.91463654256,98.91645569620253,3317.344045982325,98.8996835443038,3356.5955836684716,98.96962025316456,3331.9908406738095,98.94708860759495
264,3338.241104940792,99.00411392405063,3308.8588322349,98.88386075949367,3338.91463654256,98.95474683544303,3317.344045982325,98.95981012658228,3356.5955836684716,98.95316455696202,3331.9908406738095,98.95113924050632
265,3338.241104940792,98.96772151898735,3308.8588322349,98.92626582278481,3338.91463654256,98.99145569620254,3317.344045982325,98.94778481012658,3356.5955836684716,98.94177215189873,3331.9908406738095,98.955
266,3338.241104940792,98.91677215189874,3308.8588322349,98.87373417721518,3338.91463654256,98.98322784810127,3317.344045982325,98.98006329113925,3356.5955836684716,98.98101265822785,3331.9908406738095,98.94696202531645
267,3338.241104940792,98.93196202531645,3308.8588322349,98.96772151898735,3338.91463654256,98.96962025316456,3317.344045982325,98.98860759493671,3356.5955836684716,98.95411392405063,3331.9908406738095,98.96240506329113
268,3338.241104940792,98.94556962025317,3308.8588322349,99.00537974683544,3338.91463654256,98.97784810126582,3317.344045982325,98.95379746835442,3356.5955836684716,98.99873417721518,3331.9908406738095,98.97626582278481
269,3338.241104940792,98.99145569620254,3308.8588322349,98.9136075949367,3338.91463654256,98.92689873417721,3317.344045982325,98.9743670886076,3356.5955836684716,98.96613924050632,3331.9908406738095,98.95449367088608
270,3338.241104940792,99.00253164556962,3308.8588322349,98.99145569620254,3338.91463654256,98.99873417721518,3317.344045982325,98.98006329113925,3356.5955836684716,98.97088607594937,3331.9908406738095,98.98873417721518
271,3338.241104940792,98.97025316455696,3308.8588322349,98.97911392405064,3338.91463654256,98.97120253164557,3317.344045982325,98.98575949367088,3356.5955836684716,98.95474683544303,3331.9908406738095,98.97221518987341
272,3338.241104940792,98.9237341772152,3308.8588322349,98.96803797468354,3338.91463654256,98.99018987341772,3317.344045982325,98.97183544303797,3356.5955836684716,99.00379746835443,3331.9908406738095,98.97151898734177
273,3338.241104940792,98.94462025316456,3308.8588322349,98.90759493670886,3338.91463654256,98.96898734177215,3317.344045982325,98.91930379746836,3356.5955836684716,98.95569620253164,3331.9908406738095,98.93924050632911
274,3338.241104940792,98.94430379746835,3308.8588322349,98.97151898734177,3338.91463654256,98.95,3317.344045982325,98.94556962025317,3356.5955836684716,98.99430379746835,3331.9908406738095,98.96113924050633
275,3338.241104940792,98.96740506329114,3308.8588322349,98.96424050632912,3338.91463654256,98.9629746835443,3317.344045982325,98.99367088607595,3356.5955836684716,98.97563291139241,3331.9908406738095,98.97278481012658
276,3338.241104940792,98.9379746835443,3308.8588322349,99.01582278481013,3338.91463654256,98.91550632911392,3317.344045982325,99.00506329113924,3356.5955836684716,98.9746835443038,3331.9908406738095,98.96981012658226
277,3338.241104940792,98.95759493670886,3308.8588322349,98.9613924050633,3338.91463654256,98.89398734177215,3317.344045982325,98.93354430379746,3356.5955836684716,98.92341772151899,3331.9908406738095,98.93398734177217
278,3338.241104940792,98.96645569620253,3308.8588322349,98.85506329113925,3338.91463654256,98.95981012658228,3317.344045982325,98.91487341772152,3356.5955836684716,98.93227848101266,3331.9908406738095,98.92569620253165
279,3338.241104940792,98.9493670886076,3308.8588322349,98.99651898734177,3338.91463654256,98.97911392405064,3317.344045982325,98.93227848101266,3356.5955836684716,98.99873417721518,3331.9908406738095,98.97120253164556
280,3338.241104940792,98.97689873417721,3308.8588322349,98.92721518987342,3338.91463654256,98.98164556962026,3317.344045982325,98.90949367088608,3356.5955836684716,98.96012658227848,3331.9908406738095,98.9510759493671
281,3338.241104940792,98.95854430379747,3308.8588322349,98.92278481012659,3338.91463654256,98.98955696202532,3317.344045982325,98.96898734177215,3356.5955836684716,98.98575949367088,3331.9908406738095,98.96512658227849
282,3338.241104940792,98.89936708860759,3308.8588322349,98.94715189873418,3338.91463654256,98.99588607594937,3317.344045982325,98.92911392405064,3356.5955836684716,98.97056962025316,3331.9908406738095,98.948417721519
283,3338.241104940792,98.92056962025316,3308.8588322349,98.95443037974684,3338.91463654256,98.9506329113924,3317.344045982325,98.96455696202531,3356.5955836684716,98.98164556962026,3331.9908406738095,98.9543670886076
284,3338.241104940792,98.96487341772152,3308.8588322349,98.97246835443038,3338.91463654256,98.99525316455696,3317.344045982325,98.87531645569621,3356.5955836684716,98.95696202531646,3331.9908406738095,98.95297468354431
285,3338.241104940792,98.94810126582279,3308.8588322349,98.98196202531645,3338.91463654256,98.92088607594937,3317.344045982325,98.94746835443038,3356.5955836684716,98.97056962025316,3331.9908406738095,98.95379746835442
286,3338.241104940792,98.8876582278481,3308.8588322349,98.97341772151898,3338.91463654256,98.99208860759494,3317.344045982325,98.98291139240506,3356.5955836684716,98.90253164556962,3331.9908406738095,98.94772151898735
287,3338.241104940792,98.975,3308.8588322349,98.91835443037975,3338.91463654256,99.00949367088607,3317.344045982325,98.95537974683545,3356.5955836684716,98.9626582278481,3331.9908406738095,98.96417721518988
288,3338.241104940792,98.99556962025316,3308.8588322349,98.95094936708861,3338.91463654256,98.9370253164557,3317.344045982325,98.8756329113924,3356.5955836684716,98.9623417721519,3331.9908406738095,98.94430379746836
289,3338.241104940792,98.99145569620254,3308.8588322349,98.88322784810127,3338.91463654256,98.93386075949367,3317.344045982325,98.98037974683544,3356.5955836684716,98.948417721519,3331.9908406738095,98.94746835443037
290,3338.241104940792,98.99810126582278,3308.8588322349,98.96012658227848,3338.91463654256,98.98259493670886,3317.344045982325,98.90632911392404,3356.5955836684716,99.00506329113924,3331.9908406738095,98.97044303797468
291,3338.241104940792,98.9759493670886,3308.8588322349,98.94873417721519,3338.91463654256,98.97848101265822,3317.344045982325,98.96329113924051,3356.5955836684716,98.97563291139241,3331.9908406738095,98.96841772151897
292,3338.241104940792,98.99082278481012,3308.8588322349,98.97151898734177,3338.91463654256,98.99177215189873,3317.344045982325,98.98259493670886,3356.5955836684716,98.8873417721519,3331.9908406738095,98.96481012658228
293,3338.241104940792,98.93069620253165,3308.8588322349,99.00253164556962,3338.91463654256,98.98797468354431,3317.344045982325,98.97151898734177,3356.5955836684716,98.95664556962025,3331.9908406738095,98.96987341772152
294,3338.241104940792,99.00537974683544,3308.8588322349,98.95253164556962,3338.91463654256,98.99810126582278,3317.344045982325,98.91993670886076,3356.5955836684716,98.89873417721519,3331.9908406738095,98.95493670886076
295,3338.241104940792,98.97278481012658,3308.8588322349,99.01550632911392,3338.91463654256,98.93291139240506,3317.344045982325,98.93575949367089,3356.5955836684716,98.97974683544304,3331.9908406738095,98.96734177215191
296,3338.241104940792,98.99588607594937,3308.8588322349,98.99620253164557,3338.91463654256,98.97848101265822,3317.344045982325,98.98322784810127,3356.5955836684716,98.97025316455696,3331.9908406738095,98.98481012658229
297,3338.241104940792,98.94493670886077,3308.8588322349,98.98544303797469,3338.91463654256,98.9506329113924,3317.344045982325,98.97278481012658,3356.5955836684716,98.97088607594937,3331.9908406738095,98.96493670886076
298,3338.241104940792,98.98386075949367,3308.8588322349,98.9493670886076,3338.91463654256,98.97658227848102,3317.344045982325,98.97405063291139,3356.5955836684716,98.97974683544304,3331.9908406738095,98.97272151898734
299,3338.241104940792,98.96012658227848,3308.8588322349,98.89683544303797,3338.91463654256,98.91518987341772,3317.344045982325,98.93101265822784,3356.5955836684716,98.98354430379747,3331.9908406738095,98.93734177215188
300,3338.241104940792,98.97848101265822,3308.8588322349,98.97911392405064,3338.91463654256,98.98164556962026,3317.344045982325,98.98322784810127,3356.5955836684716,98.9870253164557,3331.9908406738095,98.98189873417721
301,3338.241104940792,98.97246835443038,3308.8588322349,98.99430379746835,3338.91463654256,98.95189873417722,3317.344045982325,98.94367088607595,3356.5955836684716,98.98227848101266,3331.9908406738095,98.96892405063292
302,3338.241104940792,98.93512658227849,3308.8588322349,98.87658227848101,3338.91463654256,98.99367088607595,3317.344045982325,98.95822784810126,3356.5955836684716,98.97373417721519,3331.9908406738095,98.94746835443038
303,3338.241104940792,98.95632911392406,3308.8588322349,98.9246835443038,3338.91463654256,98.99810126582278,3317.344045982325,98.97310126582279,3356.5955836684716,98.9873417721519,3331.9908406738095,98.96791139240506
304,3338.241104940792,98.98291139240506,3308.8588322349,98.96518987341773,3338.91463654256,98.99873417721518,3317.344045982325,98.96170886075949,3356.5955836684716,98.99398734177215,3331.9908406738095,98.98050632911392
305,3338.241104940792,98.90696202531646,3308.8588322349,99.01455696202531,3338.91463654256,98.96803797468354,3317.344045982325,98.99620253164557,3356.5955836684716,98.95411392405063,3331.9908406738095,98.9679746835443
306,3338.241104940792,98.99177215189873,3308.8588322349,98.9246835443038,3338.91463654256,98.83829113924051,3317.344045982325,98.99335443037975,3356.5955836684716,98.94746835443038,3331.9908406738095,98.93911392405064
307,3338.241104940792,98.96740506329114,3308.8588322349,98.95506329113924,3338.91463654256,98.99525316455696,3317.344045982325,98.99177215189873,3356.5955836684716,98.98639240506328,3331.9908406738095,98.97917721518986
308,3338.241104940792,98.98544303797469,3308.8588322349,98.9389240506329,3338.91463654256,98.99588607594937,3317.344045982325,98.9882911392405,3356.5955836684716,98.96772151898735,3331.9908406738095,98.97525316455696
309,3338.241104940792,98.97816455696203,3308.8588322349,98.99556962025316,3338.91463654256,98.94082278481012,3317.344045982325,99.01392405063291,3356.5955836684716,98.96740506329114,3331.9908406738095,98.97917721518988
310,3338.241104940792,98.93006329113923,3308.8588322349,98.95379746835442,3338.91463654256,98.91455696202532,3317.344045982325,98.89145569620253,3356.5955836684716,99.02689873417721,3331.9908406738095,98.94335443037974
311,3338.241104940792,98.91424050632911,3308.8588322349,98.89145569620253,3338.91463654256,98.9360759493671,3317.344045982325,98.97974683544304,3356.5955836684716,98.96455696202531,3331.9908406738095,98.93721518987341
312,3338.241104940792,98.96962025316456,3308.8588322349,98.98449367088608,3338.91463654256,98.95949367088608,3317.344045982325,98.96329113924051,3356.5955836684716,98.9376582278481,3331.9908406738095,98.96291139240506
313,3338.241104940792,98.81582278481012,3308.8588322349,98.98797468354431,3338.91463654256,98.89493670886075,3317.344045982325,98.975,3356.5955836684716,98.99683544303798,3331.9908406738095,98.93411392405065
314,3338.241104940792,98.9,3308.8588322349,98.93291139240506,3338.91463654256,98.9376582278481,3317.344045982325,99.00759493670886,3356.5955836684716,98.97658227848102,3331.9908406738095,98.95094936708861
315,3338.241104940792,98.92278481012659,3308.8588322349,98.99335443037975,3338.91463654256,98.92215189873417,3317.344045982325,98.97405063291139,3356.5955836684716,98.96898734177215,3331.9908406738095,98.9562658227848
316,3338.241104940792,98.99556962025316,3308.8588322349,99.01075949367089,3338.91463654256,98.93069620253165,3317.344045982325,98.93512658227849,3356.5955836684716,98.93322784810127,3331.9908406738095,98.96107594936709
317,3338.241104940792,98.98386075949367,3308.8588322349,98.97879746835443,3338.91463654256,98.91677215189874,3317.344045982325,98.93417721518988,3356.5955836684716,98.97310126582279,3331.9908406738095,98.9573417721519
318,3338.241104940792,98.9506329113924,3308.8588322349,98.9382911392405,3338.91463654256,98.99303797468355,3317.344045982325,99.00031645569621,3356.5955836684716,98.99841772151899,3331.9908406738095,98.97613924050634
319,3338.241104940792,98.9006329113924,3308.8588322349,98.95822784810126,3338.91463654256,98.9629746835443,3317.344045982325,98.99841772151899,3356.5955836684716,98.97151898734177,3331.9908406738095,98.95835443037974
320,3338.241104940792,98.95632911392406,3308.8588322349,99.03670886075949,3338.91463654256,98.97943037974683,3317.344045982325,98.97120253164557,3356.5955836684716,98.93955696202532,3331.9908406738095,98.97664556962026
321,3338.241104940792,98.92626582278481,3308.8588322349,98.97848101265822,3338.91463654256,98.96613924050632,3317.344045982325,98.97151898734177,3356.5955836684716,99.00632911392405,3331.9908406738095,98.96974683544303
322,3338.241104940792,98.99272151898734,3308.8588322349,98.98037974683544,3338.91463654256,98.95189873417722,3317.344045982325,98.97405063291139,3356.5955836684716,99.00537974683544,3331.9908406738095,98.98088607594937
323,3338.241104940792,98.95348101265823,3308.8588322349,98.975,3338.91463654256,98.99841772151899,3317.344045982325,98.94240506329113,3356.5955836684716,98.94208860759494,3331.9908406738095,98.96227848101265
324,3338.241104940792,98.99018987341772,3308.8588322349,98.96392405063291,3338.91463654256,98.98164556962026,3317.344045982325,98.98386075949367,3356.5955836684716,98.95917721518987,3331.9908406738095,98.97575949367089
325,3338.241104940792,98.96044303797468,3308.8588322349,98.9629746835443,3338.91463654256,98.95632911392406,3317.344045982325,98.86677215189873,3356.5955836684716,98.9246835443038,3331.9908406738095,98.93424050632912
326,3338.241104940792,98.99335443037975,3308.8588322349,98.96677215189874,3338.91463654256,98.97689873417721,3317.344045982325,98.96107594936709,3356.5955836684716,98.97151898734177,3331.9908406738095,98.97392405063292
327,3338.241104940792,98.94620253164557,3308.8588322349,98.93227848101266,3338.91463654256,98.9376582278481,3317.344045982325,98.94240506329113,3356.5955836684716,98.78607594936709,3331.9908406738095,98.90892405063292
328,3338.241104940792,98.99145569620254,3308.8588322349,98.94272151898734,3338.91463654256,98.95348101265823,3317.344045982325,98.96075949367089,3356.5955836684716,98.96012658227848,3331.9908406738095,98.9617088607595
329,3338.241104940792,98.98860759493671,3308.8588322349,98.99208860759494,3338.91463654256,98.96962025316456,3317.344045982325,98.9626582278481,3356.5955836684716,98.98670886075949,3331.9908406738095,98.97993670886078
330,3338.241104940792,98.93259493670887,3308.8588322349,98.9870253164557,3338.91463654256,98.93860759493671,3317.344045982325,98.96170886075949,3356.5955836684716,98.98069620253165,3331.9908406738095,98.96012658227848
331,3338.241104940792,98.98196202531645,3308.8588322349,98.98037974683544,3338.91463654256,99.01392405063291,3317.344045982325,98.92943037974683,3356.5955836684716,98.93291139240506,3331.9908406738095,98.96772151898735
332,3338.241104940792,98.99430379746835,3308.8588322349,99.01645569620253,3338.91463654256,98.97658227848102,3317.344045982325,98.88575949367089,3356.5955836684716,98.94746835443038,3331.9908406738095,98.96411392405064
333,3338.241104940792,98.97215189873418,3308.8588322349,98.98259493670886,3338.91463654256,98.95474683544303,3317.344045982325,98.97183544303797,3356.5955836684716,98.9512658227848,3331.9908406738095,98.96651898734177
334,3338.241104940792,98.98037974683544,3308.8588322349,99.00632911392405,3338.91463654256,98.94746835443038,3317.344045982325,98.96898734177215,3356.5955836684716,98.98386075949367,3331.9908406738095,98.97740506329114
335,3338.241104940792,98.94746835443038,3308.8588322349,98.91012658227848,3338.91463654256,98.96613924050632,3317.344045982325,98.98164556962026,3356.5955836684716,98.91044303797469,3331.9908406738095,98.94316455696203
336,3338.241104940792,98.97816455696203,3308.8588322349,98.92816455696203,3338.91463654256,98.94462025316456,3317.344045982325,98.94462025316456,3356.5955836684716,98.97626582278481,3331.9908406738095,98.9543670886076
337,3338.241104940792,98.94303797468355,3308.8588322349,98.9126582278481,3338.91463654256,98.95917721518987,3317.344045982325,98.96329113924051,3356.5955836684716,98.9746835443038,3331.9908406738095,98.95056962025316
338,3338.241104940792,98.9360759493671,3308.8588322349,99.02974683544304,3338.91463654256,98.93639240506329,3317.344045982325,98.98892405063292,3356.5955836684716,98.94746835443038,3331.9908406738095,98.96772151898736
339,3338.241104940792,98.95221518987341,3308.8588322349,98.96962025316456,3338.91463654256,98.9496835443038,3317.344045982325,98.9626582278481,3356.5955836684716,98.97721518987342,3331.9908406738095,98.96227848101266
340,3338.241104940792,98.97373417721519,3308.8588322349,98.9623417721519,3338.91463654256,98.70537974683545,3317.344045982325,98.97816455696203,3356.5955836684716,98.89335443037974,3331.9908406738095,98.90259493670887
341,3338.241104940792,98.96962025316456,3308.8588322349,98.95253164556962,3338.91463654256,98.97151898734177,3317.344045982325,98.97341772151898,3356.5955836684716,98.98037974683544,3331.9908406738095,98.96949367088607
342,3338.241104940792,98.97056962025316,3308.8588322349,99.00949367088607,3338.91463654256,98.95854430379747,3317.344045982325,98.96962025316456,3356.5955836684716,98.9389240506329,3331.9908406738095,98.96943037974684
343,3338.241104940792,98.94778481012658,3308.8588322349,98.8626582278481,3338.91463654256,99.00316455696202,3317.344045982325,98.95443037974684,3356.5955836684716,98.91677215189874,3331.9908406738095,98.93696202531645
344,3338.241104940792,98.98575949367088,3308.8588322349,98.9870253164557,3338.91463654256,98.96613924050632,3317.344045982325,98.93544303797468,3356.5955836684716,98.97278481012658,3331.9908406738095,98.96943037974684
345,3338.241104940792,98.97088607594937,3308.8588322349,98.975,3338.91463654256,98.92088607594937,3317.344045982325,98.96962025316456,3356.5955836684716,98.9623417721519,3331.9908406738095,98.95974683544304
346,3338.241104940792,98.97278481012658,3308.8588322349,98.9490506329114,3338.91463654256,98.97405063291139,3317.344045982325,98.88259493670886,3356.5955836684716,98.99303797468355,3331.9908406738095,98.95430379746836
347,3338.241104940792,98.9512658227848,3308.8588322349,98.94746835443038,3338.91463654256,98.99778481012659,3317.344045982325,98.92943037974683,3356.5955836684716,98.92753164556962,3331.9908406738095,98.95069620253165
348,3338.241104940792,98.90822784810126,3308.8588322349,98.97721518987342,3338.91463654256,98.99430379746835,3317.344045982325,98.97183544303797,3356.5955836684716,98.96993670886076,3331.9908406738095,98.96430379746836
349,3338.241104940792,98.95791139240507,3308.8588322349,98.99398734177215,3338.91463654256,98.97879746835443,3317.344045982325,98.96645569620253,3356.5955836684716,98.91518987341772,3331.9908406738095,98.96246835443037
350,3338.241104940792,98.96645569620253,3308.8588322349,98.9759493670886,3338.91463654256,98.91898734177215,3317.344045982325,98.96550632911392,3356.5955836684716,98.91930379746836,3331.9908406738095,98.9492405063291
351,3338.241104940792,98.9379746835443,3308.8588322349,98.92753164556962,3338.91463654256,98.98639240506328,3317.344045982325,98.9629746835443,3356.5955836684716,98.94208860759494,3331.9908406738095,98.95139240506329
352,3338.241104940792,98.89113924050633,3308.8588322349,98.9759493670886,3338.91463654256,98.89493670886075,3317.344045982325,99.00031645569621,3356.5955836684716,98.9360759493671,3331.9908406738095,98.93968354430379
353,3338.241104940792,98.98291139240506,3308.8588322349,98.94367088607595,3338.91463654256,98.96740506329114,3317.344045982325,98.9746835443038,3356.5955836684716,98.96582278481013,3331.9908406738095,98.96689873417722
354,3338.241104940792,98.975,3308.8588322349,98.9613924050633,3338.91463654256,98.98892405063292,3317.344045982325,98.92689873417721,3356.5955836684716,98.99240506329114,3331.9908406738095,98.9689240506329
355,3338.241104940792,98.94430379746835,3308.8588322349,98.96550632911392,3338.91463654256,98.97911392405064,3317.344045982325,98.96803797468354,3356.5955836684716,98.94746835443038,3331.9908406738095,98.96088607594936
356,3338.241104940792,98.98069620253165,3308.8588322349,98.93639240506329,3338.91463654256,98.97626582278481,3317.344045982325,98.98069620253165,3356.5955836684716,99.01392405063291,3331.9908406738095,98.97759493670887
357,3338.241104940792,98.93544303797468,3308.8588322349,98.99556962025316,3338.91463654256,98.9743670886076,3317.344045982325,98.94430379746835,3356.5955836684716,98.97753164556963,3331.9908406738095,98.96544303797468
358,3338.241104940792,98.97278481012658,3308.8588322349,98.99082278481012,3338.91463654256,98.96012658227848,3317.344045982325,98.96392405063291,3356.5955836684716,98.96772151898735,3331.9908406738095,98.97107594936708
359,3338.241104940792,99.01202531645569,3308.8588322349,98.97056962025316,3338.91463654256,98.9613924050633,3317.344045982325,98.96424050632912,3356.5955836684716,99.02943037974684,3331.9908406738095,98.98753164556962
360,3338.241104940792,98.97879746835443,3308.8588322349,98.98196202531645,3338.91463654256,98.93354430379746,3317.344045982325,98.97816455696203,3356.5955836684716,98.94778481012658,3331.9908406738095,98.9640506329114
361,3338.241104940792,98.90727848101265,3308.8588322349,98.98259493670886,3338.91463654256,98.86772151898734,3317.344045982325,98.96613924050632,3356.5955836684716,98.95791139240507,3331.9908406738095,98.93632911392406
362,3338.241104940792,98.99208860759494,3308.8588322349,98.98670886075949,3338.91463654256,98.95696202531646,3317.344045982325,98.86139240506328,3356.5955836684716,98.96740506329114,3331.9908406738095,98.95291139240507
363,3338.241104940792,98.98101265822785,3308.8588322349,98.9882911392405,3338.91463654256,98.93639240506329,3317.344045982325,98.95949367088608,3356.5955836684716,98.95,3331.9908406738095,98.96303797468354
364,3338.241104940792,98.97373417721519,3308.8588322349,98.86835443037975,3338.91463654256,98.96930379746836,3317.344045982325,98.94683544303797,3356.5955836684716,98.9746835443038,3331.9908406738095,98.94658227848102
365,3338.241104940792,98.94240506329113,3308.8588322349,98.94335443037974,3338.91463654256,98.9620253164557,3317.344045982325,98.96170886075949,3356.5955836684716,98.91740506329114,3331.9908406738095,98.94537974683544
366,3338.241104940792,98.96044303797468,3308.8588322349,98.96392405063291,3338.91463654256,98.99398734177215,3317.344045982325,99.00601265822785,3356.5955836684716,98.95854430379747,3331.9908406738095,98.976582278481
367,3338.241104940792,98.95094936708861,3308.8588322349,98.98322784810127,3338.91463654256,98.9253164556962,3317.344045982325,98.97689873417721,3356.5955836684716,98.9753164556962,3331.9908406738095,98.9623417721519
368,3338.241104940792,98.96487341772152,3308.8588322349,98.93987341772151,3338.91463654256,98.98481012658227,3317.344045982325,98.96392405063291,3356.5955836684716,98.97373417721519,3331.9908406738095,98.96544303797468
369,3338.241104940792,98.88196202531645,3308.8588322349,98.95696202531646,3338.91463654256,98.90253164556962,3317.344045982325,98.97215189873418,3356.5955836684716,98.9876582278481,3331.9908406738095,98.94025316455696
370,3338.241104940792,98.98164556962026,3308.8588322349,99.00949367088607,3338.91463654256,98.98291139240506,3317.344045982325,98.89145569620253,3356.5955836684716,98.98670886075949,3331.9908406738095,98.97044303797468
371,3338.241104940792,98.9759493670886,3308.8588322349,98.98132911392405,3338.91463654256,98.95284810126583,3317.344045982325,98.91044303797469,3356.5955836684716,98.95569620253164,3331.9908406738095,98.95525316455696
372,3338.241104940792,98.99050632911393,3308.8588322349,98.98987341772153,3338.91463654256,99.00664556962025,3317.344045982325,98.93354430379746,3356.5955836684716,98.95949367088608,3331.9908406738095,98.97601265822786
373,3338.241104940792,98.96424050632912,3308.8588322349,98.96962025316456,3338.91463654256,98.9759493670886,3317.344045982325,99.00886075949367,3356.5955836684716,98.97215189873418,3331.9908406738095,98.97816455696201
374,3338.241104940792,98.98322784810127,3308.8588322349,98.99873417721518,3338.91463654256,98.95379746835442,3317.344045982325,98.95094936708861,3356.5955836684716,98.95506329113924,3331.9908406738095,98.96835443037973
375,3338.241104940792,98.9629746835443,3308.8588322349,98.96044303797468,3338.91463654256,98.95854430379747,3317.344045982325,98.9629746835443,3356.5955836684716,98.90221518987342,3331.9908406738095,98.94943037974683
376,3338.241104940792,98.96677215189874,3308.8588322349,98.96677215189874,3338.91463654256,98.96012658227848,3317.344045982325,98.94177215189873,3356.5955836684716,98.9373417721519,3331.9908406738095,98.95455696202531
377,3338.241104940792,98.99398734177215,3308.8588322349,99.00696202531645,3338.91463654256,98.95316455696202,3317.344045982325,99.00284810126583,3356.5955836684716,98.91518987341772,3331.9908406738095,98.97443037974683
378,3338.241104940792,98.99968354430379,3308.8588322349,98.95506329113924,3338.91463654256,98.92721518987342,3317.344045982325,98.95284810126583,3356.5955836684716,98.97373417721519,3331.9908406738095,98.9617088607595
379,3338.241104940792,98.95158227848101,3308.8588322349,98.9379746835443,3338.91463654256,98.926582278481,3317.344045982325,99.00569620253165,3356.5955836684716,98.97151898734177,3331.9908406738095,98.95867088607596
380,3338.241104940792,98.97689873417721,3308.8588322349,98.97753164556963,3338.91463654256,98.9389240506329,3317.344045982325,98.9120253164557,3356.5955836684716,98.99525316455696,3331.9908406738095,98.96012658227849
381,3338.241104940792,98.99018987341772,3308.8588322349,98.89272151898734,3338.91463654256,98.92784810126582,3317.344045982325,98.96962025316456,3356.5955836684716,98.97151898734177,3331.9908406738095,98.95037974683544
382,3338.241104940792,98.97658227848102,3308.8588322349,98.98607594936709,3338.91463654256,98.93006329113923,3317.344045982325,98.96708860759493,3356.5955836684716,98.95791139240507,3331.9908406738095,98.96354430379748
383,3338.241104940792,98.94367088607595,3308.8588322349,98.97025316455696,3338.91463654256,98.88417721518988,3317.344045982325,98.8756329113924,3356.5955836684716,98.97721518987342,3331.9908406738095,98.93018987341773
384,3338.241104940792,98.99272151898734,3308.8588322349,98.96455696202531,3331.2663738458887,98.97373417721519,3317.344045982325,98.94050632911393,3356.5955836684716,98.97943037974683,3330.4611881344754,98.97018987341771
385,3338.241104940792,98.92183544303798,3308.8588322349,98.96075949367089,3331.2663738458887,98.99398734177215,3317.344045982325,98.95917721518987,3356.5955836684716,98.97784810126582,3330.4611881344754,98.96272151898734
386,3338.241104940792,98.99367088607595,3308.8588322349,98.94810126582279,3331.2663738458887,98.98132911392405,3317.344045982325,98.9237341772152,3356.5955836684716,98.9882911392405,3330.4611881344754,98.96702531645569
387,3338.241104940792,98.93291139240506,3308.8588322349,98.98607594936709,3331.2663738458887,98.95411392405063,3317.344045982325,98.89240506329114,3356.5955836684716,98.98924050632911,3330.4611881344754,98.95094936708861
388,3338.241104940792,98.94525316455696,3308.8588322349,98.94430379746835,3331.2663738458887,98.98196202531645,3317.344045982325,98.94651898734178,3356.5955836684716,98.97689873417721,3330.4611881344754,98.95898734177216
389,3338.241104940792,98.93227848101266,3308.8588322349,98.81550632911393,3331.2663738458887,98.96012658227848,3317.344045982325,98.9237341772152,3356.5955836684716,98.99018987341772,3330.4611881344754,98.92436708860758
390,3338.241104940792,98.95379746835442,3308.8588322349,98.95094936708861,3331.2663738458887,98.97405063291139,3317.344045982325,98.96487341772152,3356.5955836684716,98.98322784810127,3330.4611881344754,98.96537974683545
391,3338.241104940792,98.99082278481012,3308.8588322349,98.97310126582279,3331.2663738458887,98.99462025316456,3317.344045982325,98.95886075949367,3356.5955836684716,98.96835443037975,3330.4611881344754,98.97715189873418
392,3338.241104940792,98.98670886075949,3308.8588322349,98.95537974683545,3331.2663738458887,98.91867088607594,3317.344045982325,98.98670886075949,3356.5955836684716,98.97911392405064,3330.4611881344754,98.96531645569621
393,3338.241104940792,98.96677215189874,3308.8588322349,98.9389240506329,3331.2663738458887,98.99018987341772,3317.344045982325,98.98449367088608,3356.5955836684716,98.92753164556962,3330.4611881344754,98.96158227848102
394,3338.241104940792,98.95759493670886,3308.8588322349,98.97120253164557,3331.2663738458887,98.9370253164557,3317.344045982325,98.97183544303797,3356.5955836684716,98.9636075949367,3330.4611881344754,98.96025316455697
395,3338.241104940792,98.92943037974683,3308.8588322349,98.89810126582279,3331.2663738458887,98.97405063291139,3317.344045982325,98.9993670886076,3356.5955836684716,98.92278481012659,3330.4611881344754,98.94474683544304
396,3338.241104940792,98.96392405063291,3308.8588322349,98.99272151898734,3331.2663738458887,98.97974683544304,3317.344045982325,98.99177215189873,3356.5955836684716,98.99240506329114,3330.4611881344754,98.98411392405063
397,3338.241104940792,99.00601265822785,3308.8588322349,98.9629746835443,3331.2663738458887,99.00601265822785,3317.344045982325,98.93449367088607,3356.5955836684716,98.93924050632911,3330.4611881344754,98.96974683544303
398,3338.241104940792,98.96424050632912,3308.8588322349,98.96772151898735,3331.2663738458887,98.99588607594937,3317.344045982325,98.99715189873417,3356.5955836684716,98.95886075949367,3330.4611881344754,98.97677215189874
399,3338.241104940792,98.95316455696202,3308.8588322349,98.95886075949367,3331.2663738458887,98.97879746835443,3317.344045982325,98.95506329113924,3356.5955836684716,98.95854430379747,3330.4611881344754,98.96088607594936
400,3338.241104940792,98.97056962025316,3308.8588322349,98.95474683544303,3331.2663738458887,98.93291139240506,3317.344045982325,98.97341772151898,3356.5955836684716,98.925,3330.4611881344754,98.95132911392406
401,3338.241104940792,98.975,3308.8588322349,98.9253164556962,3331.2663738458887,98.91962025316455,3317.344045982325,98.9753164556962,3356.5955836684716,98.97626582278481,3330.4611881344754,98.95430379746836
402,3338.241104940792,98.95348101265823,3308.8588322349,98.9759493670886,3331.2663738458887,98.96803797468354,3317.344045982325,98.975,3356.5955836684716,98.96455696202531,3330.4611881344754,98.96740506329112
403,3338.241104940792,98.94556962025317,3308.8588322349,98.89810126582279,3331.2663738458887,98.96329113924051,3317.344045982325,98.95981012658228,3356.5955836684716,98.95632911392406,3330.4611881344754,98.94462025316457
404,3338.241104940792,98.9490506329114,3308.8588322349,98.94620253164557,3331.2663738458887,98.96518987341773,3317.344045982325,98.94208860759494,3356.5955836684716,98.97120253164557,3330.4611881344754,98.95474683544305
405,3338.241104940792,98.97088607594937,3308.8588322349,98.9503164556962,3331.2663738458887,98.99462025316456,3317.344045982325,98.93196202531645,3356.5955836684716,98.97373417721519,3330.4611881344754,98.96430379746836
406,3338.241104940792,98.97373417721519,3308.8588322349,98.96012658227848,3331.2663738458887,98.96518987341773,3317.344045982325,98.95981012658228,3356.5955836684716,98.97943037974683,3330.4611881344754,98.96765822784809
407,3338.241104940792,98.97974683544304,3308.8588322349,98.92278481012659,3331.2663738458887,98.95537974683545,3317.344045982325,98.89050632911392,3356.5955836684716,98.95569620253164,3330.4611881344754,98.94082278481012
408,3338.241104940792,98.98322784810127,3308.8588322349,98.96329113924051,3331.2663738458887,98.97658227848102,3317.344045982325,98.95189873417722,3356.5955836684716,98.93512658227849,3330.4611881344754,98.96202531645571
409,3338.241104940792,98.94556962025317,3308.8588322349,98.98227848101266,3331.2663738458887,98.95822784810126,3317.344045982325,98.9613924050633,3356.5955836684716,98.92753164556962,3330.4611881344754,98.955
410,3338.241104940792,98.94430379746835,3308.8588322349,98.93101265822784,3331.2663738458887,98.99620253164557,3317.344045982325,98.96930379746836,3356.5955836684716,98.93924050632911,3330.4611881344754,98.95601265822783
411,3338.241104940792,98.97373417721519,3308.8588322349,98.96107594936709,3331.2663738458887,98.93987341772151,3317.344045982325,98.87278481012659,3356.5955836684716,98.98924050632911,3330.4611881344754,98.9473417721519
412,3338.241104940792,98.98481012658227,3308.8588322349,98.95411392405063,3331.2663738458887,98.95696202531646,3317.344045982325,98.92974683544304,3356.5955836684716,98.96329113924051,3330.4611881344754,98.95778481012658
413,3338.241104940792,98.90379746835443,3308.8588322349,98.99746835443038,3331.2663738458887,98.93227848101266,3317.344045982325,98.92974683544304,3356.5955836684716,98.99398734177215,3330.4611881344754,98.95145569620253
414,3338.241104940792,98.95189873417722,3308.8588322349,98.97405063291139,3331.2663738458887,98.98449367088608,3317.344045982325,98.98892405063292,3356.5955836684716,99.0123417721519,3330.4611881344754,98.9823417721519
415,3338.241104940792,98.94556962025317,3308.8588322349,98.99525316455696,3331.2663738458887,98.9743670886076,3317.344045982325,98.76139240506329,3356.5955836684716,98.99398734177215,3330.4611881344754,98.93411392405064
416,3338.241104940792,98.98069620253165,3308.8588322349,98.98417721518987,3331.2663738458887,98.99208860759494,3317.344045982325,98.95949367088608,3356.5955836684716,98.96930379746836,3330.4611881344754,98.97715189873418
417,3338.241104940792,98.94778481012658,3308.8588322349,98.94050632911393,3331.2663738458887,98.99050632911393,3317.344045982325,98.93037974683544,3356.5955836684716,98.98227848101266,3330.4611881344754,98.95829113924052
418,3338.241104940792,98.97943037974683,3308.8588322349,98.91487341772152,3331.2663738458887,98.9613924050633,3317.344045982325,99.00284810126583,3356.5955836684716,98.99778481012659,3330.4611881344754,98.97126582278482
419,3338.241104940792,98.95981012658228,3308.8588322349,98.92215189873417,3331.2663738458887,98.99493670886076,3317.344045982325,98.95822784810126,3356.5955836684716,98.96645569620253,3330.4611881344754,98.96031645569619
420,3338.241104940792,98.97721518987342,3308.8588322349,98.96613924050632,3331.2663738458887,98.91582278481013,3317.344045982325,98.96772151898735,3356.5955836684716,98.9743670886076,3330.4611881344754,98.96025316455697
421,3338.241104940792,98.92088607594937,3308.8588322349,98.93987341772151,3331.2663738458887,98.95284810126583,3317.344045982325,99.00284810126583,3356.5955836684716,98.97563291139241,3330.4611881344754,98.95841772151898
422,3338.241104940792,98.96835443037975,3308.8588322349,98.98639240506328,3331.2663738458887,98.96613924050632,3317.344045982325,98.94398734177216,3356.5955836684716,98.9876582278481,3330.4611881344754,98.97050632911392
423,3338.241104940792,98.9629746835443,3308.8588322349,98.9629746835443,3331.2663738458887,98.94303797468355,3317.344045982325,98.97943037974683,3356.5955836684716,98.9259493670886,3330.4611881344754,98.95487341772152
424,3338.241104940792,98.95411392405063,3308.8588322349,98.78417721518987,3331.2663738458887,98.98607594936709,3317.344045982325,98.96993670886076,3356.5955836684716,98.98291139240506,3330.4611881344754,98.9354430379747
425,3338.241104940792,98.95886075949367,3308.8588322349,98.94651898734178,3331.2663738458887,98.94113924050633,3317.344045982325,98.9243670886076,3356.5955836684716,98.99145569620254,3330.4611881344754,98.95246835443038
426,3338.241104940792,98.92911392405064,3308.8588322349,98.98322784810127,3331.2663738458887,98.97120253164557,3317.344045982325,98.89715189873418,3356.5955836684716,98.96329113924051,3330.4611881344754,98.94879746835443
427,3338.241104940792,98.8620253164557,3308.8588322349,98.94715189873418,3331.2663738458887,98.94145569620254,3317.344045982325,98.97974683544304,3356.5955836684716,98.93291139240506,3330.4611881344754,98.93265822784811
428,3338.241104940792,98.95379746835442,3308.8588322349,98.98132911392405,3331.2663738458887,98.9870253164557,3317.344045982325,98.85506329113925,3356.5955836684716,98.95379746835442,3330.4611881344754,98.94620253164557
429,3338.241104940792,98.9882911392405,3308.8588322349,98.98955696202532,3331.2663738458887,98.98892405063292,3317.344045982325,98.87183544303798,3356.5955836684716,98.97373417721519,3330.4611881344754,98.96246835443038
430,3338.241104940792,99.00981012658228,3308.8588322349,98.96930379746836,3331.2663738458887,98.96740506329114,3317.344045982325,98.93575949367089,3307.9638092933483,98.94525316455696,3320.7348332594506,98.96550632911394
431,3338.241104940792,98.96740506329114,3308.8588322349,98.98196202531645,3331.2663738458887,98.98386075949367,3317.344045982325,98.99272151898734,3307.9638092933483,98.99018987341772,3320.7348332594506,98.98322784810127
432,3338.241104940792,98.926582278481,3308.8588322349,98.9876582278481,3331.2663738458887,98.99335443037975,3317.344045982325,98.96962025316456,3307.9638092933483,98.84620253164557,3320.7348332594506,98.9446835443038
433,3338.241104940792,98.9120253164557,3308.8588322349,98.90379746835443,3331.2663738458887,98.97215189873418,3317.344045982325,98.93860759493671,3307.9638092933483,98.97183544303797,3320.7348332594506,98.9396835443038
434,3338.241104940792,98.96740506329114,3308.8588322349,98.99493670886076,3331.2663738458887,98.97056962025316,3317.344045982325,98.94240506329113,3307.9638092933483,98.92784810126582,3320.7348332594506,98.9606329113924
435,3338.241104940792,98.98354430379747,3308.8588322349,98.97183544303797,3331.2663738458887,98.95822784810126,3317.344045982325,98.91772151898734,3307.9638092933483,98.93386075949367,3320.7348332594506,98.95303797468354
436,3338.241104940792,98.96613924050632,3308.8588322349,98.97246835443038,3331.2663738458887,98.87816455696202,3317.344045982325,98.8867088607595,3307.9638092933483,98.97215189873418,3320.7348332594506,98.93512658227847
437,3338.241104940792,98.96708860759493,3308.8588322349,98.99746835443038,3331.2663738458887,98.96487341772152,3317.344045982325,98.99683544303798,3307.9638092933483,98.97816455696203,3320.7348332594506,98.98088607594937
438,3338.241104940792,98.80443037974683,3308.8588322349,98.9620253164557,3331.2663738458887,98.98386075949367,3317.344045982325,98.96329113924051,3307.9638092933483,98.9503164556962,3320.7348332594506,98.93278481012658
439,3338.241104940792,98.97658227848102,3308.8588322349,98.98924050632911,3331.2663738458887,98.91898734177215,3317.344045982325,98.94810126582279,3307.9638092933483,98.95284810126583,3320.7348332594506,98.95715189873418
440,3338.241104940792,98.98512658227848,3308.8588322349,98.96075949367089,3331.2663738458887,98.96424050632912,3317.344045982325,98.97088607594937,3307.9638092933483,98.97373417721519,3320.7348332594506,98.97094936708861
441,3338.241104940792,98.89430379746835,3308.8588322349,98.96645569620253,3331.2663738458887,98.95284810126583,3317.344045982325,98.9626582278481,3307.9638092933483,98.99968354430379,3320.7348332594506,98.95518987341772
442,3338.241104940792,98.97246835443038,3308.8588322349,98.9373417721519,3331.2663738458887,98.97689873417721,3317.344045982325,98.83417721518987,3307.9638092933483,98.94462025316456,3320.7348332594506,98.93310126582278
443,3338.241104940792,99.02088607594936,3308.8588322349,98.9870253164557,3331.2663738458887,98.9493670886076,3317.344045982325,98.98417721518987,3307.9638092933483,98.99493670886076,3320.7348332594506,98.98727848101267
444,3338.241104940792,98.90917721518987,3308.8588322349,98.94556962025317,3331.2663738458887,98.97974683544304,3317.344045982325,98.92689873417721,3307.9638092933483,98.9873417721519,3320.7348332594506,98.94974683544304
445,3338.241104940792,98.95696202531646,3308.8588322349,98.94113924050633,3331.2663738458887,98.97025316455696,3317.344045982325,98.97879746835443,3307.9638092933483,98.9623417721519,3320.7348332594506,98.96189873417721
446,3338.241104940792,98.95094936708861,3308.8588322349,99.00569620253165,3331.2663738458887,98.9746835443038,3317.344045982325,98.89588607594936,3307.9638092933483,98.98607594936709,3320.7348332594506,98.9626582278481
447,3338.241104940792,98.97088607594937,3308.8588322349,98.94272151898734,3331.2663738458887,98.98291139240506,3317.344045982325,98.99177215189873,3307.9638092933483,98.94651898734178,3320.7348332594506,98.96696202531646
448,3338.241104940792,98.96772151898735,3308.8588322349,98.94177215189873,3331.2663738458887,98.9389240506329,3317.344045982325,98.9870253164557,3307.9638092933483,98.95506329113924,3320.7348332594506,98.95810126582279
449,3338.241104940792,98.98196202531645,3308.8588322349,98.97753164556963,3331.2663738458887,98.89810126582279,3317.344045982325,99.00221518987341,3307.9638092933483,98.99651898734177,3320.7348332594506,98.97126582278482
450,3338.241104940792,98.96772151898735,3308.8588322349,98.99018987341772,3331.2663738458887,98.95981012658228,3317.344045982325,98.98607594936709,3307.9638092933483,98.94430379746835,3320.7348332594506,98.96962025316456
451,3338.241104940792,98.9493670886076,3308.8588322349,98.95094936708861,3331.2663738458887,99.0123417721519,3317.344045982325,98.94462025316456,3307.9638092933483,98.98069620253165,3320.7348332594506,98.96759493670886
452,3338.241104940792,98.97753164556963,3308.8588322349,98.91645569620253,3331.2663738458887,98.97373417721519,3317.344045982325,98.97088607594937,3307.9638092933483,98.96075949367089,3320.7348332594506,98.95987341772152
453,3338.241104940792,98.92246835443038,3308.8588322349,98.96329113924051,3331.2663738458887,98.93132911392405,3317.344045982325,99.03069620253164,3307.9638092933483,98.9370253164557,3320.7348332594506,98.95696202531647
454,3338.241104940792,98.96803797468354,3308.8588322349,98.97025316455696,3331.2663738458887,98.99050632911393,3317.344045982325,99.00506329113924,3307.9638092933483,98.97943037974683,3320.7348332594506,98.98265822784809
455,3338.241104940792,98.94715189873418,3308.8588322349,98.97753164556963,3331.2663738458887,98.95791139240507,3317.344045982325,98.94873417721519,3307.9638092933483,98.98386075949367,3320.7348332594506,98.96303797468354
456,3338.241104940792,98.9389240506329,3308.8588322349,98.95854430379747,3331.2663738458887,98.98069620253165,3317.344045982325,98.98259493670886,3307.9638092933483,98.95411392405063,3320.7348332594506,98.9629746835443
457,3338.241104940792,98.99588607594937,3308.8588322349,98.94430379746835,3331.2663738458887,98.92689873417721,3317.344045982325,98.88386075949367,3307.9638092933483,98.9746835443038,3320.7348332594506,98.94512658227849
458,3338.241104940792,98.98639240506328,3308.8588322349,98.83607594936709,3331.2663738458887,98.98987341772153,3317.344045982325,98.98386075949367,3307.9638092933483,98.99620253164557,3320.7348332594506,98.95848101265823
459,3338.241104940792,98.95664556962025,3308.8588322349,98.94651898734178,3331.2663738458887,98.95253164556962,3317.344045982325,98.95221518987341,3307.9638092933483,98.92151898734177,3320.7348332594506,98.94588607594936
460,3338.241104940792,98.98227848101266,3308.8588322349,98.97879746835443,3331.2663738458887,98.9636075949367,3317.344045982325,98.98227848101266,3307.9638092933483,98.9870253164557,3320.7348332594506,98.97879746835443
461,3338.241104940792,98.97088607594937,3308.8588322349,98.99841772151899,3331.2663738458887,98.96487341772152,3317.344045982325,98.96993670886076,3307.9638092933483,98.92943037974683,3320.7348332594506,98.9667088607595
462,3338.241104940792,98.94493670886077,3308.8588322349,98.95284810126583,3331.2663738458887,98.94462025316456,3317.344045982325,98.96645569620253,3307.9638092933483,98.86075949367088,3320.7348332594506,98.93392405063291
463,3338.241104940792,98.97974683544304,3308.8588322349,98.9243670886076,3331.2663738458887,98.94335443037974,3317.344045982325,98.96993670886076,3307.9638092933483,98.89018987341773,3320.7348332594506,98.94151898734177
464,3338.241104940792,98.91107594936709,3308.8588322349,98.96170886075949,3331.2663738458887,98.95601265822785,3317.344045982325,98.96424050632912,3307.9638092933483,98.94398734177216,3320.7348332594506,98.94740506329114
465,3338.241104940792,98.98639240506328,3308.8588322349,98.96930379746836,3331.2663738458887,98.93354430379746,3317.344045982325,98.93417721518988,3307.9638092933483,98.98512658227848,3320.7348332594506,98.9617088607595
466,3338.241104940792,98.97278481012658,3308.8588322349,98.8376582278481,3331.2663738458887,98.99240506329114,3317.344045982325,98.98069620253165,3307.9638092933483,98.95443037974684,3320.7348332594506,98.94759493670885
467,3338.241104940792,98.94778481012658,3308.8588322349,98.85411392405064,3331.2663738458887,98.96107594936709,3317.344045982325,98.9613924050633,3307.9638092933483,98.94778481012658,3320.7348332594506,98.93443037974683
468,3338.241104940792,99.00886075949367,3308.8588322349,98.88702531645569,3331.2663738458887,98.9882911392405,3317.344045982325,98.95981012658228,3307.9638092933483,98.99113924050633,3320.7348332594506,98.96702531645569
469,3338.241104940792,98.90348101265823,3308.8588322349,98.95253164556962,3331.2663738458887,98.99525316455696,3317.344045982325,98.95284810126583,3307.9638092933483,98.99462025316456,3320.7348332594506,98.95974683544304
470,3338.241104940792,98.96740506329114,3308.8588322349,98.89177215189873,3331.2663738458887,98.95284810126583,3317.344045982325,98.95379746835442,3307.9638092933483,99.00443037974684,3320.7348332594506,98.95405063291139
471,3338.241104940792,98.9253164556962,3308.8588322349,98.98386075949367,3331.2663738458887,98.90949367088608,3317.344045982325,98.97278481012658,3307.9638092933483,98.93512658227849,3320.7348332594506,98.9453164556962
472,3338.241104940792,98.96487341772152,3308.8588322349,98.95221518987341,3331.2663738458887,98.95632911392406,3317.344045982325,98.97088607594937,3307.9638092933483,98.98417721518987,3320.7348332594506,98.96569620253165
473,3338.241104940792,98.95569620253164,3308.8588322349,98.96550632911392,3331.2663738458887,98.9623417721519,3317.344045982325,98.93512658227849,3307.9638092933483,98.90791139240507,3320.7348332594506,98.9453164556962
474,3338.241104940792,98.95822784810126,3308.8588322349,98.98639240506328,3331.2663738458887,98.97879746835443,3317.344045982325,98.96930379746836,3307.9638092933483,98.94430379746835,3320.7348332594506,98.96740506329112
475,3338.241104940792,98.9993670886076,3308.8588322349,98.9360759493671,3331.2663738458887,98.97911392405064,3317.344045982325,98.93069620253165,3307.9638092933483,98.97215189873418,3320.7348332594506,98.96348101265824
476,3338.241104940792,98.90253164556962,3308.8588322349,98.96930379746836,3331.2663738458887,98.97151898734177,3317.344045982325,98.90601265822785,3307.9638092933483,98.92056962025316,3320.7348332594506,98.93398734177215
477,3338.241104940792,98.96993670886076,3308.8588322349,98.87911392405063,3331.2663738458887,98.97278481012658,3317.344045982325,99.01550632911392,3307.9638092933483,98.97183544303797,3320.7348332594506,98.96183544303797
478,3338.241104940792,98.96613924050632,3308.8588322349,98.8867088607595,3331.2663738458887,98.98386075949367,3317.344045982325,98.99018987341772,3307.9638092933483,98.91803797468354,3320.7348332594506,98.94898734177215
479,3338.241104940792,98.96424050632912,3308.8588322349,98.93354430379746,3331.2663738458887,98.99525316455696,3317.344045982325,98.89683544303797,3307.9638092933483,98.9496835443038,3320.7348332594506,98.94791139240506
480,3338.241104940792,98.98417721518987,3308.8588322349,98.9626582278481,3331.2663738458887,98.94588607594936,3317.344045982325,98.99810126582278,3307.9638092933483,98.95284810126583,3320.7348332594506,98.96873417721518
481,3338.241104940792,98.98575949367088,3308.8588322349,98.93196202531645,3331.2663738458887,98.94746835443038,3317.344045982325,98.96962025316456,3307.9638092933483,99.03259493670886,3320.7348332594506,98.97348101265823
482,3338.241104940792,98.93987341772151,3308.8588322349,98.93512658227849,3331.2663738458887,98.95981012658228,3317.344045982325,98.99873417721518,3307.9638092933483,98.9123417721519,3320.7348332594506,98.94917721518986
483,3338.241104940792,98.98227848101266,3308.8588322349,98.94145569620254,3331.2663738458887,98.97626582278481,3317.344045982325,98.96835443037975,3307.9638092933483,99.01487341772152,3320.7348332594506,98.97664556962025
484,3338.241104940792,99.00126582278482,3308.8588322349,98.96424050632912,3331.2663738458887,98.97848101265822,3317.344045982325,98.96708860759493,3307.9638092933483,98.99050632911393,3320.7348332594506,98.98031645569621
485,3338.241104940792,98.9493670886076,3308.8588322349,98.95158227848101,3331.2663738458887,98.94082278481012,3317.344045982325,98.95537974683545,3307.9638092933483,98.96392405063291,3320.7348332594506,98.95221518987341
486,3338.241104940792,98.96803797468354,3308.8588322349,98.97151898734177,3331.2663738458887,99.01487341772152,3317.344045982325,98.98449367088608,3307.9638092933483,98.98164556962026,3320.7348332594506,98.98411392405063
487,3338.241104940792,98.98575949367088,3308.8588322349,98.99620253164557,3331.2663738458887,98.94715189873418,3317.344045982325,98.94873417721519,3307.9638092933483,98.99462025316456,3320.7348332594506,98.97449367088608
488,3338.241104940792,99.00253164556962,3308.8588322349,98.96962025316456,3331.2663738458887,98.90727848101265,3317.344045982325,98.99651898734177,3307.9638092933483,98.98417721518987,3320.7348332594506,98.97202531645571
489,3338.241104940792,98.99746835443038,3308.8588322349,98.92626582278481,3331.2663738458887,98.96582278481013,3317.344045982325,98.97215189873418,3307.9638092933483,98.93354430379746,3320.7348332594506,98.9590506329114
490,3338.241104940792,98.9753164556962,3308.8588322349,98.96455696202531,3331.2663738458887,98.9876582278481,3317.344045982325,98.99145569620254,3307.9638092933483,98.9613924050633,3320.7348332594506,98.97607594936709
491,3338.241104940792,98.99208860759494,3308.8588322349,98.98132911392405,3331.2663738458887,98.90537974683544,3317.344045982325,98.95411392405063,3307.9638092933483,98.94778481012658,3320.7348332594506,98.95613924050633
492,3338.241104940792,98.99651898734177,3308.8588322349,98.97056962025316,3331.2663738458887,98.98892405063292,3317.344045982325,98.97120253164557,3307.9638092933483,98.92816455696203,3320.7348332594506,98.97107594936709
493,3338.241104940792,98.9373417721519,3308.8588322349,98.97215189873418,3331.2663738458887,98.96170886075949,3317.344045982325,99.00443037974684,3307.9638092933483,98.99018987341772,3320.7348332594506,98.97316455696202
494,3338.241104940792,98.97753164556963,3308.8588322349,98.9003164556962,3331.2663738458887,98.9379746835443,3317.344045982325,98.91803797468354,3307.9638092933483,98.97025316455696,3320.7348332594506,98.94082278481014
495,3338.241104940792,98.94683544303797,3308.8588322349,98.91835443037975,3331.2663738458887,98.9506329113924,3317.344045982325,98.97341772151898,3307.9638092933483,98.94525316455696,3320.7348332594506,98.94689873417721
496,3338.241104940792,98.89367088607595,3308.8588322349,98.97120253164557,3331.2663738458887,98.99240506329114,3317.344045982325,98.99905063291139,3307.9638092933483,98.94556962025317,3320.7348332594506,98.96037974683546
497,3338.241104940792,98.95443037974684,3308.8588322349,98.96613924050632,3331.2663738458887,98.97373417721519,3317.344045982325,98.96487341772152,3307.9638092933483,98.98417721518987,3320.7348332594506,98.96867088607596
498,3338.241104940792,98.9636075949367,3308.8588322349,98.91455696202532,3331.2663738458887,98.96550632911392,3317.344045982325,98.90189873417721,3307.9638092933483,98.94050632911393,3320.7348332594506,98.93721518987341
499,3338.241104940792,98.90221518987342,3308.8588322349,98.96677215189874,3313.6013505531787,98.96012658227848,3317.344045982325,98.93259493670887,3307.9638092933483,98.96107594936709,3317.201828600909,98.9445569620253
500,3338.241104940792,98.96424050632912,3308.8588322349,98.97753164556963,3313.6013505531787,98.93924050632911,3317.344045982325,98.9,3307.9638092933483,98.99050632911393,3317.201828600909,98.95430379746836
